3.434945416142769048e+00 0.000000000000000000e+00 1.000000000000000000e+00 -0.000000000000000000e+00
3.434945416142769048e+00 1.000000000000000056e-01 4.593503422689880211e-01 -8.003145873826733592e-01
3.434945416142769048e+00 2.000000000000000111e-01 -3.677819955652474326e-01 -7.653629277943370113e-01
3.434945416142769048e+00 3.000000000000000444e-01 -7.641764111881762522e-01 -1.433690032308708173e-01
3.434945416142769048e+00 4.000000000000000222e-01 -5.287153753823700120e-01 4.679101111242403022e-01
3.434945416142769048e+00 5.000000000000000000e-01 2.291431450877141549e-02 6.357940215851332066e-01
3.434945416142769048e+00 6.000000000000000888e-01 4.436145178188347638e-01 3.589944797504887042e-01
3.434945416142769048e+00 7.000000000000000666e-01 5.066822527782920416e-01 -7.480660401836294882e-02
3.434945416142769048e+00 8.000000000000000444e-01 2.701157426338384737e-01 -3.759571386841714102e-01
3.434945416142769048e+00 9.000000000000000222e-01 -6.577670232249220594e-02 -4.192284254996595516e-01
3.434945416142769048e+00 1.000000000000000000e+00 -3.149644382874862147e-01 -2.416907052764845909e-01
3.434945416142769048e+00 1.100000000000000089e+00 -3.791102608080517133e-01 3.561637866038191297e-02
3.434945416142769048e+00 1.200000000000000178e+00 -2.516093130464241989e-01 2.781616564122138535e-01
3.434945416142769048e+00 1.300000000000000044e+00 2.355530217643953417e-03 3.788922927551640618e-01
3.434945416142769048e+00 1.400000000000000133e+00 2.672822515419778222e-01 2.851394205401348025e-01
3.434945416142769048e+00 1.500000000000000000e+00 4.081458510444446741e-01 2.491777770634861014e-02
3.434945416142769048e+00 1.600000000000000089e+00 3.269132138766244200e-01 -2.802520814149399575e-01
3.434945416142769048e+00 1.700000000000000178e+00 3.537339945885371872e-02 -4.514536729573161433e-01
3.434945416142769048e+00 1.800000000000000044e+00 -3.111952352919222231e-01 -3.553230594781798257e-01
3.434945416142769048e+00 1.900000000000000133e+00 -4.855437901446647553e-01 -2.088380003831255896e-02
3.434945416142769048e+00 2.000000000000000000e+00 -3.519581618336209416e-01 3.429258888433679986e-01
3.434945416142769048e+00 2.100000000000000089e+00 8.993228643342560460e-03 4.870694483410282216e-01
3.434945416142769048e+00 2.200000000000000178e+00 3.493417641645825689e-01 3.189971664244228289e-01
3.434945416142769048e+00 2.300000000000000266e+00 4.493710333379123956e-01 -2.777357731270469615e-02
3.434945416142769048e+00 2.400000000000000355e+00 2.784749746068135301e-01 -3.154638235158928050e-01
3.434945416142769048e+00 2.500000000000000000e+00 -1.655889643223618438e-02 -3.873671938803741610e-01
3.434945416142769048e+00 2.600000000000000089e+00 -2.507483195527491771e-01 -2.502654776969233108e-01
3.434945416142769048e+00 2.700000000000000178e+00 -3.228130653630087443e-01 -2.049441596065399579e-02
3.434945416142769048e+00 2.800000000000000266e+00 -2.393393567312961656e-01 1.770015589959365587e-01
3.434945416142769048e+00 2.900000000000000355e+00 -6.917935359155964747e-02 2.697616719414497877e-01
3.434945416142769048e+00 3.000000000000000000e+00 1.087501784663024162e-01 2.435390746971361764e-01
3.434945416142769048e+00 3.100000000000000089e+00 2.322392501510616158e-01 1.225520936565168695e-01
3.434945416142769048e+00 3.200000000000000178e+00 2.615866659968359431e-01 -4.775066569189748145e-02
3.434945416142769048e+00 3.300000000000000266e+00 1.814073233938171548e-01 -2.080993161204185982e-01
3.434945416142769048e+00 3.400000000000000355e+00 9.107177580628539326e-03 -2.918585342080561307e-01
3.434945416142769048e+00 3.500000000000000000e+00 -1.940356447663064976e-01 -2.444078855945044926e-01
3.434945416142769048e+00 3.600000000000000089e+00 -3.286727040097384145e-01 -5.951222354357327271e-02
3.434945416142769048e+00 3.700000000000000178e+00 -3.009237223076047241e-01 1.886338987989918670e-01
3.434945416142769048e+00 3.800000000000000266e+00 -9.421449829950512278e-02 3.605779322011282706e-01
3.434945416142769048e+00 3.900000000000000355e+00 1.881549467022005651e-01 3.348738458343058499e-01
3.434945416142769048e+00 4.000000000000000000e+00 3.720941679635019761e-01 1.089119486783765994e-01
3.434945416142769048e+00 4.100000000000000533e+00 3.377607458655007555e-01 -1.799956543477230220e-01
3.434945416142769048e+00 4.200000000000000178e+00 1.138626836018535454e-01 -3.515845985692876985e-01
3.434945416142769048e+00 4.299999999999999822e+00 -1.496470602077289991e-01 -3.160194636870617968e-01
3.434945416142769048e+00 4.400000000000000355e+00 -3.008243937806558965e-01 -1.238509720620654397e-01
3.434945416142769048e+00 4.500000000000000000e+00 -2.834728549032968226e-01 9.606559079822671321e-02
3.434945416142769048e+00 4.600000000000000533e+00 -1.430796892770616890e-01 2.341103044119607901e-01
3.434945416142769048e+00 4.700000000000000178e+00 3.180418149877214939e-02 2.508206008161312228e-01
3.434945416142769048e+00 4.800000000000000711e+00 1.667607982625972096e-01 1.674732482327622729e-01
3.434945416142769048e+00 4.900000000000000355e+00 2.235773674664286725e-01 3.219664243327909070e-02
3.434945416142769048e+00 5.000000000000000000e+00 1.952516178193951513e-01 -1.054090555436243276e-01
3.434945416142769048e+00 5.100000000000000533e+00 9.504418564998376451e-02 -2.032372808495419847e-01
3.434945416142769048e+00 5.200000000000000178e+00 -4.805746126084012304e-02 -2.279475457719122578e-01
3.434945416142769048e+00 5.300000000000000711e+00 -1.880301633077708923e-01 -1.600357157600704183e-01
3.434945416142769048e+00 5.400000000000000355e+00 -2.648346923736724645e-01 -8.019919671327509561e-03
3.434945416142769048e+00 5.500000000000000000e+00 -2.246152119860156948e-01 1.758013450679075940e-01
3.434945416142769048e+00 5.600000000000000533e+00 -5.842975802383294087e-02 2.997640962918503016e-01
3.434945416142769048e+00 5.700000000000000178e+00 1.659398849008672239e-01 2.770238287943408984e-01
3.434945416142769048e+00 5.800000000000000711e+00 3.219110272087279956e-01 9.422793598551039429e-02
3.434945416142769048e+00 5.900000000000000355e+00 3.040938242736754282e-01 -1.545744020998242874e-01
3.434945416142769048e+00 6.000000000000000000e+00 1.141515080823304051e-01 -3.193412792199800121e-01
3.434945416142769048e+00 6.100000000000000533e+00 -1.311645086172589236e-01 -3.023537723119915088e-01
3.434945416142769048e+00 6.200000000000000178e+00 -2.862914514306574287e-01 -1.278731599710037636e-01
3.434945416142769048e+00 6.300000000000000711e+00 -2.794870028211035029e-01 8.804435846457672743e-02
3.434945416142769048e+00 6.400000000000000355e+00 -1.438525339749438525e-01 2.290436158762137742e-01
3.434945416142769048e+00 6.500000000000000000e+00 3.048492892937240337e-02 2.464767698002412466e-01
3.434945416142769048e+00 6.600000000000000533e+00 1.618935003101706072e-01 1.619670796907171917e-01
3.434945416142769048e+00 6.700000000000000178e+00 2.117872039871423473e-01 2.990327344185198660e-02
3.434945416142769048e+00 6.800000000000000711e+00 1.800761774237513990e-01 -9.620941320015809206e-02
3.434945416142769048e+00 6.900000000000000355e+00 8.805185068529473857e-02 -1.798469624546372714e-01
3.434945416142769048e+00 7.000000000000000000e+00 -3.404614274302668331e-02 -1.993251732838612622e-01
3.434945416142769048e+00 7.100000000000000533e+00 -1.505135838607985499e-01 -1.462272637985736479e-01
3.434945416142769048e+00 7.200000000000000178e+00 -2.207597615397400015e-01 -2.835380355007675185e-02
3.434945416142769048e+00 7.300000000000000711e+00 -2.060584384557394011e-01 1.215325523105938443e-01
3.434945416142769048e+00 7.400000000000000355e+00 -9.034533697257013385e-02 2.418734087094032703e-01
3.434945416142769048e+00 7.500000000000000000e+00 9.336171401317380769e-02 2.611675608369376511e-01
3.434945416142769048e+00 7.600000000000000533e+00 2.571871440031241463e-01 1.431639228376256623e-01
3.434945416142769048e+00 7.700000000000000178e+00 2.990743927846602479e-01 -6.897432923388560622e-02
3.434945416142769048e+00 7.800000000000000711e+00 1.768725900347578317e-01 -2.586375881215793315e-01
3.434945416142769048e+00 7.900000000000000355e+00 -4.599987986103390436e-02 -3.092233728786735192e-01
3.434945416142769048e+00 8.000000000000000000e+00 -2.371298889830066037e-01 -1.915087668766171924e-01
3.434945416142769048e+00 8.099999999999999645e+00 -2.903906050750666989e-01 1.569748935314797464e-02
3.434945416142769048e+00 8.200000000000001066e+00 -1.952719741187337599e-01 1.899308034038570958e-01
3.434945416142769048e+00 8.300000000000000711e+00 -2.551399685245257440e-02 2.505484744783509354e-01
3.434945416142769048e+00 8.400000000000000355e+00 1.258679080812226680e-01 1.942961414076699034e-01
3.434945416142769048e+00 8.500000000000000000e+00 2.012174678847977738e-01 7.132089014020963347e-02
3.434945416142769048e+00 8.599999999999999645e+00 1.906633184225070277e-01 -5.825039600207460727e-02
3.434945416142769048e+00 8.700000000000001066e+00 1.151699341308996399e-01 -1.512942179336548565e-01
3.434945416142769048e+00 8.800000000000000711e+00 6.394872022283126962e-03 -1.862162152975834206e-01
3.434945416142769048e+00 8.900000000000000355e+00 -1.032935981296042999e-01 -1.571381716914173887e-01
3.434945416142769048e+00 9.000000000000000000e+00 -1.821208062168215847e-01 -7.004007498901937412e-02
3.434945416142769048e+00 9.099999999999999645e+00 -1.996616768656867547e-01 5.468778102227184190e-02
3.434945416142769048e+00 9.200000000000001066e+00 -1.351076639122655298e-01 1.770567350794683970e-01
3.434945416142769048e+00 9.300000000000000711e+00 4.796848003426944750e-03 2.406664755329469274e-01
3.434945416142769048e+00 9.400000000000000355e+00 1.693488480097306570e-01 1.960290519167738610e-01
3.434945416142769048e+00 9.500000000000000000e+00 2.725450208359826432e-01 4.022633142804268869e-02
3.434945416142769048e+00 9.600000000000001421e+00 2.406684842789249268e-01 -1.579241973981715119e-01
3.434945416142769048e+00 9.700000000000001066e+00 7.356912936566682715e-02 -2.850940435899925185e-01
3.434945416142769048e+00 9.800000000000000711e+00 -1.381736348554041260e-01 -2.598912483773054283e-01
3.434945416142769048e+00 9.900000000000000355e+00 -2.705758427047416648e-01 -9.706111205986765744e-02
3.434945416142769048e+00 1.000000000000000000e+01 -2.546976632380907879e-01 1.027395732827938862e-01
3.434945416142769048e+00 1.010000000000000142e+01 -1.178298317755757108e-01 2.290354590568000337e-01
3.434945416142769048e+00 1.020000000000000107e+01 5.137216680728193957e-02 2.327102751052990692e-01
3.434945416142769048e+00 1.030000000000000071e+01 1.700997235840175648e-01 1.382066613840764735e-01
3.434945416142769048e+00 1.040000000000000036e+01 2.020503617469798230e-01 6.530646141070390806e-03
3.434945416142769048e+00 1.050000000000000000e+01 1.558617841912666446e-01 -1.064916407090735345e-01
3.434945416142769048e+00 1.060000000000000142e+01 6.225427104401182882e-02 -1.689101035242015214e-01
3.434945416142769048e+00 1.070000000000000107e+01 -4.488270782035944789e-02 -1.705830365995064657e-01
3.434945416142769048e+00 1.080000000000000071e+01 -1.357629245564362930e-01 -1.151353521293811827e-01
3.434945416142769048e+00 1.090000000000000036e+01 -1.840525431005734236e-01 -1.611448211273887668e-02
3.434945416142769048e+00 1.100000000000000000e+01 -1.680389238230356463e-01 1.010503929618819935e-01
3.434945416142769048e+00 1.110000000000000142e+01 -7.901364431058795212e-02 1.957770519205114246e-01
3.434945416142769048e+00 1.120000000000000107e+01 6.367056511406649078e-02 2.193373421883429708e-01
3.434945416142769048e+00 1.130000000000000071e+01 2.029180645816626161e-01 1.391793026548997225e-01
3.434945416142769048e+00 1.140000000000000036e+01 2.604863690656843422e-01 -2.752131503433766571e-02
3.434945416142769048e+00 1.150000000000000000e+01 1.853731440494254812e-01 -2.017470531855459770e-01
3.434945416142769048e+00 1.160000000000000142e+01 2.929084803205991936e-03 -2.804931663320019974e-01
3.434945416142769048e+00 1.170000000000000107e+01 -1.863836427728346457e-01 -2.098354909207225671e-01
3.434945416142769048e+00 1.180000000000000071e+01 -2.725810270480708564e-01 -3.042630454151940000e-02
3.434945416142769048e+00 1.190000000000000036e+01 -2.145695313719211406e-01 1.507575403689014326e-01
3.434945416142769048e+00 1.200000000000000000e+01 -6.094404539120466813e-02 2.383480245986950297e-01
3.434945416142769048e+00 1.210000000000000142e+01 9.661090317688267315e-02 2.062401002151105500e-01
3.434945416142769048e+00 1.220000000000000107e+01 1.871576066626376988e-01 9.409468965425379916e-02
3.434945416142769048e+00 1.230000000000000071e+01 1.901451949210569425e-01 -3.460723913202695678e-02
3.434945416142769048e+00 1.240000000000000036e+01 1.247779954552788312e-01 -1.304482939299409505e-01
3.434945416142769048e+00 1.250000000000000000e+01 2.567073302054732192e-02 -1.702498803221118573e-01
3.434945416142769048e+00 1.260000000000000142e+01 -7.446987958242186345e-02 -1.514597268763103743e-01
3.434945416142769048e+00 1.270000000000000107e+01 -1.488471156330290202e-01 -8.294753922289731241e-02
3.434945416142769048e+00 1.280000000000000071e+01 -1.760231195160573137e-01 1.830772583940261378e-02
3.434945416142769048e+00 1.290000000000000036e+01 -1.402597303516197325e-01 1.250757561634963932e-01
3.434945416142769048e+00 1.300000000000000000e+01 -4.039204069490442278e-02 1.984330594643759771e-01
3.434945416142769048e+00 1.310000000000000142e+01 9.762217475227701058e-02 1.962686296523004081e-01
3.434945416142769048e+00 1.320000000000000107e+01 2.151743818794109586e-01 9.765229143110425170e-02
3.434945416142769048e+00 1.330000000000000071e+01 2.421115417976594519e-01 -6.882280977055282856e-02
3.434945416142769048e+00 1.340000000000000036e+01 1.431941938361030731e-01 -2.209657198098893549e-01
3.434945416142769048e+00 1.350000000000000000e+01 -4.141488892448202952e-02 -2.665242582870528953e-01
3.434945416142769048e+00 1.360000000000000142e+01 -2.093053234765046011e-01 -1.703644019941505661e-01
3.434945416142769048e+00 1.370000000000000107e+01 -2.634341183282945531e-01 1.231214692379010642e-02
3.434945416142769048e+00 1.380000000000000071e+01 -1.816483822711120188e-01 1.749750858446116886e-01
3.434945416142769048e+00 1.390000000000000036e+01 -2.343745023852655124e-02 2.354386684312445854e-01
3.434945416142769048e+00 1.400000000000000000e+01 1.209653321557025291e-01 1.825229267738162353e-01
3.434945416142769048e+00 1.410000000000000142e+01 1.911456995283105087e-01 6.384742836848672498e-02
3.434945416142769048e+00 1.420000000000000107e+01 1.764881583879249760e-01 -5.858795069729651195e-02
3.434945416142769048e+00 1.430000000000000071e+01 1.018422106236533259e-01 -1.407264020950126926e-01
3.434945416142769048e+00 1.440000000000000036e+01 2.773683113071248423e-03 -1.658186728880431948e-01
3.434945416142769048e+00 1.450000000000000000e+01 -9.004413668836222517e-02 -1.355106455357951156e-01
3.434945416142769048e+00 1.460000000000000142e+01 -1.525574414559257297e-01 -6.122210923863223575e-02
3.434945416142769048e+00 1.470000000000000107e+01 -1.664770132437106975e-01 3.847792805539266420e-02
3.434945416142769048e+00 1.480000000000000071e+01 -1.200028883695651721e-01 1.363616866500014513e-01
3.434945416142769048e+00 1.490000000000000036e+01 -1.611061912764031809e-02 1.951488532161538836e-01
3.434945416142769048e+00 1.500000000000000000e+01 1.156789061381165995e-01 1.777892323739860281e-01
3.434945416142769048e+00 1.510000000000000142e+01 2.176175912866786522e-01 7.044679060805139614e-02
3.434945416142769048e+00 1.520000000000000107e+01 2.254950877596780534e-01 -9.211589577947376650e-02
3.434945416142769048e+00 1.530000000000000071e+01 1.146477899057138511e-01 -2.275495722798313858e-01
3.434945416142769048e+00 1.540000000000000036e+01 -6.706623275245907068e-02 -2.521419376333068341e-01
3.434945416142769048e+00 1.550000000000000000e+01 -2.183124165257389615e-01 -1.429962138836494701e-01
3.434945416142769048e+00 1.560000000000000142e+01 -2.521854720809347805e-01 3.745625961306026791e-02
3.434945416142769048e+00 1.570000000000000107e+01 -1.582013085530184493e-01 1.853516133386146625e-01
3.434945416142769048e+00 1.580000000000000071e+01 -1.145225548959213956e-03 2.286009305522277990e-01
3.434945416142769048e+00 1.590000000000000036e+01 1.325569698499841631e-01 1.648783620723867638e-01
3.434945416142769048e+00 1.600000000000000000e+01 1.893477932547789899e-01 4.504105148184496532e-02
3.434945416142769048e+00 1.610000000000000142e+01 1.651260463474279183e-01 -7.084378756760374707e-02
3.434945416142769048e+00 1.619999999999999929e+01 8.700538039300016735e-02 -1.437310433776473884e-01
3.434945416142769048e+00 1.630000000000000071e+01 -1.020215378343493177e-02 -1.601479726046828589e-01
3.434945416142769048e+00 1.640000000000000213e+01 -9.707577087234479929e-02 -1.241226614809773920e-01
3.434945416142769048e+00 1.650000000000000000e+01 -1.520055472467161106e-01 -4.824724976699468898e-02
3.434945416142769048e+00 1.660000000000000142e+01 -1.585678837778070893e-01 4.899618178997703494e-02
3.434945416142769048e+00 1.669999999999999929e+01 -1.069961267192825610e-01 1.404315205432741798e-01
3.434945416142769048e+00 1.680000000000000071e+01 -2.659323769326890283e-03 1.904378841551936097e-01
3.434945416142769048e+00 1.690000000000000213e+01 1.238674148192716040e-01 1.651290677899445170e-01
3.434945416142769048e+00 1.700000000000000000e+01 2.158286145787386423e-01 5.460476276627106856e-02
3.434945416142769048e+00 1.710000000000000142e+01 2.132806278452314130e-01 -1.034249599291249128e-01
3.434945416142769048e+00 1.719999999999999929e+01 9.758186496900787821e-02 -2.278152998419546993e-01
3.434945416142769048e+00 1.730000000000000071e+01 -7.972233726270457066e-02 -2.407704122315096895e-01
3.434945416142769048e+00 1.740000000000000213e+01 -2.197175389876517004e-01 -1.265552416623564325e-01
3.434945416142769048e+00 1.750000000000000000e+01 -2.424582042753823108e-01 4.988101046754145340e-02
3.434945416142769048e+00 1.760000000000000142e+01 -1.436018138207914574e-01 1.877438153373264529e-01
3.434945416142769048e+00 1.769999999999999929e+01 1.003551060256636061e-02 2.213587875372612090e-01
3.434945416142769048e+00 1.780000000000000071e+01 1.357660919189947746e-01 1.536897814246185323e-01
3.434945416142769048e+00 1.790000000000000213e+01 1.852759330690356698e-01 3.564627347127376916e-02
3.434945416142769048e+00 1.800000000000000000e+01 1.570613933187939570e-01 -7.523621302575471403e-02
3.434945416142769048e+00 1.810000000000000142e+01 7.890569338137191913e-02 -1.425642617459210448e-01
3.434945416142769048e+00 1.819999999999999929e+01 -1.538255444326155560e-02 -1.551568029418932404e-01
3.434945416142769048e+00 1.830000000000000071e+01 -9.833448518157301976e-02 -1.177300006243314351e-01
3.434945416142769048e+00 1.840000000000000213e+01 -1.495114702913351024e-01 -4.242730992001821078e-02
3.434945416142769048e+00 1.850000000000000000e+01 -1.531735910662695710e-01 5.238776381368073776e-02
3.434945416142769048e+00 1.860000000000000142e+01 -1.006365873021568408e-01 1.400250662276592006e-01
3.434945416142769048e+00 1.869999999999999929e+01 2.168683819191160895e-03 1.861922458741938347e-01
3.434945416142769048e+00 1.880000000000000071e+01 1.250474177963904476e-01 1.583518885399191334e-01
3.434945416142769048e+00 1.890000000000000213e+01 2.121605222752322162e-01 4.815366993326285205e-02
3.434945416142769048e+00 1.900000000000000000e+01 2.059517901536623563e-01 -1.058883881040238034e-01
3.434945416142769048e+00 1.910000000000000142e+01 9.030663588124375474e-02 -2.244567212485844565e-01
3.434945416142769048e+00 1.920000000000000284e+01 -8.260168239651087541e-02 -2.331120132552468860e-01
3.434945416142769048e+00 1.930000000000000071e+01 -2.163439941379718956e-01 -1.192683273663689841e-01
3.434945416142769048e+00 1.940000000000000213e+01 -2.352612326027767597e-01 5.235306083011562889e-02
3.434945416142769048e+00 1.950000000000000000e+01 -1.371754768900454169e-01 1.845530537208744382e-01
3.434945416142769048e+00 1.960000000000000142e+01 1.242223452378384690e-02 2.149735494400495384e-01
3.434945416142769048e+00 1.970000000000000284e+01 1.332449355742506558e-01 1.480059526109875900e-01
3.434945416142769048e+00 1.980000000000000071e+01 1.801182817600228692e-01 3.359317523991341842e-02
3.434945416142769048e+00 1.990000000000000213e+01 1.524751273733789547e-01 -7.355508386461905024e-02
3.434945416142769048e+00 2.000000000000000000e+01 7.694234234199665012e-02 -1.387132394159036608e-01
3.434945416142769048e+00 2.010000000000000142e+01 -1.469917029929910385e-02 -1.511500686418333350e-01
3.434945416142769048e+00 2.020000000000000284e+01 -9.555630758721687934e-02 -1.150206039942282682e-01
3.434945416142769048e+00 2.030000000000000071e+01 -1.458102240262327820e-01 -4.234114255013556732e-02
3.434945416142769048e+00 2.040000000000000213e+01 -1.503425149420009876e-01 4.997974301461804297e-02
3.434945416142769048e+00 2.050000000000000000e+01 -9.996885511091083143e-02 1.363251781301928478e-01
3.434945416142769048e+00 2.060000000000000142e+01 4.870073585345698389e-04 1.826847655177719632e-01
3.434945416142769048e+00 2.070000000000000284e+01 1.213488692496498128e-01 1.563394105059826011e-01
3.434945416142769048e+00 2.080000000000000071e+01 2.076720272108321941e-01 4.924833308975968410e-02
3.434945416142769048e+00 2.090000000000000213e+01 2.029053806438523289e-01 -1.014017762158657132e-01
3.434945416142769048e+00 2.100000000000000000e+01 9.119425448734674866e-02 -2.187121776509177717e-01
3.434945416142769048e+00 2.110000000000000142e+01 -7.761088573077649932e-02 -2.293493262330739135e-01
3.434945416142769048e+00 2.120000000000000284e+01 -2.096767583847250205e-01 -1.195662566863882753e-01
3.434945416142769048e+00 2.130000000000000071e+01 -2.304444604171408950e-01 4.734249472396477587e-02
3.434945416142769048e+00 2.140000000000000213e+01 -1.369473611387516665e-01 1.772570579888428366e-01
3.434945416142769048e+00 2.150000000000000000e+01 7.518094444702127892e-03 2.096368584408172531e-01
3.434945416142769048e+00 2.160000000000000142e+01 1.259323776969454856e-01 1.471701298857841789e-01
3.434945416142769048e+00 2.170000000000000284e+01 1.743725329201992746e-01 3.741849419849550135e-02
3.434945416142769048e+00 2.180000000000000071e+01 1.506929734309186142e-01 -6.686075762067146544e-02
3.434945416142769048e+00 2.190000000000000213e+01 7.928213044174117763e-02 -1.328045397215917023e-01
3.434945416142769048e+00 2.200000000000000000e+01 -9.128857984669593029e-03 -1.480741870769296809e-01
3.434945416142769048e+00 2.210000000000000142e+01 -8.945291783768653804e-02 -1.157717397110762103e-01
3.434945416142769048e+00 2.220000000000000284e+01 -1.412604768375962383e-01 -4.680123364605440206e-02
3.434945416142769048e+00 2.230000000000000071e+01 -1.492926930945669695e-01 4.348591628283623306e-02
3.434945416142769048e+00 2.240000000000000213e+01 -1.035916406630828512e-01 1.299795618399688935e-01
3.434945416142769048e+00 2.250000000000000000e+01 -6.562553685754803252e-03 1.795423459006466327e-01
3.434945416142769048e+00 2.260000000000000142e+01 1.131239041844155635e-01 1.587470919685592396e-01
3.434945416142769048e+00 2.270000000000000284e+01 2.021302928612233318e-01 5.642142016458021048e-02
3.434945416142769048e+00 2.280000000000000071e+01 2.032710236416695182e-01 -9.185484514476341400e-02
3.434945416142769048e+00 2.290000000000000213e+01 9.766560837410923068e-02 -2.109034912764468639e-01
3.434945416142769048e+00 2.300000000000000000e+01 -6.700944087082358336e-02 -2.274466063287037265e-01
3.434945416142769048e+00 2.310000000000000142e+01 -1.999660184962913090e-01 -1.255392899827720288e-01
3.434945416142769048e+00 2.320000000000000284e+01 -2.269898997787281048e-01 3.610591857406485194e-02
3.434945416142769048e+00 2.330000000000000071e+01 -1.416461528110879997e-01 1.667356566861118161e-01
3.434945416142769048e+00 2.340000000000000213e+01 -2.667439988123305582e-03 2.046386006963755722e-01
3.434945416142769048e+00 2.350000000000000000e+01 1.157744759616878283e-01 1.493332759213336636e-01
3.434945416142769048e+00 2.360000000000000142e+01 1.678727392487656955e-01 4.524161316158428758e-02
3.434945416142769048e+00 2.370000000000000284e+01 1.500479258329860399e-01 -5.751065661444280941e-02
3.434945416142769048e+00 2.380000000000000071e+01 8.478367749641776974e-02 -1.248786606583358605e-01
3.434945416142769048e+00 2.390000000000000213e+01 -3.491085217982068485e-04 -1.450118792268775270e-01
3.434945416142769048e+00 2.400000000000000000e+01 -8.027965599576099287e-02 -1.189639945111192060e-01
3.434945416142769048e+00 2.410000000000000142e+01 -1.357373889559357061e-01 -5.455084413378977898e-02
3.434945416142769048e+00 2.420000000000000284e+01 -1.494832457849080143e-01 3.354358921297795337e-02
3.434945416142769048e+00 2.430000000000000071e+01 -1.095649807001316395e-01 1.218190088887873002e-01
3.434945416142769048e+00 2.440000000000000213e+01 -1.698885157022762479e-02 1.762521673900273034e-01
3.434945416142769048e+00 2.450000000000000000e+01 1.020408382261432795e-01 1.628026682860973240e-01
3.434945416142769048e+00 2.460000000000000142e+01 1.952938448313091269e-01 6.750210399826049590e-02
3.434945416142769048e+00 2.470000000000000284e+01 2.053671867610265822e-01 -7.791132134286288258e-02
3.434945416142769048e+00 2.480000000000000071e+01 1.087570760175508300e-01 -2.011060326733087600e-01
3.434945416142769048e+00 2.490000000000000213e+01 -5.175612574290681944e-02 -2.270486701897753978e-01
3.434945416142769048e+00 2.500000000000000000e+01 -1.882777375589734237e-01 -1.350600671620975635e-01
3.434945416142769048e+00 2.510000000000000142e+01 -2.237142163457303823e-01 2.159020533729773955e-02
3.434945416142769048e+00 2.520000000000000284e+01 -1.485657196693608018e-01 1.538586684612031907e-01
3.434945416142769048e+00 2.530000000000000071e+01 -1.538961110024775203e-02 1.988625788800311434e-01
3.434945416142769048e+00 2.540000000000000213e+01 1.024108387208896576e-01 1.530993117329081665e-01
3.434945416142769048e+00 2.550000000000000000e+01 1.601618093713845226e-01 5.560029830260511396e-02
3.434945416142769048e+00 2.560000000000000142e+01 1.502159646788402969e-01 -4.486138668615805708e-02
3.434945416142769048e+00 2.570000000000000284e+01 9.211609256057397277e-02 -1.154229828769532257e-01
3.434945416142769048e+00 2.580000000000000071e+01 1.063089604304360072e-02 -1.416620204491617352e-01
3.434945416142769048e+00 2.590000000000000213e+01 -6.936916394904212024e-02 -1.225823324101363854e-01
3.434945416142769048e+00 2.600000000000000000e+01 -1.290516321405130729e-01 -6.381699201907131691e-02
3.434945416142769048e+00 2.610000000000000142e+01 -1.492440072073262514e-01 2.157467097876222123e-02
3.434945416142769048e+00 2.620000000000000284e+01 -1.172019923937686614e-01 1.113405633318383242e-01
3.434945416142769048e+00 2.630000000000000071e+01 -3.015656520340769670e-02 1.722337325152153709e-01
3.434945416142769048e+00 2.640000000000000213e+01 8.779962139628699758e-02 1.678835747799231892e-01
3.434945416142769048e+00 2.650000000000000000e+01 1.871474753652130341e-01 8.147298690385230968e-02
3.434945416142769048e+00 2.660000000000000142e+01 2.073891276294875796e-01 -6.132508896466051102e-02
3.434945416142769048e+00 2.670000000000000284e+01 1.221054463603474249e-01 -1.890630491677152691e-01
3.434945416142769048e+00 2.680000000000000071e+01 -3.391845805731297236e-02 -2.265519193198801129e-01
3.434945416142769048e+00 2.690000000000000213e+01 -1.738162412251112454e-01 -1.462721048983975924e-01
3.434945416142769048e+00 2.700000000000000000e+01 -2.203952417826126331e-01 3.578257288858964578e-03
3.434945416142769048e+00 2.710000000000000142e+01 -1.568308420454649355e-01 1.385325453622721914e-01
3.434945416142769048e+00 2.720000000000000284e+01 -3.120118368856887939e-02 1.924576637938358592e-01
3.434945416142769048e+00 2.730000000000000071e+01 8.696202915441396397e-02 1.576321900913056628e-01
3.434945416142769048e+00 2.740000000000000213e+01 1.510875831405923408e-01 6.770400490882755307e-02
3.434945416142769048e+00 2.750000000000000000e+01 1.501732667966169665e-01 -3.039040029501854576e-02
3.434945416142769048e+00 2.760000000000000142e+01 1.000820895552623213e-01 -1.041646047178529516e-01
3.434945416142769048e+00 2.770000000000000284e+01 2.343668272363970059e-02 -1.373598676967994481e-01
3.434945416142769048e+00 2.780000000000000071e+01 -5.624580935050371711e-02 -1.264856663307228901e-01
3.434945416142769048e+00 2.790000000000000213e+01 -1.202905725847681490e-01 -7.525704826659111724e-02
3.434945416142769048e+00 2.800000000000000000e+01 -1.488724681959088525e-01 6.922105234880732497e-03
3.434945416142769048e+00 2.810000000000000142e+01 -1.259561123159266272e-01 9.824629208822559245e-02
3.434945416142769048e+00 2.820000000000000284e+01 -4.636225149769535037e-02 1.668650244502374591e-01
3.434945416142769048e+00 2.830000000000000071e+01 7.125227726351833490e-02 1.734541272399099388e-01
3.434945416142769048e+00 2.840000000000000213e+01 1.765155371631526582e-01 9.723087480197563359e-02
3.434945416142769048e+00 2.850000000000000000e+01 2.096373511648063626e-01 -4.109415951849975518e-02
3.434945416142769048e+00 2.860000000000000142e+01 1.367696679453546948e-01 -1.745310308198314841e-01
3.434945416142769048e+00 2.870000000000000284e+01 -1.192498444158438670e-02 -2.246828085318108847e-01
3.434945416142769048e+00 2.880000000000000071e+01 -1.558946935506922427e-01 -1.596980019584855193e-01
3.434945416142769048e+00 2.890000000000000213e+01 -2.153341251089578856e-01 -1.761963717858838763e-02
3.434945416142769048e+00 2.900000000000000000e+01 -1.667300947474684159e-01 1.188167973071158484e-01
3.434945416142769048e+00 2.910000000000000142e+01 -5.037364362185187128e-02 1.842484936060213851e-01
3.434945416142769048e+00 2.920000000000000284e+01 6.851573426928987687e-02 1.623013948938108741e-01
3.434945416142769048e+00 2.930000000000000071e+01 1.397343916265860186e-01 8.176671196883059101e-02
3.434945416142769048e+00 2.940000000000000213e+01 1.495538596974722578e-01 -1.367520895373362105e-02
3.434945416142769048e+00 2.950000000000000000e+01 1.085942794133456374e-01 -9.097251167447759079e-02
3.434945416142769048e+00 2.960000000000000142e+01 3.772464393645338226e-02 -1.313930628492082642e-01
3.434945416142769048e+00 2.970000000000000284e+01 -4.124110208964246183e-02 -1.298260817139432755e-01
3.434945416142769048e+00 2.980000000000000071e+01 -1.095473937272001264e-01 -8.706500800677963170e-02
3.434945416142769048e+00 2.990000000000000213e+01 -1.467136706436345805e-01 -1.009216011454816195e-02
3.434945416142769048e+00 3.000000000000000000e+01 -1.349124108058927518e-01 8.222956762927896568e-02
3.434945416142769048e+00 3.010000000000000142e+01 -6.492367542201715747e-02 1.589057329176400413e-01
3.434945416142769048e+00 3.020000000000000284e+01 5.012609159441400175e-02 1.788691124593852766e-01
3.434945416142769048e+00 3.030000000000000071e+01 1.628471304433819766e-01 1.154418116993778942e-01
3.434945416142769048e+00 3.040000000000000213e+01 2.108100417506688640e-01 -1.701614990516124234e-02
3.434945416142769048e+00 3.050000000000000000e+01 1.532846993383188416e-01 -1.565971520809415207e-01
3.434945416142769048e+00 3.060000000000000142e+01 1.177042990131987009e-02 -2.214481275481942624e-01
3.434945416142769048e+00 3.070000000000000284e+01 -1.352824829005119245e-01 -1.724324591617772129e-01
3.434945416142769048e+00 3.080000000000000071e+01 -2.082251191736931850e-01 -4.035782047123413763e-02
3.434945416142769048e+00 3.090000000000000213e+01 -1.750729482706390727e-01 9.779933113555114299e-02
3.434945416142769048e+00 3.100000000000000000e+01 -6.917909734272817412e-02 1.729165757293110728e-01
3.434945416142769048e+00 3.110000000000000142e+01 4.702852093939237366e-02 1.654746663169094356e-01
3.434945416142769048e+00 3.120000000000000284e+01 1.255855527116050696e-01 9.657894074326497935e-02
3.434945416142769048e+00 3.130000000000000071e+01 1.468059746519195796e-01 5.089150832527706246e-03
3.434945416142769048e+00 3.140000000000000213e+01 1.172216583391965522e-01 -7.420483009875607217e-02
3.434945416142769048e+00 3.150000000000000000e+01 5.428314217645358736e-02 -1.232707467519358474e-01
3.434945416142769048e+00 3.160000000000000142e+01 -2.357789576056101843e-02 -1.326096699904577014e-01
3.434945416142769048e+00 3.170000000000000284e+01 -9.617930197470382636e-02 -9.911948886903135247e-02
3.434945416142769048e+00 3.180000000000000071e+01 -1.429886411254694678e-01 -2.880825617156126256e-02
3.434945416142769048e+00 3.190000000000000213e+01 -1.434158724004315211e-01 6.389793325786469191e-02
3.434945416142769048e+00 3.200000000000000000e+01 -8.290360200948626579e-02 1.486135802156622610e-01
3.434945416142769048e+00 3.210000000000000142e+01 2.768039218303082472e-02 1.819064437309414195e-01
3.434945416142769048e+00 3.220000000000000284e+01 1.456914292230042651e-01 1.332406296367583398e-01
3.434945416142769048e+00 3.230000000000000426e+01 2.088778832910263561e-01 9.002374915280508122e-03
3.434945416142769048e+00 3.239999999999999858e+01 1.692379629557292098e-01 -1.343806384508865193e-01
3.434945416142769048e+00 3.250000000000000000e+01 3.942288964123872447e-02 -2.146696280551767255e-01
3.434945416142769048e+00 3.260000000000000142e+01 -1.094261359848051479e-01 -1.855085171659996979e-01
3.434945416142769048e+00 3.270000000000000284e+01 -1.973062862644985593e-01 -6.683084934057498261e-02
3.434945416142769048e+00 3.280000000000000426e+01 -1.832647355345369544e-01 7.165930347881768747e-02
3.434945416142769048e+00 3.289999999999999858e+01 -9.043876793566932304e-02 1.587846168817313719e-01
3.434945416142769048e+00 3.300000000000000000e+01 2.289919941104371845e-02 1.667313744355935212e-01
3.434945416142769048e+00 3.310000000000000142e+01 1.086066607572856169e-01 1.110262848327043111e-01
3.434945416142769048e+00 3.320000000000000284e+01 1.421319854759564016e-01 2.538360850398568846e-02
3.434945416142769048e+00 3.330000000000000426e+01 1.241267784847723821e-01 -5.645008041958377021e-02
3.434945416142769048e+00 3.339999999999999858e+01 6.988433058160187228e-02 -1.124308145531001252e-01
3.434945416142769048e+00 3.350000000000000000e+01 -4.168491398479652783e-03 -1.325999084502028358e-01
3.434945416142769048e+00 3.360000000000000142e+01 -8.022507241449414184e-02 -1.109584851707898084e-01
3.434945416142769048e+00 3.370000000000000284e+01 -1.361633612118970382e-01 -4.811145370307642194e-02
3.434945416142769048e+00 3.380000000000000426e+01 -1.494427028079264308e-01 4.225920770709790802e-02
3.434945416142769048e+00 3.389999999999999858e+01 -1.032063617272039324e-01 1.333270252284485535e-01
3.434945416142769048e+00 3.400000000000000000e+01 4.038595296045032748e-04 1.829766727322537923e-01
3.434945416142769048e+00 3.410000000000000142e+01 1.241662352537089287e-01 1.516006430844923925e-01
3.434945416142769048e+00 3.420000000000000284e+01 2.029231549157153869e-01 3.851806589364710487e-02
3.434945416142769048e+00 3.430000000000000426e+01 1.850361957219049114e-01 -1.063601434661257394e-01
3.434945416142769048e+00 3.439999999999999858e+01 7.014527864990362238e-02 -2.041208182644285163e-01
3.434945416142769048e+00 3.450000000000000000e+01 -8.099705231776645198e-02 -1.966382785156071955e-01
3.434945416142769048e+00 3.460000000000000142e+01 -1.824026276268776170e-01 -9.253374730600198717e-02
3.434945416142769048e+00 3.470000000000000284e+01 -1.879283205225234232e-01 4.295932642012114527e-02
3.434945416142769048e+00 3.480000000000000426e+01 -1.113696853359629479e-01 1.403721995907696307e-01
3.434945416142769048e+00 3.489999999999999858e+01 -1.853999576351660029e-03 1.651439391182247252e-01
3.434945416142769048e+00 3.500000000000000000e+01 8.895371988270521502e-02 1.231334764534292858e-01
3.434945416142769048e+00 3.510000000000000142e+01 1.334903204428453671e-01 4.591147359732596772e-02
3.434945416142769048e+00 3.520000000000000284e+01 1.292156791413993644e-01 -3.479586830094227173e-02
3.434945416142769048e+00 3.530000000000000426e+01 8.594340521106141884e-02 -9.829564345169983230e-02
3.434945416142769048e+00 3.539999999999999858e+01 1.691028800828806022e-02 -1.298277959825033800e-01
3.434945416142769048e+00 3.550000000000000000e+01 -6.049342914625861073e-02 -1.209755552396358652e-01
3.434945416142769048e+00 3.560000000000000142e+01 -1.250719836200596957e-01 -6.962256777147861342e-02
3.434945416142769048e+00 3.570000000000000284e+01 -1.536650961488682243e-01 1.658529121557530267e-02
3.434945416142769048e+00 3.580000000000000426e+01 -1.231114833284608634e-01 1.141390388948618495e-01
3.434945416142769048e+00 3.589999999999999858e+01 -2.885974806895996378e-02 1.794667196306999335e-01
3.434945416142769048e+00 3.600000000000000000e+01 9.743481438258451421e-02 1.683766403503817177e-01
3.434945416142769048e+00 3.610000000000000142e+01 1.924808771204263025e-01 7.011261607222371572e-02
3.434945416142769048e+00 3.620000000000000284e+01 1.978555844186417056e-01 -7.492765567409878646e-02
3.434945416142769048e+00 3.630000000000000426e+01 1.000829542601535393e-01 -1.880828376170834426e-01
3.434945416142769048e+00 3.639999999999999858e+01 -4.811824763260642152e-02 -2.038128115350194280e-01
3.434945416142769048e+00 3.650000000000000000e+01 -1.623901905143071700e-01 -1.181610023021309741e-01
3.434945416142769048e+00 3.660000000000000142e+01 -1.887904412319206804e-01 1.186575807392824602e-02
3.434945416142769048e+00 3.670000000000000284e+01 -1.301242374150536618e-01 1.179088820366404472e-01
3.434945416142769048e+00 3.680000000000000426e+01 -2.900513247397229835e-02 1.589562042242718132e-01
3.434945416142769048e+00 3.689999999999999858e+01 6.532259747122548532e-02 1.336465512101531472e-01
3.434945416142769048e+00 3.700000000000000000e+01 1.210381543515848535e-01 6.686044764261528384e-02
3.434945416142769048e+00 3.710000000000000142e+01 1.310163859295062072e-01 -1.161912896520512703e-02
3.434945416142769048e+00 3.720000000000000284e+01 1.005475579932529895e-01 -8.010734245379626250e-02
3.434945416142769048e+00 3.730000000000000426e+01 3.973566939199824066e-02 -1.232576820664122719e-01
3.434945416142769048e+00 3.739999999999999858e+01 -3.741536308663936938e-02 -1.288417879358983165e-01
3.434945416142769048e+00 3.750000000000000000e+01 -1.100627436745031246e-01 -9.014175687099909573e-02
3.434945416142769048e+00 3.760000000000000142e+01 -1.532764211024081336e-01 -1.053526164297733866e-02
3.434945416142769048e+00 3.770000000000000284e+01 -1.407267221905546262e-01 9.007356770508488653e-02
3.434945416142769048e+00 3.780000000000000426e+01 -6.026255304981102678e-02 1.708203217012312924e-01
3.434945416142769048e+00 3.789999999999999858e+01 6.607700080868979253e-02 1.820948536093005832e-01
3.434945416142769048e+00 3.800000000000000000e+01 1.763494411099481018e-01 1.010021600347651705e-01
3.434945416142769048e+00 3.810000000000000142e+01 2.051797072194006255e-01 -3.991221900621823304e-02
3.434945416142769048e+00 3.820000000000000284e+01 1.293588587558172354e-01 -1.657046371796375428e-01
3.434945416142769048e+00 3.830000000000000426e+01 -1.088584127386817493e-02 -2.061509725695437611e-01
3.434945416142769048e+00 3.840000000000000568e+01 -1.368848965829773667e-01 -1.429917834437361424e-01
3.434945416142769048e+00 3.850000000000000000e+01 -1.845121088647363183e-01 -2.088391105755708910e-02
3.434945416142769048e+00 3.860000000000000142e+01 -1.455876552051429407e-01 9.117680787146494048e-02
3.434945416142769048e+00 3.870000000000000284e+01 -5.615786133659991103e-02 1.476845551609072826e-01
3.434945416142769048e+00 3.880000000000000426e+01 3.787742693334294336e-02 1.408925063916916798e-01
3.434945416142769048e+00 3.890000000000000568e+01 1.044604667555307786e-01 8.755919823408131464e-02
3.434945416142769048e+00 3.900000000000000000e+01 1.290546867470071524e-01 1.289165153340946120e-02
3.434945416142769048e+00 3.910000000000000142e+01 1.118975981941401354e-01 -5.946046785652452787e-02
3.434945416142769048e+00 3.920000000000000284e+01 6.119127413980290225e-02 -1.122526760300320142e-01
3.434945416142769048e+00 3.930000000000000426e+01 -1.164819669858657182e-02 -1.325137483178017161e-01
3.434945416142769048e+00 3.940000000000000568e+01 -9.032144475125283845e-02 -1.094982243687421669e-01
3.434945416142769048e+00 3.950000000000000000e+01 -1.484438642733230951e-01 -3.920135227767072156e-02
3.434945416142769048e+00 3.960000000000000142e+01 -1.541798219901391598e-01 6.277938698035952225e-02
3.434945416142769048e+00 3.970000000000000284e+01 -8.910560697859370993e-02 1.560240526805779238e-01
3.434945416142769048e+00 3.980000000000000426e+01 3.117262565869661703e-02 1.894233973957097084e-01
3.434945416142769048e+00 3.990000000000000568e+01 1.530216926121623633e-01 1.313350586686602983e-01
3.434945416142769048e+00 4.000000000000000000e+01 2.074994768484257623e-01 -7.417835391275371922e-04
3.434945416142769048e+00 4.010000000000000142e+01 1.559917675480575194e-01 -1.378925550650134391e-01
3.434945416142769048e+00 4.020000000000000284e+01 2.601903191688212033e-02 -2.016203148499297881e-01
3.434945416142769048e+00 4.030000000000000426e+01 -1.060581792502168913e-01 -1.626399718003323780e-01
3.434945416142769048e+00 4.040000000000000568e+01 -1.735314872260063368e-01 -5.484969525773054910e-02
3.434945416142769048e+00 4.050000000000000000e+01 -1.576595404452034721e-01 5.954749763033202054e-02
3.434945416142769048e+00 4.060000000000000142e+01 -8.290049708283052377e-02 1.315591949774354563e-01
3.434945416142769048e+00 4.070000000000000284e+01 9.598248302841158597e-03 1.432104965197773250e-01
3.434945416142769048e+00 4.080000000000000426e+01 8.408202746396861715e-02 1.042036965392857950e-01
3.434945416142769048e+00 4.090000000000000568e+01 1.220234135580429563e-01 3.744764084968980888e-02
3.434945416142769048e+00 4.100000000000000000e+01 1.200045835567428443e-01 -3.523128424016809535e-02
3.434945416142769048e+00 4.110000000000000142e+01 8.204273641075431056e-02 -9.670950224141480756e-02
3.434945416142769048e+00 4.120000000000000284e+01 1.499156564214866941e-02 -1.317583015820788239e-01
3.434945416142769048e+00 4.130000000000000426e+01 -6.710464784918140912e-02 -1.245718197591724197e-01
3.434945416142769048e+00 4.140000000000000568e+01 -1.376862730720207206e-01 -6.651293988577960947e-02
3.434945416142769048e+00 4.150000000000000000e+01 -1.625492567389673626e-01 3.222331117244120469e-02
3.434945416142769048e+00 4.160000000000000142e+01 -1.166182864443073980e-01 1.353474200853325426e-01
3.434945416142769048e+00 4.170000000000000284e+01 -5.700423283789108134e-03 1.905251891067728520e-01
3.434945416142769048e+00 4.180000000000000426e+01 1.242601549786142567e-01 1.568861037267069714e-01
3.434945416142769048e+00 4.190000000000000568e+01 2.017128862607329709e-01 3.818801961373086834e-02
3.434945416142769048e+00 4.200000000000000000e+01 1.767981747806976478e-01 -1.042718788576119660e-01
3.434945416142769048e+00 4.210000000000000142e+01 6.335120119486303825e-02 -1.900713449794109444e-01
3.434945416142769048e+00 4.220000000000000284e+01 -7.090127165851968505e-02 -1.769697517820997823e-01
3.434945416142769048e+00 4.230000000000000426e+01 -1.559486543295869054e-01 -8.652297774520149864e-02
3.434945416142769048e+00 4.240000000000000568e+01 -1.632647184957194963e-01 2.556353596964693747e-02
3.434945416142769048e+00 4.250000000000000000e+01 -1.059845608887656498e-01 1.092852652269495073e-01
3.434945416142769048e+00 4.260000000000000142e+01 -2.019439379362547929e-02 1.393640171051452048e-01
3.434945416142769048e+00 4.270000000000000284e+01 5.927645493405774707e-02 1.179150926234138475e-01
3.434945416142769048e+00 4.280000000000000426e+01 1.101722883907340217e-01 6.143768505364904237e-02
3.434945416142769048e+00 4.290000000000000568e+01 1.234969089015775373e-01 -9.354019808941994862e-03
3.434945416142769048e+00 4.300000000000000000e+01 9.966758097317908460e-02 -7.695901708649559303e-02
3.434945416142769048e+00 4.310000000000000142e+01 4.185839211199409576e-02 -1.249822889686084959e-01
3.434945416142769048e+00 4.320000000000000284e+01 -3.968157535965939620e-02 -1.352460007037522283e-01
3.434945416142769048e+00 4.330000000000000426e+01 -1.210729454023033724e-01 -9.342712529146503242e-02
3.434945416142769048e+00 4.340000000000000568e+01 -1.659475420263294976e-01 -7.854785577213618678e-04
3.434945416142769048e+00 4.350000000000000000e+01 -1.404146145326398698e-01 1.102297977658740352e-01
3.434945416142769048e+00 4.360000000000000142e+01 -4.138729066678688284e-02 1.851738316518242167e-01
3.434945416142769048e+00 4.370000000000000284e+01 9.147424303367876486e-02 1.759970397277697829e-01
3.434945416142769048e+00 4.380000000000000426e+01 1.879981922840671393e-01 7.529023790935372717e-02
3.434945416142769048e+00 4.390000000000000568e+01 1.911392799688466371e-01 -6.627517013769727849e-02
3.434945416142769048e+00 4.400000000000000000e+01 9.873451165446009425e-02 -1.710425536149396408e-01
3.434945416142769048e+00 4.410000000000000142e+01 -3.405943034584046902e-02 -1.848016368788589214e-01
3.434945416142769048e+00 4.420000000000000284e+01 -1.335454245914085569e-01 -1.134881882727187541e-01
3.434945416142769048e+00 4.430000000000000426e+01 -1.615899137582179623e-01 -7.164870952257087686e-03
3.434945416142769048e+00 4.440000000000000568e+01 -1.233510399466109797e-01 8.298272572628942467e-02
3.434945416142769048e+00 4.450000000000000000e+01 -4.861963844543398805e-02 1.284037805065880444e-01
3.434945416142769048e+00 4.460000000000000142e+01 3.030937603025342375e-02 1.256634985024510098e-01
3.434945416142769048e+00 4.470000000000000284e+01 9.189424202292406640e-02 8.406828656153547685e-02
3.434945416142769048e+00 4.480000000000000426e+01 1.216467108719409412e-01 1.856315172910243810e-02
3.434945416142769048e+00 4.490000000000000568e+01 1.134204127456342193e-01 -5.302987753487665989e-02
3.434945416142769048e+00 4.500000000000000000e+01 6.759229615692137483e-02 -1.125868939178869682e-01
3.434945416142769048e+00 4.510000000000000142e+01 -9.394113095112507222e-03 -1.400056387628921539e-01
3.434945416142769048e+00 4.520000000000000284e+01 -9.685261784713870836e-02 -1.171186507550354972e-01
3.434945416142769048e+00 4.530000000000000426e+01 -1.610364407221032690e-01 -3.828042138743770889e-02
3.434945416142769048e+00 4.540000000000000568e+01 -1.619868464028333677e-01 7.632709528237702212e-02
3.434945416142769048e+00 4.550000000000000000e+01 -7.979530729479224205e-02 1.724196033170682096e-01
3.434945416142769048e+00 4.560000000000000142e+01 5.391633524815501316e-02 1.903714791304831899e-01
3.434945416142769048e+00 4.570000000000000284e+01 1.687571391104835117e-01 1.101160100637677830e-01
3.434945416142769048e+00 4.580000000000000426e+01 1.981427583168478557e-01 -2.777006765815395392e-02
3.434945416142769048e+00 4.590000000000000568e+01 1.282387009136266853e-01 -1.451698996904464967e-01
3.434945416142769048e+00 4.600000000000000000e+01 5.500430417080548647e-03 -1.843316939777034646e-01
3.434945416142769048e+00 4.610000000000000142e+01 -1.046601518746530235e-01 -1.371283585637102787e-01
3.434945416142769048e+00 4.620000000000000284e+01 -1.540458833468379141e-01 -4.002605345520211799e-02
3.434945416142769048e+00 4.630000000000000426e+01 -1.352493495618907193e-01 5.525481272169062430e-02
3.434945416142769048e+00 4.640000000000000568e+01 -7.235582437859168492e-02 1.143872890257164321e-01
3.434945416142769048e+00 4.650000000000000000e+01 4.850600970408742128e-03 1.268806906132851353e-01
3.434945416142769048e+00 4.660000000000000142e+01 7.118608126192767227e-02 9.894775006359246561e-02
3.434945416142769048e+00 4.670000000000000284e+01 1.126447329053449076e-01 4.388075209222550704e-02
3.434945416142769048e+00 4.680000000000000426e+01 1.215151268549216484e-01 -2.556561620074234570e-02
3.434945416142769048e+00 4.690000000000000568e+01 9.082882261591272710e-02 -9.386716377187581672e-02
3.434945416142769048e+00 4.700000000000000000e+01 2.199204953457224027e-02 -1.382724869359727715e-01
3.434945416142769048e+00 4.710000000000000142e+01 -6.932309641537560962e-02 -1.353382074248366818e-01
3.434945416142769048e+00 4.720000000000000284e+01 -1.492215796607914147e-01 -7.095694230767507493e-02
3.434945416142769048e+00 4.730000000000000426e+01 -1.727696335788110049e-01 4.081074317439242066e-02
3.434945416142769048e+00 4.740000000000000568e+01 -1.138526499576482248e-01 1.494413542219519830e-01
3.434945416142769048e+00 4.750000000000000000e+01 9.638318316493522248e-03 1.957146189354171673e-01
3.434945416142769048e+00 4.760000000000000142e+01 1.377851672930806848e-01 1.444494336326324346e-01
3.434945416142769048e+00 4.770000000000000284e+01 1.973071070855936526e-01 1.809126088923320580e-02
3.434945416142769048e+00 4.780000000000000426e+01 1.560539683600590255e-01 -1.114642147930830218e-01
3.434945416142769048e+00 4.790000000000000568e+01 4.508723633104313316e-02 -1.767706728562139784e-01
3.434945416142769048e+00 4.800000000000000000e+01 -7.209993981169331156e-02 -1.540461324475221605e-01
3.434945416142769048e+00 4.810000000000000142e+01 -1.391918773914196106e-01 -7.067758606365172336e-02
3.434945416142769048e+00 4.820000000000000284e+01 -1.411784602865323035e-01 2.358584499029690168e-02
3.434945416142769048e+00 4.830000000000000426e+01 -9.488355082956631548e-02 9.303295006893194663e-02
3.434945416142769048e+00 4.840000000000000568e+01 -2.459169567059398334e-02 1.230400602556058903e-01
3.434945416142769048e+00 4.850000000000000000e+01 4.600274212464275370e-02 1.117792975594959215e-01
3.434945416142769048e+00 4.860000000000000142e+01 9.955941437760754131e-02 6.777538132805675797e-02
3.434945416142769048e+00 4.870000000000000284e+01 1.239050760793064393e-01 1.162592659835647762e-03
3.434945416142769048e+00 4.880000000000000426e+01 1.082615448892249727e-01 -7.296462792563125632e-02
3.434945416142769048e+00 4.890000000000000568e+01 4.907287978545109980e-02 -1.306034590785157545e-01
3.434945416142769048e+00 4.900000000000000000e+01 -4.018725548697589522e-02 -1.454852622682043795e-01
3.434945416142769048e+00 4.910000000000000142e+01 -1.304544038462564504e-01 -9.964468803289035226e-02
3.434945416142769048e+00 4.920000000000000284e+01 -1.768849001535164056e-01 3.424863911399636095e-03
3.434945416142769048e+00 4.930000000000000426e+01 -1.419244425052225700e-01 1.220483162029609020e-01
3.434945416142769048e+00 4.940000000000000568e+01 -3.035812313157865497e-02 1.916664146094500254e-01
3.434945416142769048e+00 4.950000000000000000e+01 1.042992551356143743e-01 1.678615685294899129e-01
3.434945416142769048e+00 4.960000000000000142e+01 1.875383409140578550e-01 5.676364248342689184e-02
3.434945416142769048e+00 4.970000000000000284e+01 1.721741608696499559e-01 -7.708586484245204262e-02
3.434945416142769048e+00 4.980000000000000426e+01 7.786820210991912683e-02 -1.599015242741269882e-01
3.434945416142769048e+00 4.990000000000000568e+01 -3.597583716942199389e-02 -1.614525763138874581e-01
3.434945416142769048e+00 5.000000000000000000e+01 -1.170002682844300673e-01 -9.815618508588720703e-02
3.434945416142769048e+00 5.010000000000000142e+01 -1.400251646553324625e-01 -9.253860189129915759e-03
3.434945416142769048e+00 5.020000000000000284e+01 -1.113299278614495597e-01 6.683424808241616999e-02
3.434945416142769048e+00 5.030000000000000426e+01 -5.215943496622665876e-02 1.114370854169512703e-01
3.434945416142769048e+00 5.040000000000000568e+01 1.769001453480072497e-02 1.185768521881262472e-01
3.434945416142769048e+00 5.050000000000000000e+01 8.064175348968859180e-02 8.848685582544349448e-02
3.434945416142769048e+00 5.060000000000000142e+01 1.191715974899516944e-01 2.897220043721088906e-02
3.434945416142769048e+00 5.070000000000000284e+01 1.211155148721059227e-01 -4.522441370579100006e-02
3.434945416142769048e+00 5.080000000000000426e+01 7.871028958632961259e-02 -1.150655350544512456e-01
3.434945416142769048e+00 5.090000000000000568e+01 -5.054124899450750108e-03 -1.515148818450897106e-01
3.434945416142769048e+00 5.100000000000000000e+01 -1.041640540024380557e-01 -1.267601210836710734e-01
3.434945416142769048e+00 5.110000000000000142e+01 -1.723004391782950728e-01 -3.698420167736189007e-02
3.434945416142769048e+00 5.120000000000000284e+01 -1.662178732813527071e-01 8.615788374378915981e-02
3.434945416142769048e+00 5.130000000000000426e+01 -7.217499094854154529e-02 1.807588688042791047e-01
3.434945416142769048e+00 5.140000000000000568e+01 6.635822650819624136e-02 1.852044526438471339e-01
3.434945416142769048e+00 5.150000000000000000e+01 1.692147954840210189e-01 9.359567362658888223e-02
3.434945416142769048e+00 5.160000000000000142e+01 1.821676690102448093e-01 -3.782342630203090056e-02
3.434945416142769048e+00 5.170000000000000284e+01 1.094259613317480617e-01 -1.378208332475610032e-01
3.434945416142769048e+00 5.180000000000000426e+01 -1.395271118065551270e-03 -1.633102701298380921e-01
3.434945416142769048e+00 5.190000000000000568e+01 -9.196899744753464501e-02 -1.180985802761318898e-01
3.434945416142769048e+00 5.200000000000000000e+01 -1.317863593861225147e-01 -3.860530278360235074e-02
3.434945416142769048e+00 5.210000000000000142e+01 -1.214689329569982462e-01 4.024250066226974648e-02
3.434945416142769048e+00 5.220000000000000284e+01 -7.444021940360187606e-02 9.650128016847538126e-02
3.434945416142769048e+00 5.230000000000000426e+01 -7.655140130695038507e-03 1.183019569906605811e-01
3.434945416142769048e+00 5.240000000000000568e+01 5.898204550183486217e-02 1.025444933107137607e-01
3.434945416142769048e+00 5.250000000000000000e+01 1.090746524752949226e-01 5.441894094589098951e-02
3.434945416142769048e+00 5.260000000000000142e+01 1.279437405055474097e-01 -1.758446075713987825e-02
3.434945416142769048e+00 5.270000000000000284e+01 1.014757645728564250e-01 -9.518961545801507551e-02
3.434945416142769048e+00 5.280000000000000426e+01 2.702560392537518841e-02 -1.480869813191543205e-01
3.434945416142769048e+00 5.290000000000000568e+01 -7.364631664442070069e-02 -1.450077979614483592e-01
3.434945416142769048e+00 5.300000000000000000e+01 -1.588136278751925146e-01 -7.357998250680422569e-02
3.434945416142769048e+00 5.310000000000000142e+01 -1.796132049753470239e-01 4.718807353946723876e-02
3.434945416142769048e+00 5.320000000000000284e+01 -1.091586575228339490e-01 1.583796579423656925e-01
3.434945416142769048e+00 5.330000000000000426e+01 2.236440134743340746e-02 1.925808188482514560e-01
3.434945416142769048e+00 5.340000000000000568e+01 1.407066174431833849e-01 1.284810058494135487e-01
3.434945416142769048e+00 5.350000000000000000e+01 1.832950049233472434e-01 6.346771876924973792e-03
3.434945416142769048e+00 5.360000000000000142e+01 1.367737115446081009e-01 -1.062491735456978503e-01
3.434945416142769048e+00 5.370000000000000284e+01 3.679930216184908176e-02 -1.559040703563529806e-01
3.434945416142769048e+00 5.380000000000000426e+01 -5.952445177202635856e-02 -1.339229756071864674e-01
3.434945416142769048e+00 5.390000000000000568e+01 -1.159474111425671389e-01 -6.822841839541388120e-02
3.434945416142769048e+00 5.400000000000000000e+01 -1.251266105237196502e-01 8.508134141603323347e-03
3.434945416142769048e+00 5.410000000000000142e+01 -9.486513736256738105e-02 7.310968712290875915e-02
3.434945416142769048e+00 5.420000000000000284e+01 -3.746795559441282869e-02 1.109057530502763761e-01
3.434945416142769048e+00 5.430000000000000426e+01 3.011276229334006529e-02 1.136634036051137608e-01
3.434945416142769048e+00 5.440000000000000568e+01 9.124184431451159982e-02 8.081366649776498823e-02
3.434945416142769048e+00 5.450000000000000000e+01 1.288492756706443032e-01 1.599994759680180637e-02
3.434945416142769048e+00 5.460000000000000142e+01 1.230536315811172066e-01 -6.718143436899501331e-02
3.434945416142769048e+00 5.470000000000000284e+01 6.263467232205105484e-02 -1.385267769561582818e-01
3.434945416142769048e+00 5.480000000000000426e+01 -3.874427874617757811e-02 -1.590513092106116133e-01
3.434945416142769048e+00 5.490000000000000568e+01 -1.384401245970111605e-01 -1.067353125319826929e-01
3.434945416142769048e+00 5.500000000000000000e+01 -1.843217283026447328e-01 6.183266885293138906e-03
3.434945416142769048e+00 5.510000000000000142e+01 -1.403882241876983072e-01 1.289625138277241678e-01
3.434945416142769048e+00 5.520000000000000284e+01 -2.125131003478887212e-02 1.909470439322822899e-01
3.434945416142769048e+00 5.530000000000000426e+01 1.072798908226806625e-01 1.551095033651484212e-01
3.434945416142769048e+00 5.540000000000000568e+01 1.746834152438078158e-01 4.677716498620863861e-02
3.434945416142769048e+00 5.550000000000000000e+01 1.550298166755970097e-01 -7.084070603688842616e-02
3.434945416142769048e+00 5.560000000000000142e+01 7.128520335414452458e-02 -1.417920214427925152e-01
3.434945416142769048e+00 5.570000000000000284e+01 -2.801719605401898489e-02 -1.429645194763373983e-01
3.434945416142769048e+00 5.580000000000000426e+01 -9.789649926327977092e-02 -9.051265853205214817e-02
3.434945416142769048e+00 5.590000000000000568e+01 -1.222239628961772351e-01 -1.729082133079471242e-02
3.434945416142769048e+00 5.600000000000000000e+01 -1.059363604677020093e-01 5.037564417540726924e-02
3.434945416142769048e+00 5.610000000000000142e+01 -6.012099004442809924e-02 9.790343150906712089e-02
3.434945416142769048e+00 5.620000000000000284e+01 3.372152427663683769e-03 1.161543466480316478e-01
3.434945416142769048e+00 5.630000000000000426e+01 6.971463603556557476e-02 9.824657500760579365e-02
3.434945416142769048e+00 5.640000000000000568e+01 1.200925549669943637e-01 4.502989566882735495e-02
3.434945416142769048e+00 5.650000000000000000e+01 1.345276090651333911e-01 -3.495122379569400722e-02
3.434945416142769048e+00 5.660000000000000142e+01 9.510571016592586635e-02 -1.183852373325028351e-01
3.434945416142769048e+00 5.670000000000000284e+01 1.465488888344140036e-03 -1.647947154626680510e-01
3.434945416142769048e+00 5.680000000000000426e+01 -1.108988601692100645e-01 -1.368100753993631014e-01
3.434945416142769048e+00 5.690000000000000568e+01 -1.805612113618536019e-01 -3.388639143224106420e-02
3.434945416142769048e+00 5.700000000000000000e+01 -1.631805792178915027e-01 9.366980981226039060e-02
3.434945416142769048e+00 5.710000000000000142e+01 -6.319257548112872103e-02 1.779782456956447434e-01
3.434945416142769048e+00 5.720000000000000284e+01 6.651578716563361082e-02 1.729010665885396258e-01
3.434945416142769048e+00 5.730000000000000426e+01 1.552431378895729186e-01 8.518392203483322878e-02
3.434945416142769048e+00 5.740000000000000568e+01 1.634459237163171375e-01 -3.002834644031041750e-02
3.434945416142769048e+00 5.750000000000000000e+01 1.020908900851724421e-01 -1.145962782523537726e-01
3.434945416142769048e+00 5.760000000000000142e+01 1.272013996738915846e-02 -1.408537263355972846e-01
3.434945416142769048e+00 5.770000000000000284e+01 -6.668639649224035459e-02 -1.130603956406814464e-01
3.434945416142769048e+00 5.780000000000000426e+01 -1.122016649070900485e-01 -5.105082789535400623e-02
3.434945416142769048e+00 5.790000000000000568e+01 -1.155073692551807918e-01 2.036230581437505419e-02
3.434945416142769048e+00 5.800000000000000000e+01 -8.296875888157466405e-02 7.919615043116817743e-02
3.434945416142769048e+00 5.810000000000000142e+01 -2.589551642752273286e-02 1.127795359144555670e-01
3.434945416142769048e+00 5.820000000000000284e+01 4.230204775662876893e-02 1.127681475434075403e-01
3.434945416142769048e+00 5.830000000000000426e+01 1.054099617407063816e-01 7.377850033550568953e-02
3.434945416142769048e+00 5.840000000000000568e+01 1.393876105983193059e-01 -1.258377612503625703e-03
3.434945416142769048e+00 5.850000000000000000e+01 1.200423012945149442e-01 -9.153125926589267269e-02
3.434945416142769048e+00 5.860000000000000142e+01 4.210028844358046363e-02 -1.573779970886381996e-01
3.434945416142769048e+00 5.870000000000000284e+01 -7.047628979392496495e-02 -1.597088879535797090e-01
3.434945416142769048e+00 5.880000000000000426e+01 -1.648903862151105959e-01 -8.116670476726055294e-02
3.434945416142769048e+00 5.890000000000000568e+01 -1.830397698130599993e-01 4.863746165294981910e-02
3.434945416142769048e+00 5.900000000000000000e+01 -1.050392157185067871e-01 1.581691278091400532e-01
3.434945416142769048e+00 5.910000000000000142e+01 2.520162262154401756e-02 1.833275636613451720e-01
3.434945416142769048e+00 5.920000000000000284e+01 1.314786614896811812e-01 1.167831817208318662e-01
3.434945416142769048e+00 5.930000000000000426e+01 1.644289696202786422e-01 6.913889249127501066e-03
3.434945416142769048e+00 5.940000000000000568e+01 1.233699864867027485e-01 -8.894803883953801560e-02
3.434945416142769048e+00 5.950000000000000000e+01 4.142620208635054008e-02 -1.336565635942994212e-01
3.434945416142769048e+00 5.960000000000000142e+01 -4.080537982128143448e-02 -1.220159914459632566e-01
3.434945416142769048e+00 5.970000000000000284e+01 -9.538151214131497524e-02 -7.232492350566217809e-02
3.434945416142769048e+00 5.980000000000000426e+01 -1.139769984105464956e-01 -7.426656606619566441e-03
3.434945416142769048e+00 5.990000000000000568e+01 -9.849087055754242315e-02 5.442697278101885777e-02
