8.807552349084023235e-02 0.000000000000000000e+00 1.000000000000000000e+00 -0.000000000000000000e+00
8.807552349084023235e-02 1.000000000000000056e-01 7.978294445996637618e-01 -4.713997427135481200e-01
8.807552349084023235e-02 2.000000000000000111e-01 4.672206258458436179e-01 -7.183530316198402099e-01
8.807552349084023235e-02 3.000000000000000444e-01 1.112850935167016414e-01 -7.786570102480997457e-01
8.807552349084023235e-02 4.000000000000000222e-01 -1.896382144293076166e-01 -6.898862710560648148e-01
8.807552349084023235e-02 5.000000000000000000e-01 -3.935468345211889374e-01 -5.141155135612643923e-01
8.807552349084023235e-02 6.000000000000000888e-01 -4.988234845863547262e-01 -3.104787506460301993e-01
8.807552349084023235e-02 7.000000000000000666e-01 -5.270972816079436685e-01 -1.165768214128855423e-01
8.807552349084023235e-02 8.000000000000000444e-01 -5.041153755251033264e-01 5.310731339684247182e-02
8.807552349084023235e-02 9.000000000000000222e-01 -4.478810336507640377e-01 1.989003582112794655e-01
8.807552349084023235e-02 1.000000000000000000e+00 -3.649903974105345728e-01 3.260628740390593694e-01
8.807552349084023235e-02 1.100000000000000089e+00 -2.524046974456407022e-01 4.366426081756622501e-01
8.807552349084023235e-02 1.200000000000000178e+00 -1.022546792402364152e-01 5.233478413299430532e-01
8.807552349084023235e-02 1.300000000000000044e+00 9.002482055913625658e-02 5.662191388401378589e-01
8.807552349084023235e-02 1.400000000000000133e+00 3.143276985809447810e-01 5.348774512612112231e-01
8.807552349084023235e-02 1.500000000000000000e+00 5.357171561070498411e-01 4.004802348243072796e-01
8.807552349084023235e-02 1.600000000000000089e+00 6.948773104341170459e-01 1.570051555244506014e-01
8.807552349084023235e-02 1.700000000000000178e+00 7.277344043580381561e-01 -1.591747463976659338e-01
8.807552349084023235e-02 1.800000000000000044e+00 5.997472647801712631e-01 -4.696940358434480434e-01
8.807552349084023235e-02 1.900000000000000133e+00 3.331399388103259418e-01 -6.835091370635461017e-01
8.807552349084023235e-02 2.000000000000000000e+00 3.585222923558056309e-03 -7.407092040178866466e-01
8.807552349084023235e-02 2.100000000000000089e+00 -2.953747778760855147e-01 -6.405886844498096533e-01
8.807552349084023235e-02 2.200000000000000178e+00 -4.956633692183644579e-01 -4.346073774671178058e-01
8.807552349084023235e-02 2.300000000000000266e+00 -5.767868720814337546e-01 -1.931187477327259427e-01
8.807552349084023235e-02 2.400000000000000355e+00 -5.581587082470729211e-01 2.793315740317341145e-02
8.807552349084023235e-02 2.500000000000000000e+00 -4.755944359778032648e-01 2.013980959141718763e-01
8.807552349084023235e-02 2.600000000000000089e+00 -3.607178364830054829e-01 3.243560372003242431e-01
8.807552349084023235e-02 2.700000000000000178e+00 -2.319036280883968737e-01 4.055210249686606039e-01
8.807552349084023235e-02 2.800000000000000266e+00 -9.484521412497166903e-02 4.539521549230392528e-01
8.807552349084023235e-02 2.900000000000000355e+00 5.221681966165831607e-02 4.721907662793009552e-01
8.807552349084023235e-02 3.000000000000000000e+00 2.115629328263690379e-01 4.533884566846050901e-01
8.807552349084023235e-02 3.100000000000000089e+00 3.780744036696662702e-01 3.822000321977452875e-01
8.807552349084023235e-02 3.200000000000000178e+00 5.314525125283542373e-01 2.410930018416962417e-01
8.807552349084023235e-02 3.300000000000000266e+00 6.329561608300042774e-01 2.356769312712303499e-02
8.807552349084023235e-02 3.400000000000000355e+00 6.337967878598320670e-01 -2.492112863792454447e-01
8.807552349084023235e-02 3.500000000000000000e+00 4.984423467060909441e-01 -5.199057017233370548e-01
8.807552349084023235e-02 3.600000000000000089e+00 2.331259386057414895e-01 -7.082435422900867916e-01
8.807552349084023235e-02 3.700000000000000178e+00 -1.019541062437839957e-01 -7.466923585842154543e-01
8.807552349084023235e-02 3.800000000000000266e+00 -4.126615051157856429e-01 -6.179711998426580255e-01
8.807552349084023235e-02 3.900000000000000355e+00 -6.145839936743222598e-01 -3.663169737472968257e-01
8.807552349084023235e-02 4.000000000000000000e+00 -6.706628412257633620e-01 -7.300536077735113316e-02
8.807552349084023235e-02 4.100000000000000533e+00 -5.981543544748495478e-01 1.850588600103292569e-01
8.807552349084023235e-02 4.200000000000000178e+00 -4.462424832824548604e-01 3.646695267621275494e-01
8.807552349084023235e-02 4.299999999999999822e+00 -2.657153666886424848e-01 4.597879825174203128e-01
8.807552349084023235e-02 4.400000000000000355e+00 -9.020144666548679524e-02 4.867558530068036848e-01
8.807552349084023235e-02 4.500000000000000000e+00 6.657252165376566222e-02 4.666715648228900726e-01
8.807552349084023235e-02 4.600000000000000533e+00 2.040245344361393265e-01 4.142897954914774861e-01
8.807552349084023235e-02 4.700000000000000178e+00 3.257864478377375805e-01 3.344008881269254774e-01
8.807552349084023235e-02 4.800000000000000711e+00 4.320119259895259800e-01 2.231860951175946850e-01
8.807552349084023235e-02 4.900000000000000355e+00 5.134959535626238969e-01 7.299366265635409690e-02
8.807552349084023235e-02 5.000000000000000000e+00 5.486034260730141554e-01 -1.192938249025988079e-01
8.807552349084023235e-02 5.100000000000000533e+00 5.063437795995205937e-01 -3.408305473747078596e-01
8.807552349084023235e-02 5.200000000000000178e+00 3.595954265339710298e-01 -5.533573560913137568e-01
8.807552349084023235e-02 5.300000000000000711e+00 1.068916727397991873e-01 -6.956664382566675187e-01
8.807552349084023235e-02 5.400000000000000355e+00 -2.094955688677388739e-01 -7.057098262577544689e-01
8.807552349084023235e-02 5.500000000000000000e+00 -5.075278658940318710e-01 -5.554400762664261082e-01
8.807552349084023235e-02 5.600000000000000533e+00 -6.979987192928327477e-01 -2.752335548094301254e-01
8.807552349084023235e-02 5.700000000000000178e+00 -7.281573417425759587e-01 5.414678494317336915e-02
8.807552349084023235e-02 5.800000000000000711e+00 -6.058357120194516332e-01 3.401329342667777089e-01
8.807552349084023235e-02 5.900000000000000355e+00 -3.878403971341008449e-01 5.204752178250149353e-01
8.807552349084023235e-02 6.000000000000000000e+00 -1.447711486561306660e-01 5.813957054936346180e-01
8.807552349084023235e-02 6.100000000000000533e+00 7.067869678018272317e-02 5.466795937745210221e-01
8.807552349084023235e-02 6.200000000000000178e+00 2.352130836161383520e-01 4.532023427049770570e-01
8.807552349084023235e-02 6.300000000000000711e+00 3.486387859780419873e-01 3.315182871370025430e-01
8.807552349084023235e-02 6.400000000000000355e+00 4.205774628059636977e-01 1.984559701846398683e-01
8.807552349084023235e-02 6.500000000000000000e+00 4.597690920028063011e-01 5.833885319370831629e-02
8.807552349084023235e-02 6.600000000000000533e+00 4.678074481948252816e-01 -9.065786336681491697e-02
8.807552349084023235e-02 6.700000000000000178e+00 4.367220511356301738e-01 -2.501950145860782904e-01
8.807552349084023235e-02 6.800000000000000711e+00 3.509604366597964820e-01 -4.127500128183484995e-01
8.807552349084023235e-02 6.900000000000000355e+00 1.946269000463540511e-01 -5.556401705609594899e-01
8.807552349084023235e-02 7.000000000000000000e+00 -3.497241331277149701e-02 -6.378677342728285016e-01
8.807552349084023235e-02 7.100000000000000533e+00 -3.101920366238747340e-01 -6.118866282388124578e-01
8.807552349084023235e-02 7.200000000000000178e+00 -5.687868932767994323e-01 -4.485198253692751491e-01
8.807552349084023235e-02 7.300000000000000711e+00 -7.304759164523820791e-01 -1.631574763017246688e-01
8.807552349084023235e-02 7.400000000000000355e+00 -7.341270838471792848e-01 1.757730085273134235e-01
8.807552349084023235e-02 7.500000000000000000e+00 -5.735344375265235550e-01 4.718123738065648221e-01
8.807552349084023235e-02 7.600000000000000533e+00 -3.028494182971834259e-01 6.461553340095278486e-01
8.807552349084023235e-02 7.700000000000000178e+00 -6.870046783613301296e-03 6.717533632098546814e-01
8.807552349084023235e-02 7.800000000000000711e+00 2.407756300538988481e-01 5.744965839578329847e-01
8.807552349084023235e-02 7.900000000000000355e+00 4.033683282221570687e-01 4.073683534632265846e-01
8.807552349084023235e-02 8.000000000000000000e+00 4.805723775124552954e-01 2.204463865104944187e-01
8.807552349084023235e-02 8.099999999999999645e+00 4.917477396659935551e-01 4.454338505777651752e-02
8.807552349084023235e-02 8.200000000000001066e+00 4.585296468895556643e-01 -1.093283167636342063e-01
8.807552349084023235e-02 8.300000000000000711e+00 3.948745141179216822e-01 -2.421186877891521871e-01
8.807552349084023235e-02 8.400000000000000355e+00 3.045153029811221157e-01 -3.576276296643919328e-01
8.807552349084023235e-02 8.500000000000000000e+00 1.831204885636918411e-01 -4.550418551903894770e-01
8.807552349084023235e-02 8.599999999999999645e+00 2.374748250966864094e-02 -5.235379634847956432e-01
8.807552349084023235e-02 8.700000000000001066e+00 -1.742560013820866616e-01 -5.401671510442844770e-01
8.807552349084023235e-02 8.800000000000000711e+00 -3.939622490153290579e-01 -4.745294620079943404e-01
8.807552349084023235e-02 8.900000000000000355e+00 -5.929698911438956443e-01 -3.036115353909278336e-01
8.807552349084023235e-02 9.000000000000000000e+00 -7.088324950804636426e-01 -3.361074215628867545e-02
8.807552349084023235e-02 9.099999999999999645e+00 -6.838659948793183174e-01 2.848884604120497932e-01
8.807552349084023235e-02 9.200000000000001066e+00 -5.000041220961541910e-01 5.658965459262957909e-01
8.807552349084023235e-02 9.300000000000000711e+00 -1.990774013924461183e-01 7.243074984600120780e-01
8.807552349084023235e-02 9.400000000000000355e+00 1.315550692819532075e-01 7.179248450737732989e-01
8.807552349084023235e-02 9.500000000000000000e+00 4.010624349697597957e-01 5.655176903320763282e-01
8.807552349084023235e-02 9.600000000000001421e+00 5.555649770016495292e-01 3.304228201883985805e-01
8.807552349084023235e-02 9.700000000000001066e+00 5.906481840454049781e-01 8.408883380354846560e-02
8.807552349084023235e-02 9.800000000000000711e+00 5.349111498364226280e-01 -1.245524255389423990e-01
8.807552349084023235e-02 9.900000000000000355e+00 4.263748552500280509e-01 -2.778107064005920224e-01
8.807552349084023235e-02 1.000000000000000000e+01 2.955577127672874282e-01 -3.791972940930478653e-01
8.807552349084023235e-02 1.010000000000000142e+01 1.571456985227203396e-01 -4.386620643068349645e-01
8.807552349084023235e-02 1.020000000000000107e+01 1.336701080631672381e-02 -4.651157551697390202e-01
8.807552349084023235e-02 1.030000000000000071e+01 -1.372323596742533458e-01 -4.601177709226330625e-01
8.807552349084023235e-02 1.040000000000000036e+01 -2.947369037093158783e-01 -4.133661516878744391e-01
8.807552349084023235e-02 1.050000000000000000e+01 -4.509919419152151332e-01 -3.102843464407123997e-01
8.807552349084023235e-02 1.060000000000000142e+01 -5.787490121105460794e-01 -1.377746445804561848e-01
8.807552349084023235e-02 1.070000000000000107e+01 -6.364267612553211606e-01 1.032938204283274791e-01
8.807552349084023235e-02 1.080000000000000071e+01 -5.802617979489682609e-01 3.773748642347554694e-01
8.807552349084023235e-02 1.090000000000000036e+01 -3.858557656819531223e-01 6.180982586152381497e-01
8.807552349084023235e-02 1.100000000000000000e+01 -8.212573315955336295e-02 7.475708692876541495e-01
8.807552349084023235e-02 1.110000000000000142e+01 2.560752444669414096e-01 7.111348094944562881e-01
8.807552349084023235e-02 1.120000000000000107e+01 5.322306035079256148e-01 5.184321694857888518e-01
8.807552349084023235e-02 1.130000000000000071e+01 6.734450494030442824e-01 2.301016742276719429e-01
8.807552349084023235e-02 1.140000000000000036e+01 6.667361078526264917e-01 -6.511613573278814127e-02
8.807552349084023235e-02 1.150000000000000000e+01 5.430614330621416075e-01 -2.985743442270883397e-01
8.807552349084023235e-02 1.160000000000000142e+01 3.620422217820037925e-01 -4.416934292287038044e-01
8.807552349084023235e-02 1.170000000000000107e+01 1.694430264075092729e-01 -4.983198031896973190e-01
8.807552349084023235e-02 1.180000000000000071e+01 -4.847668264938557493e-03 -4.929573333306114802e-01
8.807552349084023235e-02 1.190000000000000036e+01 -1.545613749137546844e-01 -4.450893909272377047e-01
8.807552349084023235e-02 1.200000000000000000e+01 -2.806211365664760260e-01 -3.701510402701647107e-01
8.807552349084023235e-02 1.210000000000000142e+01 -3.883550976180281111e-01 -2.684742767383073159e-01
8.807552349084023235e-02 1.220000000000000107e+01 -4.742714440599916648e-01 -1.375267609942430747e-01
8.807552349084023235e-02 1.230000000000000071e+01 -5.281409545484950785e-01 3.061530908201811479e-02
8.807552349084023235e-02 1.240000000000000036e+01 -5.234656102705557146e-01 2.318360662641812397e-01
8.807552349084023235e-02 1.250000000000000000e+01 -4.344517508863634525e-01 4.468065702287892793e-01
8.807552349084023235e-02 1.260000000000000142e+01 -2.390840380182319702e-01 6.275560582797868880e-01
8.807552349084023235e-02 1.270000000000000107e+01 4.425852387106937041e-02 7.128026634919780724e-01
8.807552349084023235e-02 1.280000000000000071e+01 3.614981362633784556e-01 6.508353805464323072e-01
8.807552349084023235e-02 1.290000000000000036e+01 6.195102054017189719e-01 4.340570538875759832e-01
8.807552349084023235e-02 1.300000000000000000e+01 7.429612273161443348e-01 1.174947715233344014e-01
8.807552349084023235e-02 1.310000000000000142e+01 6.973718701667839248e-01 -2.104549212133845493e-01
8.807552349084023235e-02 1.320000000000000107e+01 5.160068036226234112e-01 -4.584450241437888485e-01
8.807552349084023235e-02 1.330000000000000071e+01 2.675459358507745744e-01 -5.861582966236590364e-01
8.807552349084023235e-02 1.340000000000000036e+01 2.070169691943151216e-02 -5.927044651941282272e-01
8.807552349084023235e-02 1.350000000000000000e+01 -1.782011836843976071e-01 -5.162591576167047114e-01
8.807552349084023235e-02 1.360000000000000142e+01 -3.195552633802300480e-01 -3.946107529428288241e-01
8.807552349084023235e-02 1.370000000000000107e+01 -4.059839703021008717e-01 -2.548617641374252840e-01
8.807552349084023235e-02 1.380000000000000071e+01 -4.524036724306334523e-01 -1.125067676667195482e-01
8.807552349084023235e-02 1.390000000000000036e+01 -4.664094250985962309e-01 3.389591388120222898e-02
8.807552349084023235e-02 1.400000000000000000e+01 -4.456205454281182421e-01 1.841402188515149363e-01
8.807552349084023235e-02 1.410000000000000142e+01 -3.841795780210251476e-01 3.381340489614350631e-01
8.807552349084023235e-02 1.420000000000000107e+01 -2.640619287020324890e-01 4.856952665739778241e-01
8.807552349084023235e-02 1.430000000000000071e+01 -7.514251683819354877e-02 5.948400620542731998e-01
8.807552349084023235e-02 1.440000000000000036e+01 1.723322659013488412e-01 6.267625271535886000e-01
8.807552349084023235e-02 1.450000000000000000e+01 4.425836315978979307e-01 5.389917819063438920e-01
8.807552349084023235e-02 1.460000000000000142e+01 6.611112192702730539e-01 3.154590286959635392e-01
8.807552349084023235e-02 1.470000000000000107e+01 7.531758597386742915e-01 -2.238152835783464335e-03
8.807552349084023235e-02 1.480000000000000071e+01 6.795635824918483392e-01 -3.350390370375040394e-01
8.807552349084023235e-02 1.490000000000000036e+01 4.541310516712735446e-01 -5.867168951696094537e-01
8.807552349084023235e-02 1.500000000000000000e+01 1.531156116718697668e-01 -6.923005639243895448e-01
8.807552349084023235e-02 1.510000000000000142e+01 -1.362711592181224951e-01 -6.522878403899600164e-01
8.807552349084023235e-02 1.520000000000000107e+01 -3.542033264281406191e-01 -5.059679726793372412e-01
8.807552349084023235e-02 1.530000000000000071e+01 -4.746240037768045261e-01 -3.106693606557050513e-01
8.807552349084023235e-02 1.540000000000000036e+01 -5.104213515486796249e-01 -1.166295082933719723e-01
8.807552349084023235e-02 1.550000000000000000e+01 -4.885125198185656936e-01 5.492164863975373262e-02
8.807552349084023235e-02 1.560000000000000142e+01 -4.273310340934969309e-01 1.992498780364521382e-01
8.807552349084023235e-02 1.570000000000000107e+01 -3.394902163902632219e-01 3.172690155078201069e-01
8.807552349084023235e-02 1.580000000000000071e+01 -2.290889872250440051e-01 4.146885979031045277e-01
8.807552349084023235e-02 1.590000000000000036e+01 -8.879878207651957511e-02 4.899532223385801855e-01
8.807552349084023235e-02 1.600000000000000000e+01 8.660874941130071447e-02 5.261799095575612206e-01
8.807552349084023235e-02 1.610000000000000142e+01 2.888078390208452251e-01 4.996990573619929932e-01
8.807552349084023235e-02 1.619999999999999929e+01 4.942428507208120880e-01 3.865049891469433674e-01
8.807552349084023235e-02 1.630000000000000071e+01 6.557039113966610655e-01 1.709191501209090802e-01
8.807552349084023235e-02 1.640000000000000213e+01 7.077497936004905066e-01 -1.257497842943423039e-01
8.807552349084023235e-02 1.650000000000000000e+01 6.069170269895874936e-01 -4.335780951417174123e-01
8.807552349084023235e-02 1.660000000000000142e+01 3.622677123036295299e-01 -6.652532590417822300e-01
8.807552349084023235e-02 1.669999999999999929e+01 3.313952563005213153e-02 -7.512062904890324244e-01
8.807552349084023235e-02 1.680000000000000071e+01 -2.868950964320823305e-01 -6.685290064930400344e-01
8.807552349084023235e-02 1.690000000000000213e+01 -5.114857250167919034e-01 -4.590946649229266097e-01
8.807552349084023235e-02 1.700000000000000000e+01 -6.067656809629381476e-01 -2.006871246584836510e-01
8.807552349084023235e-02 1.710000000000000142e+01 -5.885820454204870877e-01 4.144592966064010453e-02
8.807552349084023235e-02 1.719999999999999929e+01 -4.927319051218244095e-01 2.311231376517258740e-01
8.807552349084023235e-02 1.730000000000000071e+01 -3.573555266471292735e-01 3.573113068798722258e-01
8.807552349084023235e-02 1.740000000000000213e+01 -2.113669396014148938e-01 4.286933814845469981e-01
8.807552349084023235e-02 1.750000000000000000e+01 -6.597874638875118880e-02 4.609933455883385989e-01
8.807552349084023235e-02 1.760000000000000142e+01 8.062962704619570931e-02 4.619815191609880634e-01
8.807552349084023235e-02 1.769999999999999929e+01 2.307838376734406283e-01 4.277586058009066328e-01
8.807552349084023235e-02 1.780000000000000071e+01 3.797114283388186018e-01 3.483568288181785877e-01
8.807552349084023235e-02 1.790000000000000213e+01 5.134479206279289887e-01 2.124588230971591329e-01
8.807552349084023235e-02 1.800000000000000000e+01 6.044271128162349571e-01 1.213977993490614714e-02
8.807552349084023235e-02 1.810000000000000142e+01 6.096200355948694360e-01 -2.421032687457048138e-01
8.807552349084023235e-02 1.819999999999999929e+01 4.890089573792124056e-01 -5.034979706205301442e-01
8.807552349084023235e-02 1.830000000000000071e+01 2.395844535699624689e-01 -6.956392495964457412e-01
8.807552349084023235e-02 1.840000000000000213e+01 -8.840163492626089414e-02 -7.490543251189083485e-01
8.807552349084023235e-02 1.850000000000000000e+01 -4.087375269984016013e-01 -6.361933630279096308e-01
8.807552349084023235e-02 1.860000000000000142e+01 -6.324843562508135619e-01 -3.858715869542173604e-01
8.807552349084023235e-02 1.869999999999999929e+01 -7.047466641284099165e-01 -7.459518002490098110e-02
8.807552349084023235e-02 1.880000000000000071e+01 -6.297673259566912707e-01 2.079893985062634121e-01
8.807552349084023235e-02 1.890000000000000213e+01 -4.602287444053564380e-01 4.035511551387253038e-01
8.807552349084023235e-02 1.900000000000000000e+01 -2.575418304773353095e-01 5.008011412677503271e-01
8.807552349084023235e-02 1.910000000000000142e+01 -6.304108865098689840e-02 5.177575659732100988e-01
8.807552349084023235e-02 1.920000000000000284e+01 1.048110578549779764e-01 4.789246574964073910e-01
8.807552349084023235e-02 1.930000000000000071e+01 2.418377536272665884e-01 4.043338408851976928e-01
8.807552349084023235e-02 1.940000000000000213e+01 3.511570448960287805e-01 3.057167973208403389e-01
8.807552349084023235e-02 1.950000000000000000e+01 4.372531508378136866e-01 1.853653087324112492e-01
8.807552349084023235e-02 1.960000000000000142e+01 4.981606166377628986e-01 3.810936869115467973e-02
8.807552349084023235e-02 1.970000000000000284e+01 5.185730178985480388e-01 -1.409972273611826699e-01
8.807552349084023235e-02 1.980000000000000071e+01 4.715335798226706343e-01 -3.439980838830138388e-01
8.807552349084023235e-02 1.990000000000000213e+01 3.320297280340825941e-01 -5.393338594261228858e-01
8.807552349084023235e-02 2.000000000000000000e+01 9.612224267443110481e-02 -6.737040886825311770e-01
8.807552349084023235e-02 2.010000000000000142e+01 -2.042596321714785224e-01 -6.905666763045195111e-01
8.807552349084023235e-02 2.020000000000000284e+01 -4.998654451185989833e-01 -5.565340891313862448e-01
8.807552349084023235e-02 2.030000000000000071e+01 -7.036428553293030408e-01 -2.855735975531772386e-01
8.807552349084023235e-02 2.040000000000000213e+01 -7.499184236854559149e-01 5.287370473782295605e-02
8.807552349084023235e-02 2.050000000000000000e+01 -6.301795802193053131e-01 3.596998020986679201e-01
8.807552349084023235e-02 2.060000000000000142e+01 -3.973714848329346072e-01 5.570819182361126387e-01
8.807552349084023235e-02 2.070000000000000284e+01 -1.315906455196363123e-01 6.214975421518652565e-01
8.807552349084023235e-02 2.080000000000000071e+01 1.035613475641053299e-01 5.758183494848606587e-01
8.807552349084023235e-02 2.090000000000000213e+01 2.786172021508825369e-01 4.624035021023046310e-01
8.807552349084023235e-02 2.100000000000000000e+01 3.902840366065122857e-01 3.184404343837913265e-01
8.807552349084023235e-02 2.110000000000000142e+01 4.486785262376485894e-01 1.665380333104961585e-01
8.807552349084023235e-02 2.120000000000000284e+01 4.665509990031841414e-01 1.717540837852719188e-02
8.807552349084023235e-02 2.130000000000000071e+01 4.510965057358449770e-01 -1.287453682797262133e-01
8.807552349084023235e-02 2.140000000000000213e+01 4.021646566570917791e-01 -2.738075506466108311e-01
8.807552349084023235e-02 2.150000000000000000e+01 3.097206929631063921e-01 -4.151909821928758682e-01
8.807552349084023235e-02 2.160000000000000142e+01 1.593665501301964327e-01 -5.379274772918041236e-01
8.807552349084023235e-02 2.170000000000000284e+01 -5.395100059964105105e-02 -6.085744029039641401e-01
8.807552349084023235e-02 2.180000000000000071e+01 -3.111821364462116213e-01 -5.832615850044400307e-01
8.807552349084023235e-02 2.190000000000000213e+01 -5.582567323693763406e-01 -4.313059022287822897e-01
8.807552349084023235e-02 2.200000000000000000e+01 -7.202915725300678140e-01 -1.595465959512892828e-01
8.807552349084023235e-02 2.210000000000000142e+01 -7.350979108023779629e-01 1.734966231422443717e-01
8.807552349084023235e-02 2.220000000000000284e+01 -5.846035029035401287e-01 4.779227433667349589e-01
8.807552349084023235e-02 2.230000000000000071e+01 -3.113014662722885517e-01 6.693852479852572257e-01
8.807552349084023235e-02 2.240000000000000213e+01 3.263124500036314064e-03 7.051782151177483637e-01
8.807552349084023235e-02 2.250000000000000000e+01 2.742204670875530437e-01 6.014993916010736852e-01
8.807552349084023235e-02 2.260000000000000142e+01 4.499019786287616340e-01 4.124347472437498996e-01
8.807552349084023235e-02 2.270000000000000284e+01 5.237747015888748470e-01 2.004562701791236523e-01
8.807552349084023235e-02 2.280000000000000071e+01 5.175518838384274289e-01 6.821477256284693390e-03
8.807552349084023235e-02 2.290000000000000213e+01 4.617974052307651789e-01 -1.526384507106184341e-01
8.807552349084023235e-02 2.300000000000000000e+01 3.763890151882523516e-01 -2.793851547918524969e-01
8.807552349084023235e-02 2.310000000000000142e+01 2.703297274216233115e-01 -3.803667733403642837e-01
8.807552349084023235e-02 2.320000000000000284e+01 1.413805003980266872e-01 -4.573910534323987753e-01
8.807552349084023235e-02 2.330000000000000071e+01 -1.457304995011846592e-02 -5.045550128779066057e-01
8.807552349084023235e-02 2.340000000000000213e+01 -1.981613952244861698e-01 -5.040579470347703595e-01
8.807552349084023235e-02 2.350000000000000000e+01 -3.958818782721219565e-01 -4.334515580474085916e-01
8.807552349084023235e-02 2.360000000000000142e+01 -5.747804217141581073e-01 -2.720404725626882070e-01
8.807552349084023235e-02 2.370000000000000284e+01 -6.831761944513233820e-01 -2.185371793826483902e-02
8.807552349084023235e-02 2.380000000000000071e+01 -6.667548709566446519e-01 2.811170625933840372e-01
8.807552349084023235e-02 2.390000000000000213e+01 -4.983833291621646566e-01 5.611025306148907932e-01
8.807552349084023235e-02 2.400000000000000000e+01 -2.037384766583113793e-01 7.326871564569490403e-01
8.807552349084023235e-02 2.410000000000000142e+01 1.372548848829369394e-01 7.381594999171162685e-01
8.807552349084023235e-02 2.420000000000000284e+01 4.271498029950860920e-01 5.842807284985906957e-01
8.807552349084023235e-02 2.430000000000000071e+01 5.957108100279435714e-01 3.315193330558843243e-01
8.807552349084023235e-02 2.440000000000000213e+01 6.292115858579886423e-01 6.189614840339165841e-02
8.807552349084023235e-02 2.450000000000000000e+01 5.571761769004125453e-01 -1.650476252036675029e-01
8.807552349084023235e-02 2.460000000000000142e+01 4.264526655547219991e-01 -3.235246751509348040e-01
8.807552349084023235e-02 2.470000000000000284e+01 2.740038955932894149e-01 -4.176281494121335536e-01
8.807552349084023235e-02 2.480000000000000071e+01 1.203273349200323639e-01 -4.605993476309607759e-01
8.807552349084023235e-02 2.490000000000000213e+01 -2.882451576904768165e-02 -4.663790486255835477e-01
8.807552349084023235e-02 2.500000000000000000e+01 -1.745170043622720213e-01 -4.388255850512823297e-01
8.807552349084023235e-02 2.510000000000000142e+01 -3.172012714697348690e-01 -3.754562703727277739e-01
8.807552349084023235e-02 2.520000000000000284e+01 -4.507816419415959230e-01 -2.653638217850912140e-01
8.807552349084023235e-02 2.530000000000000071e+01 -5.557579442001124859e-01 -9.953355132984312292e-02
8.807552349084023235e-02 2.540000000000000213e+01 -6.008006098658730254e-01 1.218406573952626887e-01
8.807552349084023235e-02 2.550000000000000000e+01 -5.462128757108378752e-01 3.739992687299293905e-01
8.807552349084023235e-02 2.560000000000000142e+01 -3.687953971191740843e-01 6.029604035928808337e-01
8.807552349084023235e-02 2.570000000000000284e+01 -8.022674120686833221e-02 7.361949092481399060e-01
8.807552349084023235e-02 2.580000000000000071e+01 2.548975577680739901e-01 7.140920432466066892e-01
8.807552349084023235e-02 2.590000000000000213e+01 5.432599663018232716e-01 5.287427024275095366e-01
8.807552349084023235e-02 2.600000000000000000e+01 7.009759035492965085e-01 2.319769887771854222e-01
8.807552349084023235e-02 2.610000000000000142e+01 6.978812875387701009e-01 -8.384120455614964273e-02
8.807552349084023235e-02 2.620000000000000284e+01 5.627973225749488551e-01 -3.380120875697592009e-01
8.807552349084023235e-02 2.630000000000000071e+01 3.575080301328373289e-01 -4.877829819131207501e-01
8.807552349084023235e-02 2.640000000000000213e+01 1.428467986551692770e-01 -5.371775473133296730e-01
8.807552349084023235e-02 2.650000000000000000e+01 -4.648087866363314474e-02 -5.121855649119397835e-01
8.807552349084023235e-02 2.660000000000000142e+01 -1.980020958967492750e-01 -4.418946410550099735e-01
8.807552349084023235e-02 2.670000000000000284e+01 -3.161036005850247355e-01 -3.460023205282422576e-01
8.807552349084023235e-02 2.680000000000000071e+01 -4.065801490633379478e-01 -2.303323626862704421e-01
8.807552349084023235e-02 2.690000000000000213e+01 -4.713319322324763805e-01 -9.432943800406898283e-02
8.807552349084023235e-02 2.700000000000000000e+01 -5.035586839329698750e-01 6.710035024481458832e-02
8.807552349084023235e-02 2.710000000000000142e+01 -4.844203552042766203e-01 2.520723449736959609e-01
8.807552349084023235e-02 2.720000000000000284e+01 -3.920478266795329736e-01 4.441563348403112510e-01
8.807552349084023235e-02 2.730000000000000071e+01 -2.088796309227095305e-01 6.070483177313695800e-01
8.807552349084023235e-02 2.740000000000000213e+01 5.654818409937140827e-02 6.856722998129936020e-01
8.807552349084023235e-02 2.750000000000000000e+01 3.571482777496337579e-01 6.321252566922477278e-01
8.807552349084023235e-02 2.760000000000000142e+01 6.152712920074924208e-01 4.298417767851175353e-01
8.807552349084023235e-02 2.770000000000000284e+01 7.480468491098574146e-01 1.181006418535654884e-01
8.807552349084023235e-02 2.780000000000000071e+01 7.143611578142984309e-01 -2.174831376741770406e-01
8.807552349084023235e-02 2.790000000000000213e+01 5.311137601944232456e-01 -4.854796240575753874e-01
8.807552349084023235e-02 2.800000000000000000e+01 2.647138029775937262e-01 -6.247870200098929461e-01
8.807552349084023235e-02 2.810000000000000142e+01 -5.028775317197231240e-03 -6.303971148582948603e-01
8.807552349084023235e-02 2.820000000000000284e+01 -2.232834409588632385e-01 -5.361529762282529754e-01
8.807552349084023235e-02 2.830000000000000071e+01 -3.674433286846218727e-01 -3.887076977447757598e-01
8.807552349084023235e-02 2.840000000000000213e+01 -4.439672917029163224e-01 -2.270807977723516280e-01
8.807552349084023235e-02 2.850000000000000000e+01 -4.698835654318370691e-01 -6.974327372184525864e-02
8.807552349084023235e-02 2.860000000000000142e+01 -4.584997161206152971e-01 7.802168644516839502e-02
8.807552349084023235e-02 2.870000000000000284e+01 -4.169127379510889075e-01 2.181922996523614489e-01
8.807552349084023235e-02 2.880000000000000071e+01 -3.409079941225709454e-01 3.535443011811585379e-01
8.807552349084023235e-02 2.890000000000000213e+01 -2.190761552547934032e-01 4.765098571721443355e-01
8.807552349084023235e-02 2.900000000000000000e+01 -4.284755438222738466e-02 5.669425168461387221e-01
8.807552349084023235e-02 2.910000000000000142e+01 1.855654935485892276e-01 5.909474617633593274e-01
8.807552349084023235e-02 2.920000000000000284e+01 4.361839966611366082e-01 5.083815516537759649e-01
8.807552349084023235e-02 2.930000000000000071e+01 6.470310642765961795e-01 3.012767547529150436e-01
8.807552349084023235e-02 2.940000000000000213e+01 7.459040638255380884e-01 -5.376820740810141566e-03
8.807552349084023235e-02 2.950000000000000000e+01 6.812476680998449385e-01 -3.388995034532314987e-01
8.807552349084023235e-02 2.960000000000000142e+01 4.596331830835294618e-01 -6.006148403487735488e-01
8.807552349084023235e-02 2.970000000000000284e+01 1.486923970582413879e-01 -7.188459771024353628e-01
8.807552349084023235e-02 2.980000000000000071e+01 -1.608899610292589544e-01 -6.783919639479205621e-01
8.807552349084023235e-02 2.990000000000000213e+01 -3.935251047379605405e-01 -5.171425387181974864e-01
8.807552349084023235e-02 3.000000000000000000e+01 -5.178409193344049033e-01 -3.011074307904549885e-01
8.807552349084023235e-02 3.010000000000000142e+01 -5.450271992022089895e-01 -8.593261344841532368e-02
8.807552349084023235e-02 3.020000000000000284e+01 -5.026083746053909840e-01 9.807478031977456823e-02
8.807552349084023235e-02 3.030000000000000071e+01 -4.186617220984187870e-01 2.416112307322003383e-01
8.807552349084023235e-02 3.040000000000000213e+01 -3.122341733269732300e-01 3.498691707106337812e-01
8.807552349084023235e-02 3.050000000000000000e+01 -1.882693014993221947e-01 4.297768429541101720e-01
8.807552349084023235e-02 3.060000000000000142e+01 -4.476642649811549829e-02 4.811741767821455240e-01
8.807552349084023235e-02 3.070000000000000284e+01 1.202732631964297805e-01 4.964387491958524024e-01
8.807552349084023235e-02 3.080000000000000071e+01 3.041653345440767930e-01 4.584742796409995713e-01
8.807552349084023235e-02 3.090000000000000213e+01 4.879922702263133627e-01 3.441546560083287298e-01
8.807552349084023235e-02 3.100000000000000000e+01 6.303703583297680657e-01 1.415098738072166351e-01
8.807552349084023235e-02 3.110000000000000142e+01 6.790484823717983787e-01 -1.334619113606201612e-01
8.807552349084023235e-02 3.120000000000000284e+01 5.901664812259761472e-01 -4.287631284135550724e-01
8.807552349084023235e-02 3.130000000000000071e+01 3.567759797988874770e-01 -6.618902884535182718e-01
8.807552349084023235e-02 3.140000000000000213e+01 3.089012918253685944e-02 -7.559268235799829760e-01
8.807552349084023235e-02 3.150000000000000000e+01 -2.966416669251446536e-01 -6.820456533124954479e-01
8.807552349084023235e-02 3.160000000000000142e+01 -5.387242083477853383e-01 -4.702572312454512682e-01
8.807552349084023235e-02 3.170000000000000284e+01 -6.452991227674603758e-01 -1.927220148818173384e-01
8.807552349084023235e-02 3.180000000000000071e+01 -6.204249470701749258e-01 7.215656817128850153e-02
8.807552349084023235e-02 3.190000000000000213e+01 -5.059151540639477140e-01 2.753158255924156306e-01
8.807552349084023235e-02 3.200000000000000000e+01 -3.478023583707270383e-01 4.032093726506125742e-01
8.807552349084023235e-02 3.210000000000000142e+01 -1.803991138400585503e-01 4.640669398653262112e-01
8.807552349084023235e-02 3.220000000000000284e+01 -2.183495513191649126e-02 4.749828610209989588e-01
8.807552349084023235e-02 3.230000000000000426e+01 1.249788943711207939e-01 4.506519405795705313e-01
8.807552349084023235e-02 3.239999999999999858e+01 2.629668737454212701e-01 3.950539415997514348e-01
8.807552349084023235e-02 3.250000000000000000e+01 3.913306236751923350e-01 3.030974447177298692e-01
8.807552349084023235e-02 3.260000000000000142e+01 5.010435448369242595e-01 1.667295671833845250e-01
8.807552349084023235e-02 3.270000000000000284e+01 5.712307718903673059e-01 -2.057809405823638610e-02
8.807552349084023235e-02 3.280000000000000426e+01 5.680476982035215228e-01 -2.516759558911870753e-01
8.807552349084023235e-02 3.289999999999999858e+01 4.562502339086219605e-01 -4.909201547218569606e-01
8.807552349084023235e-02 3.300000000000000000e+01 2.265298578959647202e-01 -6.757745662241874118e-01
8.807552349084023235e-02 3.310000000000000142e+01 -8.757648145317953325e-02 -7.385525630936781161e-01
8.807552349084023235e-02 3.320000000000000284e+01 -4.099845167384630895e-01 -6.387988592589129988e-01
8.807552349084023235e-02 3.330000000000000426e+01 -6.458689846343935725e-01 -3.912830703019111178e-01
8.807552349084023235e-02 3.339999999999999858e+01 -7.295757050249823683e-01 -6.972221627062720473e-02
8.807552349084023235e-02 3.350000000000000000e+01 -6.561784529612009198e-01 2.322789353807987733e-01
8.807552349084023235e-02 3.360000000000000142e+01 -4.723348759857306511e-01 4.467280225530000370e-01
8.807552349084023235e-02 3.370000000000000284e+01 -2.435087946033352435e-01 5.483963340152886445e-01
8.807552349084023235e-02 3.380000000000000426e+01 -2.560444830663929916e-02 5.512014913417414563e-01
8.807552349084023235e-02 3.389999999999999858e+01 1.518977224695978734e-01 4.882558273979357155e-01
8.807552349084023235e-02 3.400000000000000000e+01 2.853005184068460043e-01 3.897616275582613254e-01
8.807552349084023235e-02 3.410000000000000142e+01 3.812268642847986277e-01 2.720617694541649367e-01
8.807552349084023235e-02 3.420000000000000284e+01 4.463704770796929067e-01 1.402839671961024215e-01
8.807552349084023235e-02 3.430000000000000426e+01 4.817756199667140860e-01 -6.548945412992166100e-03
8.807552349084023235e-02 3.439999999999999858e+01 4.804245214288858090e-01 -1.714791056443383255e-01
8.807552349084023235e-02 3.450000000000000000e+01 4.243683615179945079e-01 -3.505143297424451743e-01
8.807552349084023235e-02 3.460000000000000142e+01 2.919929914919126568e-01 -5.223918272018104325e-01
8.807552349084023235e-02 3.470000000000000284e+01 7.479152519659051923e-02 -6.441568880023840205e-01
8.807552349084023235e-02 3.480000000000000426e+01 -2.059444777274311578e-01 -6.642331568413903931e-01
8.807552349084023235e-02 3.489999999999999858e+01 -4.922813645676647476e-01 -5.434031806476781190e-01
8.807552349084023235e-02 3.500000000000000000e+01 -7.012369115210600468e-01 -2.840787788408935532e-01
8.807552349084023235e-02 3.510000000000000142e+01 -7.590453952358306999e-01 5.419940022584503192e-02
8.807552349084023235e-02 3.520000000000000284e+01 -6.460126457700633429e-01 3.738925525510368164e-01
8.807552349084023235e-02 3.530000000000000426e+01 -4.058273220980375129e-01 5.890181088826201838e-01
8.807552349084023235e-02 3.539999999999999858e+01 -1.183711333125183340e-01 6.621027529787573140e-01
8.807552349084023235e-02 3.550000000000000000e+01 1.415448372728044524e-01 6.068432703292080399e-01
8.807552349084023235e-02 3.560000000000000142e+01 3.287895663376828592e-01 4.691818547552631391e-01
8.807552349084023235e-02 3.570000000000000284e+01 4.353440481996793676e-01 2.987501406680175831e-01
8.807552349084023235e-02 3.580000000000000426e+01 4.763903037500246684e-01 1.290553347264098982e-01
8.807552349084023235e-02 3.589999999999999858e+01 4.718379898349904233e-01 -2.751603998058539668e-02
8.807552349084023235e-02 3.600000000000000000e+01 4.336899802611270394e-01 -1.701736414389173058e-01
8.807552349084023235e-02 3.610000000000000142e+01 3.652716774936685118e-01 -3.014567456090152531e-01
8.807552349084023235e-02 3.620000000000000284e+01 2.620233063196791279e-01 -4.202849661583636376e-01
8.807552349084023235e-02 3.630000000000000426e+01 1.154353193618765788e-01 -5.176693259823551552e-01
8.807552349084023235e-02 3.639999999999999858e+01 -8.034350370584918133e-02 -5.700601492770602796e-01
8.807552349084023235e-02 3.650000000000000000e+01 -3.130883361353487548e-01 -5.424271977295281877e-01
8.807552349084023235e-02 3.660000000000000142e+01 -5.419936301938772516e-01 -4.033731366880319302e-01
8.807552349084023235e-02 3.670000000000000284e+01 -7.015035920728761587e-01 -1.511327976148014451e-01
8.807552349084023235e-02 3.680000000000000426e+01 -7.276617143476666882e-01 1.714449285973113912e-01
8.807552349084023235e-02 3.689999999999999858e+01 -5.895364808694752989e-01 4.813879196364820312e-01
8.807552349084023235e-02 3.700000000000000000e+01 -3.153936140830209123e-01 6.871721776418677763e-01
8.807552349084023235e-02 3.710000000000000142e+01 1.422778370239100205e-02 7.320100153174666779e-01
8.807552349084023235e-02 3.720000000000000284e+01 3.043367564230897715e-01 6.229984314196047590e-01
8.807552349084023235e-02 3.730000000000000426e+01 4.932806399059651570e-01 4.166157896001114747e-01
8.807552349084023235e-02 3.739999999999999858e+01 5.670778151850308646e-01 1.813176620871629618e-01
8.807552349084023235e-02 3.750000000000000000e+01 5.474325112504230262e-01 -3.267837670915458431e-02
8.807552349084023235e-02 3.760000000000000142e+01 4.673576407228964280e-01 -2.015930282899113246e-01
8.807552349084023235e-02 3.770000000000000284e+01 3.564053726758675822e-01 -3.231492800289931244e-01
8.807552349084023235e-02 3.780000000000000426e+01 2.307301337794659124e-01 -4.060705170884189030e-01
8.807552349084023235e-02 3.789999999999999858e+01 9.437622297422522399e-02 -4.585486536844377570e-01
8.807552349084023235e-02 3.800000000000000000e+01 -5.619137655083535771e-02 -4.811935041517965694e-01
8.807552349084023235e-02 3.810000000000000142e+01 -2.227047543041175970e-01 -4.630740726744931313e-01
8.807552349084023235e-02 3.820000000000000284e+01 -3.969238690770373057e-01 -3.867062723199674590e-01
8.807552349084023235e-02 3.830000000000000426e+01 -5.541653711226094403e-01 -2.344689083773443816e-01
8.807552349084023235e-02 3.840000000000000568e+01 -6.518648895582084268e-01 -3.523397745294570144e-03
8.807552349084023235e-02 3.850000000000000000e+01 -6.401721402975809605e-01 2.801545055969172915e-01
8.807552349084023235e-02 3.860000000000000142e+01 -4.852988706722492496e-01 5.525468967427665801e-01
8.807552349084023235e-02 3.870000000000000284e+01 -2.020609269012620945e-01 7.290816443364653843e-01
8.807552349084023235e-02 3.880000000000000426e+01 1.397760092004313448e-01 7.460266753709868803e-01
8.807552349084023235e-02 3.890000000000000568e+01 4.418483917717309639e-01 5.971929165532392503e-01
8.807552349084023235e-02 3.900000000000000000e+01 6.268063191955823843e-01 3.366343849714263370e-01
8.807552349084023235e-02 3.910000000000000142e+01 6.667814667784744964e-01 4.555529870643393320e-02
8.807552349084023235e-02 3.920000000000000284e+01 5.847018766731982842e-01 -2.038404505437811376e-01
8.807552349084023235e-02 3.930000000000000426e+01 4.300952698295608112e-01 -3.741499921749492641e-01
8.807552349084023235e-02 3.940000000000000568e+01 2.513235095298472221e-01 -4.622624180675697914e-01
8.807552349084023235e-02 3.950000000000000000e+01 7.931727819132682045e-02 -4.865220586970114280e-01
8.807552349084023235e-02 3.960000000000000142e+01 -7.570043630491822551e-02 -4.670744121902610790e-01
8.807552349084023235e-02 3.970000000000000284e+01 -2.144710288090689587e-01 -4.157687152691230126e-01
8.807552349084023235e-02 3.980000000000000426e+01 -3.403104107021994174e-01 -3.347016966760316681e-01
8.807552349084023235e-02 3.990000000000000568e+01 -4.503282556023627814e-01 -2.178560255568151027e-01
8.807552349084023235e-02 4.000000000000000000e+01 -5.319597471649301079e-01 -5.839595664077027598e-02
8.807552349084023235e-02 4.010000000000000142e+01 -5.614456499859423744e-01 1.446391926427863794e-01
8.807552349084023235e-02 4.020000000000000284e+01 -5.060247082231453808e-01 3.740724740162642559e-01
8.807552349084023235e-02 4.030000000000000426e+01 -3.405761080437282873e-01 5.864089395167488838e-01
8.807552349084023235e-02 4.040000000000000568e+01 -6.938733005762146022e-02 7.162851287059343042e-01
8.807552349084023235e-02 4.050000000000000000e+01 2.551651999031701035e-01 7.022075790888584468e-01
8.807552349084023235e-02 4.060000000000000142e+01 5.443184280608679426e-01 5.268758236087978108e-01
8.807552349084023235e-02 4.070000000000000284e+01 7.126440612574852507e-01 2.328138465477392893e-01
8.807552349084023235e-02 4.080000000000000426e+01 7.185888792661964120e-01 -9.393245709452749392e-02
8.807552349084023235e-02 4.090000000000000568e+01 5.812006142572482270e-01 -3.658501912664490208e-01
8.807552349084023235e-02 4.100000000000000000e+01 3.592251493645546856e-01 -5.297695526843916314e-01
8.807552349084023235e-02 4.110000000000000142e+01 1.203566971251309875e-01 -5.779738582924410784e-01
8.807552349084023235e-02 4.120000000000000284e+01 -8.745327445239670094e-02 -5.371222314458627967e-01
8.807552349084023235e-02 4.130000000000000426e+01 -2.455865686327640685e-01 -4.426897690457118340e-01
8.807552349084023235e-02 4.140000000000000568e+01 -3.559704443423303277e-01 -3.228349344288707345e-01
8.807552349084023235e-02 4.150000000000000000e+01 -4.287091059980928098e-01 -1.909639932801679985e-01
8.807552349084023235e-02 4.160000000000000142e+01 -4.702011856273881074e-01 -4.848790984925520353e-02
8.807552349084023235e-02 4.170000000000000284e+01 -4.785199451750027366e-01 1.065907634590717024e-01
8.807552349084023235e-02 4.180000000000000426e+01 -4.427828950605641745e-01 2.739986655955031769e-01
8.807552349084023235e-02 4.190000000000000568e+01 -3.457255217526281066e-01 4.425471891639343736e-01
8.807552349084023235e-02 4.200000000000000000e+01 -1.732914831229836472e-01 5.839581640787609995e-01
8.807552349084023235e-02 4.210000000000000142e+01 7.219290118469949558e-02 6.549240101381198498e-01
8.807552349084023235e-02 4.220000000000000284e+01 3.562801922891186690e-01 6.073274312482882520e-01
8.807552349084023235e-02 4.230000000000000426e+01 6.088520239134426193e-01 4.175749837894167094e-01
8.807552349084023235e-02 4.240000000000000568e+01 7.484684711063428475e-01 1.131800836833746632e-01
8.807552349084023235e-02 4.250000000000000000e+01 7.216490512542526048e-01 -2.274809859990640504e-01
8.807552349084023235e-02 4.260000000000000142e+01 5.368425343761689117e-01 -5.061870974478047680e-01
8.807552349084023235e-02 4.270000000000000284e+01 2.587414904459336418e-01 -6.545409856552570904e-01
8.807552349084023235e-02 4.280000000000000426e+01 -2.944829274703125027e-02 -6.587129084301271975e-01
8.807552349084023235e-02 4.290000000000000568e+01 -2.619447525065532467e-01 -5.507799435048097436e-01
8.807552349084023235e-02 4.300000000000000000e+01 -4.108141952448740031e-01 -3.831999464174777326e-01
8.807552349084023235e-02 4.310000000000000142e+01 -4.797620906852717027e-01 -2.008643527912674365e-01
8.807552349084023235e-02 4.320000000000000284e+01 -4.874678268602505860e-01 -3.005721259517691799e-02
8.807552349084023235e-02 4.330000000000000426e+01 -4.543958445826651871e-01 1.203673476679536919e-01
8.807552349084023235e-02 4.340000000000000568e+01 -3.918866368832860103e-01 2.530306330239330825e-01
8.807552349084023235e-02 4.350000000000000000e+01 -3.008545841536266474e-01 3.713141106938382396e-01
8.807552349084023235e-02 4.360000000000000142e+01 -1.748467900701941857e-01 4.722687396233785639e-01
8.807552349084023235e-02 4.370000000000000284e+01 -5.742617478948460960e-03 5.418370697863807983e-01
8.807552349084023235e-02 4.380000000000000426e+01 2.046383620416533655e-01 5.516920400243690015e-01
8.807552349084023235e-02 4.390000000000000568e+01 4.325747996212302438e-01 4.697016869984704246e-01
8.807552349084023235e-02 4.400000000000000000e+01 6.284491862744919777e-01 2.768873877410688578e-01
8.807552349084023235e-02 4.410000000000000142e+01 7.266045980893593992e-01 -1.224435918483461269e-02
8.807552349084023235e-02 4.420000000000000284e+01 6.738507976828321810e-01 -3.363780958670335997e-01
8.807552349084023235e-02 4.430000000000000426e+01 4.636818787340340475e-01 -6.056550678251844122e-01
8.807552349084023235e-02 4.440000000000000568e+01 1.485886975387006037e-01 -7.391413540150707506e-01
8.807552349084023235e-02 4.450000000000000000e+01 -1.793050618513543359e-01 -7.044017808310966133e-01
8.807552349084023235e-02 4.460000000000000142e+01 -4.318123358546016033e-01 -5.327160544721334379e-01
8.807552349084023235e-02 4.470000000000000284e+01 -5.649795846098856211e-01 -2.928432369455640227e-01
8.807552349084023235e-02 4.480000000000000426e+01 -5.828360324540703408e-01 -5.299401397997574592e-02
8.807552349084023235e-02 4.490000000000000568e+01 -5.186036113954003435e-01 1.449600332402395109e-01
8.807552349084023235e-02 4.500000000000000000e+01 -4.098819004229591889e-01 2.890955868823155694e-01
8.807552349084023235e-02 4.510000000000000142e+01 -2.810995808641217342e-01 3.854248085587201333e-01
8.807552349084023235e-02 4.520000000000000284e+01 -1.436156464512901021e-01 4.436914532693239099e-01
8.807552349084023235e-02 4.530000000000000426e+01 1.031956416178951650e-03 4.700973837425335145e-01
8.807552349084023235e-02 4.540000000000000568e+01 1.551828823003571778e-01 4.630580689594865351e-01
8.807552349084023235e-02 4.550000000000000000e+01 3.175794925733141927e-01 4.109852309269274584e-01
8.807552349084023235e-02 4.560000000000000142e+01 4.754318504811585466e-01 2.981734144138186160e-01
8.807552349084023235e-02 4.570000000000000284e+01 5.998179745862373125e-01 1.121042304076827062e-01
8.807552349084023235e-02 4.580000000000000426e+01 6.458061746684401472e-01 -1.409285162588710116e-01
8.807552349084023235e-02 4.590000000000000568e+01 5.676961070119074249e-01 -4.202406467471005991e-01
8.807552349084023235e-02 4.600000000000000000e+01 3.507162551874835055e-01 -6.520118878178865485e-01
8.807552349084023235e-02 4.610000000000000142e+01 3.144712431463462382e-02 -7.577336987411065206e-01
8.807552349084023235e-02 4.620000000000000284e+01 -3.048956828618333281e-01 -6.936037827706754699e-01
8.807552349084023235e-02 4.630000000000000426e+01 -5.617928554967170918e-01 -4.788537233156296424e-01
8.807552349084023235e-02 4.640000000000000568e+01 -6.784866547493613176e-01 -1.862788934612362168e-01
8.807552349084023235e-02 4.650000000000000000e+01 -6.512805675828517993e-01 1.000813512192004207e-01
8.807552349084023235e-02 4.660000000000000142e+01 -5.193766523706705440e-01 3.191414478414359990e-01
8.807552349084023235e-02 4.670000000000000284e+01 -3.374741258927052012e-01 4.490277379573066052e-01
8.807552349084023235e-02 4.680000000000000426e+01 -1.496218483428366497e-01 4.987018707010236196e-01
8.807552349084023235e-02 4.690000000000000568e+01 2.140249302348860849e-02 4.898847258114291114e-01
8.807552349084023235e-02 4.700000000000000000e+01 1.689116023802658406e-01 4.414040948397810471e-01
8.807552349084023235e-02 4.710000000000000142e+01 2.954941979460123380e-01 3.646517376302496616e-01
8.807552349084023235e-02 4.720000000000000284e+01 4.043417507469588279e-01 2.604226836090090536e-01
8.807552349084023235e-02 4.730000000000000426e+01 4.918865241708016978e-01 1.225918192721457134e-01
8.807552349084023235e-02 4.740000000000000568e+01 5.419585826408915841e-01 -5.467744463648049891e-02
8.807552349084023235e-02 4.750000000000000000e+01 5.281717919441313303e-01 -2.661350296485111011e-01
8.807552349084023235e-02 4.760000000000000142e+01 4.200768610300513739e-01 -4.853636386459253549e-01
8.807552349084023235e-02 4.770000000000000284e+01 2.034692939452828475e-01 -6.588736833788935154e-01
8.807552349084023235e-02 4.780000000000000426e+01 -9.732819586763223618e-02 -7.211373397135275587e-01
8.807552349084023235e-02 4.790000000000000568e+01 -4.125774309004898166e-01 -6.282823723009571815e-01
8.807552349084023235e-02 4.800000000000000000e+01 -6.522707083276869655e-01 -3.873622179879177008e-01
8.807552349084023235e-02 4.810000000000000142e+01 -7.443676321839763910e-01 -6.200451588027260097e-02
8.807552349084023235e-02 4.820000000000000284e+01 -6.723838316493965239e-01 2.538300208073523412e-01
8.807552349084023235e-02 4.830000000000000426e+01 -4.772961652328365778e-01 4.811393901956417252e-01
8.807552349084023235e-02 4.840000000000000568e+01 -2.295204173167652018e-01 5.864249782305057668e-01
8.807552349084023235e-02 4.850000000000000000e+01 7.553521555737140875e-03 5.800471768072948953e-01
8.807552349084023235e-02 4.860000000000000142e+01 1.960002235960247585e-01 4.974667146939807383e-01
8.807552349084023235e-02 4.870000000000000284e+01 3.273291061167940552e-01 3.759031515171186166e-01
8.807552349084023235e-02 4.880000000000000426e+01 4.097096093639399084e-01 2.397539569938200721e-01
8.807552349084023235e-02 4.890000000000000568e+01 4.547842022308785093e-01 9.857131346383107839e-02
8.807552349084023235e-02 4.900000000000000000e+01 4.681460530883504445e-01 -4.739659788610442459e-02
8.807552349084023235e-02 4.910000000000000142e+01 4.477096959752102645e-01 -2.009580873835257742e-01
8.807552349084023235e-02 4.920000000000000284e+01 3.809748675216905189e-01 -3.604630410906700111e-01
8.807552349084023235e-02 4.930000000000000426e+01 2.508629016952811930e-01 -5.102707611017912592e-01
8.807552349084023235e-02 4.940000000000000568e+01 4.754750138867065018e-02 -6.165752814427051254e-01
8.807552349084023235e-02 4.950000000000000000e+01 -2.141505942086217862e-01 -6.331507008763592736e-01
8.807552349084023235e-02 4.960000000000000142e+01 -4.862039344806618479e-01 -5.209655783759017389e-01
8.807552349084023235e-02 4.970000000000000284e+01 -6.920801257455593269e-01 -2.746706726909373675e-01
8.807552349084023235e-02 4.980000000000000426e+01 -7.582957845346112169e-01 5.642878508306773538e-02
8.807552349084023235e-02 4.990000000000000568e+01 -6.541711531170040228e-01 3.823825156015979165e-01
8.807552349084023235e-02 5.000000000000000000e+01 -4.118862101746312843e-01 6.120212962412363567e-01
8.807552349084023235e-02 5.010000000000000142e+01 -1.081805259940009506e-01 6.945787822900909569e-01
8.807552349084023235e-02 5.020000000000000284e+01 1.723828771659107750e-01 6.341486100116552338e-01
8.807552349084023235e-02 5.030000000000000426e+01 3.736870592190772444e-01 4.785056845193539354e-01
8.807552349084023235e-02 5.040000000000000568e+01 4.810082550334905394e-01 2.843789477986104486e-01
8.807552349084023235e-02 5.050000000000000000e+01 5.090394748250219870e-01 9.392666609626269814e-02
8.807552349084023235e-02 5.060000000000000142e+01 4.819615049548402474e-01 -7.318906075758595253e-02
8.807552349084023235e-02 5.070000000000000284e+01 4.193097695935036340e-01 -2.132602944178745852e-01
8.807552349084023235e-02 5.080000000000000426e+01 3.314398811619210794e-01 -3.310927080362915942e-01
8.807552349084023235e-02 5.090000000000000568e+01 2.173931005323251342e-01 -4.297430548317662247e-01
8.807552349084023235e-02 5.100000000000000000e+01 7.075995542163469876e-02 -5.037357320856297171e-01
8.807552349084023235e-02 5.110000000000000142e+01 -1.126549457947370880e-01 -5.358738020597734186e-01
8.807552349084023235e-02 5.120000000000000284e+01 -3.234420254342401657e-01 -4.986917854812046302e-01
8.807552349084023235e-02 5.130000000000000426e+01 -5.308644347939898145e-01 -3.657834828161313223e-01
8.807552349084023235e-02 5.140000000000000568e+01 -6.796063416039003213e-01 -1.292363244231534425e-01
8.807552349084023235e-02 5.150000000000000000e+01 -7.069844950491639413e-01 1.779539037613582231e-01
8.807552349084023235e-02 5.160000000000000142e+01 -5.777068910968584659e-01 4.811517427333012464e-01
8.807552349084023235e-02 5.170000000000000284e+01 -3.106617686608354467e-01 6.902524143392634315e-01
8.807552349084023235e-02 5.180000000000000426e+01 2.156206188131614895e-02 7.440927631908125228e-01
8.807552349084023235e-02 5.190000000000000568e+01 3.254376321594515398e-01 6.372440421400248356e-01
8.807552349084023235e-02 5.200000000000000000e+01 5.274692836316891009e-01 4.190806742388535899e-01
8.807552349084023235e-02 5.210000000000000142e+01 6.034819564177910101e-01 1.637042457997618106e-01
8.807552349084023235e-02 5.220000000000000284e+01 5.720307852906055812e-01 -6.803369948434304093e-02
8.807552349084023235e-02 5.230000000000000426e+01 4.721311501804449917e-01 -2.451270452067469408e-01
8.807552349084023235e-02 5.240000000000000568e+01 3.394169779689831246e-01 -3.633134727301436384e-01
8.807552349084023235e-02 5.250000000000000000e+01 1.962270602844252976e-01 -4.318293219817696538e-01
8.807552349084023235e-02 5.260000000000000142e+01 5.157221734144458447e-02 -4.630869149768766513e-01
8.807552349084023235e-02 5.270000000000000284e+01 -9.576440904956519395e-02 -4.626800221698537663e-01
8.807552349084023235e-02 5.280000000000000426e+01 -2.481045260533565056e-01 -4.267403027345337829e-01
8.807552349084023235e-02 5.290000000000000568e+01 -4.013475066312612860e-01 -3.428429132675021029e-01
8.807552349084023235e-02 5.300000000000000000e+01 -5.374946153393111992e-01 -1.957842909429391987e-01
8.807552349084023235e-02 5.310000000000000142e+01 -6.221094320517464027e-01 1.934615272360322435e-02
8.807552349084023235e-02 5.320000000000000284e+01 -6.100540608478953741e-01 2.843025945399519361e-01
8.807552349084023235e-02 5.330000000000000426e+01 -4.660727561575614963e-01 5.448293580417065129e-01
8.807552349084023235e-02 5.340000000000000568e+01 -1.951993139383593201e-01 7.221189352292183283e-01
8.807552349084023235e-02 5.350000000000000000e+01 1.437228260077329511e-01 7.485414296419332647e-01
8.807552349084023235e-02 5.360000000000000142e+01 4.553102866820025185e-01 6.055040465484550216e-01
8.807552349084023235e-02 5.370000000000000284e+01 6.535516854879276361e-01 3.375360139619469901e-01
8.807552349084023235e-02 5.380000000000000426e+01 6.980436646756096319e-01 2.823538924135474137e-02
8.807552349084023235e-02 5.390000000000000568e+01 6.058962194090707909e-01 -2.396875706092961578e-01
8.807552349084023235e-02 5.400000000000000000e+01 4.314217342910433017e-01 -4.190533437843619313e-01
8.807552349084023235e-02 5.410000000000000142e+01 2.304644249911976805e-01 -5.037177400584917919e-01
8.807552349084023235e-02 5.420000000000000284e+01 4.116266742216415780e-02 -5.128808870894641103e-01
8.807552349084023235e-02 5.430000000000000426e+01 -1.211733098009347559e-01 -4.709951878478403353e-01
8.807552349084023235e-02 5.440000000000000568e+01 -2.552278228898186008e-01 -3.961455672696685970e-01
8.807552349084023235e-02 5.450000000000000000e+01 -3.649103614428118592e-01 -2.968413900073568201e-01
8.807552349084023235e-02 5.460000000000000142e+01 -4.527590192623867638e-01 -1.722330178836627423e-01
8.807552349084023235e-02 5.470000000000000284e+01 -5.116290028434473669e-01 -1.691643491435270569e-02
8.807552349084023235e-02 5.480000000000000426e+01 -5.238542441316028642e-01 1.706942235015659615e-01
8.807552349084023235e-02 5.490000000000000568e+01 -4.630779844336826989e-01 3.781223014181699371e-01
8.807552349084023235e-02 5.500000000000000000e+01 -3.063141396630343904e-01 5.703357263740826966e-01
8.807552349084023235e-02 5.510000000000000142e+01 -5.390245815513035332e-02 6.921120823783084575e-01
8.807552349084023235e-02 5.520000000000000284e+01 2.560723455203154364e-01 6.856450409758843012e-01
8.807552349084023235e-02 5.530000000000000426e+01 5.447561080813686507e-01 5.223673624381616198e-01
8.807552349084023235e-02 5.540000000000000568e+01 7.233594588888979660e-01 2.310333793382442769e-01
8.807552349084023235e-02 5.550000000000000000e+01 7.376303403367389100e-01 -1.069547427872615114e-01
8.807552349084023235e-02 5.560000000000000142e+01 5.946525540914330277e-01 -3.956014664372103362e-01
8.807552349084023235e-02 5.570000000000000284e+01 3.551868518364787453e-01 -5.695302994030815302e-01
8.807552349084023235e-02 5.580000000000000426e+01 9.429758453848195721e-02 -6.143812195067046567e-01
8.807552349084023235e-02 5.590000000000000568e+01 -1.297827922522503674e-01 -5.566148654277854879e-01
8.807552349084023235e-02 5.600000000000000000e+01 -2.916751789285630947e-01 -4.388945187214227106e-01
8.807552349084023235e-02 5.610000000000000142e+01 -3.933035424205273967e-01 -2.972171584488660923e-01
8.807552349084023235e-02 5.620000000000000284e+01 -4.472931241823058235e-01 -1.506048768834996887e-01
8.807552349084023235e-02 5.630000000000000426e+01 -4.657688822918457650e-01 -4.587759126857175219e-03
8.807552349084023235e-02 5.640000000000000568e+01 -4.521261680531432625e-01 1.429784405497502020e-01
8.807552349084023235e-02 5.650000000000000000e+01 -4.010051560127710357e-01 2.929379526610221274e-01
8.807552349084023235e-02 5.660000000000000142e+01 -3.003419393940329751e-01 4.385121435676678781e-01
8.807552349084023235e-02 5.670000000000000284e+01 -1.373717554177068811e-01 5.598336263873788798e-01
8.807552349084023235e-02 5.680000000000000426e+01 8.916284228391221922e-02 6.198277583064137897e-01
8.807552349084023235e-02 5.690000000000000568e+01 3.528874138748505085e-01 5.759557253087889128e-01
8.807552349084023235e-02 5.700000000000000000e+01 5.948390906414792179e-01 4.011276185126960714e-01
8.807552349084023235e-02 5.710000000000000142e+01 7.382768171448108596e-01 1.114318926167726237e-01
8.807552349084023235e-02 5.720000000000000284e+01 7.247953215482344502e-01 -2.260920076701815884e-01
8.807552349084023235e-02 5.730000000000000426e+01 5.488176597961440528e-01 -5.176050839878004739e-01
8.807552349084023235e-02 5.740000000000000568e+01 2.621733680522552179e-01 -6.830949062789296589e-01
8.807552349084023235e-02 5.750000000000000000e+01 -4.741985302000708419e-02 -6.929150887049877472e-01
8.807552349084023235e-02 5.760000000000000142e+01 -3.015766474173314227e-01 -5.734285802832959078e-01
8.807552349084023235e-02 5.770000000000000284e+01 -4.598889106378491465e-01 -3.822950077753992093e-01
8.807552349084023235e-02 5.780000000000000426e+01 -5.222114798197488028e-01 -1.753799091961965873e-01
8.807552349084023235e-02 5.790000000000000568e+01 -5.120234430895104216e-01 1.214363041793615691e-02
8.807552349084023235e-02 5.800000000000000000e+01 -4.545488070864173724e-01 1.683610779926604517e-01
8.807552349084023235e-02 5.810000000000000142e+01 -3.676047559301940937e-01 2.937396858337540939e-01
8.807552349084023235e-02 5.820000000000000284e+01 -2.585475088532437904e-01 3.936124137328803063e-01
8.807552349084023235e-02 5.830000000000000426e+01 -1.258867654843711104e-01 4.695416567158619547e-01
8.807552349084023235e-02 5.840000000000000568e+01 3.570913742684187625e-02 5.137334127469972422e-01
8.807552349084023235e-02 5.850000000000000000e+01 2.257607199531086462e-01 5.075582984053370605e-01
8.807552349084023235e-02 5.860000000000000142e+01 4.292353630137508147e-01 4.248100635438374906e-01
8.807552349084023235e-02 5.870000000000000284e+01 6.064430798372696385e-01 2.452217645620305142e-01
8.807552349084023235e-02 5.880000000000000426e+01 7.000746177973412587e-01 -2.388861141683019246e-02
8.807552349084023235e-02 5.890000000000000568e+01 6.566727434648422790e-01 -3.342976675159605726e-01
8.807552349084023235e-02 5.900000000000000000e+01 4.587891586174960290e-01 -6.038803417192721845e-01
8.807552349084023235e-02 5.910000000000000142e+01 1.466948441220967403e-01 -7.470659634343999045e-01
8.807552349084023235e-02 5.920000000000000284e+01 -1.910431754869370002e-01 -7.209033670427882345e-01
8.807552349084023235e-02 5.930000000000000426e+01 -4.604828943140035769e-01 -5.447115455237625525e-01
8.807552349084023235e-02 5.940000000000000568e+01 -6.038074640115952407e-01 -2.872015712344064831e-01
8.807552349084023235e-02 5.950000000000000000e+01 -6.175336421805526221e-01 -2.550916038832500704e-02
8.807552349084023235e-02 5.960000000000000142e+01 -5.363841423037095657e-01 1.881607738494742443e-01
8.807552349084023235e-02 5.970000000000000284e+01 -4.037543984020808274e-01 3.357042870716331895e-01
8.807552349084023235e-02 5.980000000000000426e+01 -2.532811342683781164e-01 4.215438677060638906e-01
8.807552349084023235e-02 5.990000000000000568e+01 -1.024623202320192467e-01 4.604683339802587150e-01
