6.165286644358816126e-01 0.000000000000000000e+00 1.000000000000000000e+00 -0.000000000000000000e+00
6.165286644358816126e-01 1.000000000000000056e-01 7.899359727273119747e-01 -4.843012590054115996e-01
6.165286644358816126e-01 2.000000000000000111e-01 4.435255217177189180e-01 -7.329749171277355480e-01
6.165286644358816126e-01 3.000000000000000444e-01 7.340211334265001053e-02 -7.829667549462671072e-01
6.165286644358816126e-01 4.000000000000000222e-01 -2.336730320865849087e-01 -6.760197149456487198e-01
6.165286644358816126e-01 5.000000000000000000e-01 -4.335546147779296700e-01 -4.805369554177257307e-01
6.165286644358816126e-01 6.000000000000000888e-01 -5.260481088555077900e-01 -2.605962395829005129e-01
6.165286644358816126e-01 7.000000000000000666e-01 -5.359059019759520037e-01 -5.633426929933739447e-02
6.165286644358816126e-01 8.000000000000000444e-01 -4.915057864378139518e-01 1.170253977874341766e-01
6.165286644358816126e-01 9.000000000000000222e-01 -4.123976313329394960e-01 2.598463526690498737e-01
6.165286644358816126e-01 1.000000000000000000e+00 -3.062175442021282668e-01 3.769242812154583455e-01
6.165286644358816126e-01 1.100000000000000089e+00 -1.712782174436205118e-01 4.688732945734802593e-01
6.165286644358816126e-01 1.200000000000000178e+00 -2.709344875509292483e-03 5.265408329375461660e-01
6.165286644358816126e-01 1.300000000000000044e+00 1.984485455957769595e-01 5.290978872072152894e-01
6.165286644358816126e-01 1.400000000000000133e+00 4.142356407857755163e-01 4.488100678219243411e-01
6.165286644358816126e-01 1.500000000000000000e+00 6.022264613733625538e-01 2.655043111331397143e-01
6.165286644358816126e-01 1.600000000000000089e+00 7.010453061207667647e-01 -1.197020911359543763e-02
6.165286644358816126e-01 1.700000000000000178e+00 6.550686442826016975e-01 -3.306179801307906896e-01
6.165286644358816126e-01 1.800000000000000044e+00 4.493714656498855042e-01 -6.021158831104993503e-01
6.165286644358816126e-01 1.900000000000000133e+00 1.303703609850347667e-01 -7.397193821580341222e-01
6.165286644358816126e-01 2.000000000000000000e+00 -2.086983633157860896e-01 -7.026434849260571047e-01
6.165286644358816126e-01 2.100000000000000089e+00 -4.719055101484796455e-01 -5.159718279003152608e-01
6.165286644358816126e-01 2.200000000000000178e+00 -6.039114852730701477e-01 -2.519334160396588529e-01
6.165286644358816126e-01 2.300000000000000266e+00 -6.041463735194565476e-01 1.081470554623756471e-02
6.165286644358816126e-01 2.400000000000000355e+00 -5.096149442714119626e-01 2.200240120883406314e-01
6.165286644358816126e-01 2.500000000000000000e+00 -3.661302775486862671e-01 3.583562000775967205e-01
6.165286644358816126e-01 2.600000000000000089e+00 -2.079750743138776559e-01 4.325768387203214327e-01
6.165286644358816126e-01 2.700000000000000178e+00 -5.224056053531010019e-02 4.575810858952429339e-01
6.165286644358816126e-01 2.800000000000000266e+00 9.690823231687314965e-02 4.448378010011525552e-01
6.165286644358816126e-01 2.900000000000000355e+00 2.404446540316642345e-01 3.972632544831159462e-01
6.165286644358816126e-01 3.000000000000000000e+00 3.765310362951646006e-01 3.091344773641893640e-01
6.165286644358816126e-01 3.100000000000000089e+00 4.934560467617477020e-01 1.702935420711449710e-01
6.165286644358816126e-01 3.200000000000000178e+00 5.652922065327373735e-01 -2.470483694751974407e-02
6.165286644358816126e-01 3.300000000000000266e+00 5.548143523754118789e-01 -2.632405351412094863e-01
6.165286644358816126e-01 3.400000000000000355e+00 4.285449296807846142e-01 -5.034083618716509445e-01
6.165286644358816126e-01 3.500000000000000000e+00 1.817090471697310472e-01 -6.768162829721708906e-01
6.165286644358816126e-01 3.600000000000000089e+00 -1.416808251411397768e-01 -7.137705954370404671e-01
6.165286644358816126e-01 3.700000000000000178e+00 -4.540620367942845848e-01 -5.818917975745937499e-01
6.165286644358816126e-01 3.800000000000000266e+00 -6.606157450763479044e-01 -3.117087889488741603e-01
6.165286644358816126e-01 3.900000000000000355e+00 -7.057183062280401042e-01 1.353009854454154809e-02
6.165286644358816126e-01 4.000000000000000000e+00 -5.967664531705083597e-01 2.993212250251831574e-01
6.165286644358816126e-01 4.100000000000000533e+00 -3.904169684513869587e-01 4.829174992531058419e-01
6.165286644358816126e-01 4.200000000000000178e+00 -1.562941092387349906e-01 5.502734296509711465e-01
6.165286644358816126e-01 4.299999999999999822e+00 5.412761389509675169e-02 5.238313199053862279e-01
6.165286644358816126e-01 4.400000000000000355e+00 2.179137220056130142e-01 4.383230167549932443e-01
6.165286644358816126e-01 4.500000000000000000e+00 3.337945714977382794e-01 3.222370799151870191e-01
6.165286644358816126e-01 4.600000000000000533e+00 4.094883828880554466e-01 1.909955463926489572e-01
6.165286644358816126e-01 4.700000000000000178e+00 4.512731502921313309e-01 4.880224838349871141e-02
6.165286644358816126e-01 4.800000000000000711e+00 4.580230640889941252e-01 -1.054392508605928869e-01
6.165286644358816126e-01 4.900000000000000355e+00 4.193768803173602566e-01 -2.705137237708202247e-01
6.165286644358816126e-01 5.000000000000000000e+00 3.186272810796856314e-01 -4.344763100004790934e-01
6.165286644358816126e-01 5.100000000000000533e+00 1.421729971991743391e-01 -5.679508201268262946e-01
6.165286644358816126e-01 5.200000000000000178e+00 -1.046263525577933312e-01 -6.252855157113319517e-01
6.165286644358816126e-01 5.300000000000000711e+00 -3.824578727551401491e-01 -5.601959800154135971e-01
6.165286644358816126e-01 5.400000000000000355e+00 -6.182722532476545574e-01 -3.542390063263420319e-01
6.165286644358816126e-01 5.500000000000000000e+00 -7.308710057982831243e-01 -4.142855377232388531e-02
6.165286644358816126e-01 5.600000000000000533e+00 -6.726567778624071847e-01 2.938306949441727989e-01
6.165286644358816126e-01 5.700000000000000178e+00 -4.592132665865633068e-01 5.522576335341589093e-01
6.165286644358816126e-01 5.800000000000000711e+00 -1.626878732927312388e-01 6.672923056557937826e-01
6.165286644358816126e-01 5.900000000000000355e+00 1.268809296758267036e-01 6.315523265174423084e-01
6.165286644358816126e-01 6.000000000000000000e+00 3.434145785188427169e-01 4.870651808270090033e-01
6.165286644358816126e-01 6.100000000000000533e+00 4.632736692745688667e-01 2.932415928064376343e-01
6.165286644358816126e-01 6.200000000000000178e+00 4.969811620181752154e-01 9.800951839182354963e-02
6.165286644358816126e-01 6.300000000000000711e+00 4.690991243193893823e-01 -7.349925595170851700e-02
6.165286644358816126e-01 6.400000000000000355e+00 4.016836049012202370e-01 -2.151131365813567231e-01
6.165286644358816126e-01 6.500000000000000000e+00 3.068971664173639202e-01 -3.296106242366643180e-01
6.165286644358816126e-01 6.600000000000000533e+00 1.869196743481649770e-01 -4.194904159559706969e-01
6.165286644358816126e-01 6.700000000000000178e+00 3.840876777552400256e-02 -4.802314062146508244e-01
6.165286644358816126e-01 6.800000000000000711e+00 -1.403105376661893111e-01 -4.968860928101834773e-01
6.165286644358816126e-01 6.900000000000000355e+00 -3.392440231724742072e-01 -4.454634535972371023e-01
6.165286644358816126e-01 7.000000000000000000e+00 -5.274996311206603394e-01 -3.027908082709855897e-01
6.165286644358816126e-01 7.100000000000000533e+00 -6.523389459360949827e-01 -6.477441847876394543e-02
6.165286644358816126e-01 7.200000000000000178e+00 -6.550815215754448584e-01 2.345027626674711652e-01
6.165286644358816126e-01 7.300000000000000711e+00 -5.030034623870196508e-01 5.200616189905740150e-01
6.165286644358816126e-01 7.400000000000000355e+00 -2.183126034452921027e-01 7.017321914078598066e-01
6.165286644358816126e-01 7.500000000000000000e+00 1.207448648460535817e-01 7.182969764242107535e-01
6.165286644358816126e-01 7.600000000000000533e+00 4.140125131558680116e-01 5.704022886287828387e-01
6.165286644358816126e-01 7.700000000000000178e+00 5.871773934692611219e-01 3.174358211010476771e-01
6.165286644358816126e-01 7.800000000000000711e+00 6.200688343224450838e-01 4.208176689872982629e-02
6.165286644358816126e-01 7.900000000000000355e+00 5.405852760827483117e-01 -1.895743676729024496e-01
6.165286644358816126e-01 8.000000000000000000e+00 3.969522164869798697e-01 -3.473331640698784639e-01
6.165286644358816126e-01 8.099999999999999645e+00 2.314908627291027976e-01 -4.319783879967775686e-01
6.165286644358816126e-01 8.200000000000001066e+00 6.890539019682231925e-02 -4.589718973867629725e-01
6.165286644358816126e-01 8.300000000000000711e+00 -8.224001360497708302e-02 -4.438938986637044337e-01
6.165286644358816126e-01 8.400000000000000355e+00 -2.220004521638858086e-01 -3.947596887390392717e-01
6.165286644358816126e-01 8.500000000000000000e+00 -3.507216230511213118e-01 -3.104530289848320135e-01
6.165286644358816126e-01 8.599999999999999645e+00 -4.617436436300357272e-01 -1.835718411807017725e-01
6.165286644358816126e-01 8.700000000000001066e+00 -5.361828215538375630e-01 -7.518512879648035600e-03
6.165286644358816126e-01 8.800000000000000711e+00 -5.427854393502584696e-01 2.120884986915194392e-01
6.165286644358816126e-01 8.900000000000000355e+00 -4.476788570895636754e-01 4.451794673559555937e-01
6.165286644358816126e-01 9.000000000000000000e+00 -2.354691588482550058e-01 6.337220416474369511e-01
6.165286644358816126e-01 9.099999999999999645e+00 6.759125554728438734e-02 7.077660288715565962e-01
6.165286644358816126e-01 9.200000000000001066e+00 3.877090536232294937e-01 6.201538003618040085e-01
6.165286644358816126e-01 9.300000000000000711e+00 6.285772739655964836e-01 3.796694420201505715e-01
6.165286644358816126e-01 9.400000000000000355e+00 7.173025129282609713e-01 5.560454592081270908e-02
6.165286644358816126e-01 9.500000000000000000e+00 6.401393149815340911e-01 -2.544338697867023491e-01
6.165286644358816126e-01 9.600000000000001421e+00 4.425757812780423128e-01 -4.715867520547191716e-01
6.165286644358816126e-01 9.700000000000001066e+00 1.975521467668730491e-01 -5.651672245267713723e-01
6.165286644358816126e-01 9.800000000000000711e+00 -3.180859868864927692e-02 -5.499901424096805824e-01
6.165286644358816126e-01 9.900000000000000355e+00 -2.115844973393625206e-01 -4.627510691989874525e-01
6.165286644358816126e-01 1.000000000000000000e+01 -3.351614820548450835e-01 -3.386908867358461861e-01
6.165286644358816126e-01 1.010000000000000142e+01 -4.104997378039940137e-01 -2.000515703365015885e-01
6.165286644358816126e-01 1.020000000000000107e+01 -4.472028286987160262e-01 -5.560729720751583782e-02
6.165286644358816126e-01 1.030000000000000071e+01 -4.489986754899619736e-01 9.418382387442848780e-02
6.165286644358816126e-01 1.040000000000000036e+01 -4.108447195102354343e-01 2.494689185148014632e-01
6.165286644358816126e-01 1.050000000000000000e+01 -3.199867352777144847e-01 4.030545286949961392e-01
6.165286644358816126e-01 1.060000000000000142e+01 -1.629364504608322439e-01 5.335921215418304442e-01
6.165286644358816126e-01 1.070000000000000107e+01 6.126143116160401997e-02 6.030468287778040226e-01
6.165286644358816126e-01 1.080000000000000071e+01 3.261246069338070708e-01 5.665065257708764568e-01
6.165286644358816126e-01 1.090000000000000036e+01 5.705893252345912714e-01 3.959879880661134055e-01
6.165286644358816126e-01 1.100000000000000000e+01 7.150394482245501226e-01 1.072452154505756095e-01
6.165286644358816126e-01 1.110000000000000142e+01 6.985587338771688248e-01 -2.300293554594431134e-01
6.165286644358816126e-01 1.120000000000000107e+01 5.154344239305128639e-01 -5.167098062566158889e-01
6.165286644358816126e-01 1.130000000000000071e+01 2.238574619682226485e-01 -6.708313394922491568e-01
6.165286644358816126e-01 1.140000000000000036e+01 -8.452277033371050075e-02 -6.650825788457460641e-01
6.165286644358816126e-01 1.150000000000000000e+01 -3.295775007414031843e-01 -5.308142427593495194e-01
6.165286644358816126e-01 1.160000000000000142e+01 -4.726632265089873997e-01 -3.293515182757484339e-01
6.165286644358816126e-01 1.170000000000000107e+01 -5.169640428359644213e-01 -1.186445342107602108e-01
6.165286644358816126e-01 1.180000000000000071e+01 -4.879092974131318261e-01 6.666214735816271275e-02
6.165286644358816126e-01 1.190000000000000036e+01 -4.132370512585472611e-01 2.149185032711656840e-01
6.165286644358816126e-01 1.200000000000000000e+01 -3.110706261374797665e-01 3.283910409655281804e-01
6.165286644358816126e-01 1.210000000000000142e+01 -1.885514646641606729e-01 4.118931155171474123e-01
6.165286644358816126e-01 1.220000000000000107e+01 -4.466022294419644961e-02 4.656294731843013124e-01
6.165286644358816126e-01 1.230000000000000071e+01 1.224354319260653884e-01 4.802151251096302698e-01
6.165286644358816126e-01 1.240000000000000036e+01 3.074795934752331261e-01 4.371761970367618044e-01
6.165286644358816126e-01 1.250000000000000000e+01 4.880960770987711195e-01 3.145737370205027861e-01
6.165286644358816126e-01 1.260000000000000142e+01 6.209881656297383534e-01 1.025976944924075762e-01
6.165286644358816126e-01 1.270000000000000107e+01 6.505190348490865748e-01 -1.784375425506672108e-01
6.165286644358816126e-01 1.280000000000000071e+01 5.349722790249064053e-01 -4.670540787555952922e-01
6.165286644358816126e-01 1.290000000000000036e+01 2.780951220379094257e-01 -6.766078324927565779e-01
6.165286644358816126e-01 1.300000000000000000e+01 -5.792109099050702509e-02 -7.331520236023972847e-01
6.165286644358816126e-01 1.310000000000000142e+01 -3.742064863509622086e-01 -6.169383666547162415e-01
6.165286644358816126e-01 1.320000000000000107e+01 -5.827930623906403262e-01 -3.726671107984650400e-01
6.165286644358816126e-01 1.330000000000000071e+01 -6.446291627428297755e-01 -8.356371280929908441e-02
6.165286644358816126e-01 1.340000000000000036e+01 -5.770682602802331695e-01 1.721427024547088624e-01
6.165286644358816126e-01 1.350000000000000000e+01 -4.290206920813894320e-01 3.508486563824853022e-01
6.165286644358816126e-01 1.360000000000000142e+01 -2.510462007138987151e-01 4.457201253118376894e-01
6.165286644358816126e-01 1.370000000000000107e+01 -7.649204849913943116e-02 4.724840751495973379e-01
6.165286644358816126e-01 1.380000000000000071e+01 8.084569463281769675e-02 4.508078967004846560e-01
6.165286644358816126e-01 1.390000000000000036e+01 2.192122679263536766e-01 3.942697260682485050e-01
6.165286644358816126e-01 1.400000000000000000e+01 3.407297031101741980e-01 3.068418507887278324e-01
6.165286644358816126e-01 1.410000000000000142e+01 4.427469064219611838e-01 1.844360522183178530e-01
6.165286644358816126e-01 1.420000000000000107e+01 5.125363099949552526e-01 2.135909613045352748e-02
6.165286644358816126e-01 1.430000000000000071e+01 5.256465446876765757e-01 -1.809944345805892807e-01
6.165286644358816126e-01 1.440000000000000036e+01 4.508695302527043758e-01 -4.019739205441444363e-01
6.165286644358816126e-01 1.450000000000000000e+01 2.675406323475720827e-01 -5.943443838061138740e-01
6.165286644358816126e-01 1.460000000000000142e+01 -1.228332935192603774e-02 -6.931265109725475160e-01
6.165286644358816126e-01 1.470000000000000107e+01 -3.304528172782823514e-01 -6.426969011858660874e-01
6.165286644358816126e-01 1.480000000000000071e+01 -5.950564457890190617e-01 -4.330554871568964015e-01
6.165286644358816126e-01 1.490000000000000036e+01 -7.220142937400710892e-01 -1.169110242234633612e-01
6.165286644358816126e-01 1.500000000000000000e+01 -6.775169841793181602e-01 2.112627194548406806e-01
6.165286644358816126e-01 1.510000000000000142e+01 -4.920022191682150159e-01 4.600901668319440363e-01
6.165286644358816126e-01 1.520000000000000107e+01 -2.379302516095985476e-01 5.813869014690615789e-01
6.165286644358816126e-01 1.530000000000000071e+01 1.129480892220200219e-02 5.794366288055226022e-01
6.165286644358816126e-01 1.540000000000000036e+01 2.097542655444943616e-01 4.905277109847018258e-01
6.165286644358816126e-01 1.550000000000000000e+01 3.433360333980741697e-01 3.564532448699198608e-01
6.165286644358816126e-01 1.560000000000000142e+01 4.189801724775116809e-01 2.073129828353778570e-01
6.165286644358816126e-01 1.570000000000000107e+01 4.496580506712737346e-01 5.705298719298751431e-02
6.165286644358816126e-01 1.580000000000000071e+01 4.437874631160451111e-01 -9.142171910128936430e-02
6.165286644358816126e-01 1.590000000000000036e+01 4.014519125411113998e-01 -2.385912877886267880e-01
6.165286644358816126e-01 1.600000000000000000e+01 3.146397050912373983e-01 -3.810569350411923129e-01
6.165286644358816126e-01 1.610000000000000142e+01 1.715898514800567043e-01 -5.041489026496076553e-01
6.165286644358816126e-01 1.619999999999999929e+01 -3.241143924117004249e-02 -5.776275497778526891e-01
6.165286644358816126e-01 1.630000000000000071e+01 -2.804387319641999388e-01 -5.610201230460680755e-01
6.165286644358816126e-01 1.640000000000000213e+01 -5.242775912339846522e-01 -4.216083362579409743e-01
6.165286644358816126e-01 1.650000000000000000e+01 -6.908584561158090942e-01 -1.603695906947010530e-01
6.165286644358816126e-01 1.660000000000000142e+01 -7.114367050976699858e-01 1.700278107371836767e-01
6.165286644358816126e-01 1.669999999999999929e+01 -5.616753873866243696e-01 4.762611253538132083e-01
6.165286644358816126e-01 1.680000000000000071e+01 -2.822297718747658335e-01 6.661632861261513883e-01
6.165286644358816126e-01 1.690000000000000213e+01 3.929061187185878962e-02 6.934058608290784020e-01
6.165286644358816126e-01 1.700000000000000000e+01 3.120897327508928010e-01 5.740624383719495905e-01
6.165286644358816126e-01 1.710000000000000142e+01 4.812345447724423186e-01 3.677308105756669221e-01
6.165286644358816126e-01 1.719999999999999929e+01 5.392833387868202211e-01 1.409782911343782918e-01
6.165286644358816126e-01 1.730000000000000071e+01 5.107704104975726578e-01 -6.053580148907920788e-02
6.165286644358816126e-01 1.740000000000000213e+01 4.282589718936331002e-01 -2.184008009752984036e-01
6.165286644358816126e-01 1.750000000000000000e+01 3.165955616017411822e-01 -3.327550968883637439e-01
6.165286644358816126e-01 1.760000000000000142e+01 1.882926402385483866e-01 -4.104344391681637449e-01
6.165286644358816126e-01 1.769999999999999929e+01 4.582549418888896137e-02 -4.557855098705732022e-01
6.165286644358816126e-01 1.780000000000000071e+01 -1.124823795023355139e-01 -4.650737191069079235e-01
6.165286644358816126e-01 1.790000000000000213e+01 -2.842619015553767281e-01 -4.249813792929456602e-01
6.165286644358816126e-01 1.800000000000000000e+01 -4.541504352752444573e-01 -3.168028002036153423e-01
6.165286644358816126e-01 1.810000000000000142e+01 -5.879163698821612272e-01 -1.278343278112129833e-01
6.165286644358816126e-01 1.819999999999999929e+01 -6.361783235331580633e-01 1.317397352599545268e-01
6.165286644358816126e-01 1.830000000000000071e+01 -5.532400789864160284e-01 4.151761305178981454e-01
6.165286644358816126e-01 1.840000000000000213e+01 -3.273879021746668450e-01 6.435068764014428844e-01
6.165286644358816126e-01 1.850000000000000000e+01 -3.000616918746907332e-03 7.363545928695522935e-01
6.165286644358816126e-01 1.860000000000000142e+01 3.284725782570378505e-01 6.550781078718376227e-01
6.165286644358816126e-01 1.869999999999999929e+01 5.698347268816537081e-01 4.267462054163196350e-01
6.165286644358816126e-01 1.880000000000000071e+01 6.640992013513746794e-01 1.293471176442476389e-01
6.165286644358816126e-01 1.890000000000000213e+01 6.135974212941185391e-01 -1.498706186423361952e-01
6.165286644358816126e-01 1.900000000000000000e+01 4.643846198356669230e-01 -3.523931557572084206e-01
6.165286644358816126e-01 1.910000000000000142e+01 2.738652885190989150e-01 -4.612860702684443703e-01
6.165286644358816126e-01 1.920000000000000284e+01 8.514369512109264126e-02 -4.899472728141502365e-01
6.165286644358816126e-01 1.930000000000000071e+01 -8.100177120857167401e-02 -4.620805561927072702e-01
6.165286644358816126e-01 1.940000000000000213e+01 -2.205778767847152433e-01 -3.969093494299214542e-01
6.165286644358816126e-01 1.950000000000000000e+01 -3.363732943293115674e-01 -3.035704433048652118e-01
6.165286644358816126e-01 1.960000000000000142e+01 -4.291910629218058659e-01 -1.821471203536969286e-01
6.165286644358816126e-01 1.970000000000000284e+01 -4.918113951372116155e-01 -2.842458750915961840e-02
6.165286644358816126e-01 1.980000000000000071e+01 -5.061791917933882168e-01 1.583166540794538335e-01
6.165286644358816126e-01 1.990000000000000213e+01 -4.459190864110371688e-01 3.647497114860487333e-01
6.165286644358816126e-01 2.000000000000000000e+01 -2.880740601726642924e-01 5.545529901462301625e-01
6.165286644358816126e-01 2.010000000000000142e+01 -3.359316165750964034e-02 6.700368404969797576e-01
6.165286644358816126e-01 2.020000000000000284e+01 2.745351370515225486e-01 6.525792133631609371e-01
6.165286644358816126e-01 2.030000000000000071e+01 5.541437515912794876e-01 4.768777258693784882e-01
6.165286644358816126e-01 2.040000000000000213e+01 7.156334037989917629e-01 1.767210713165868474e-01
6.165286644358816126e-01 2.050000000000000000e+01 7.069864438476174406e-01 -1.618111883494075254e-01
6.165286644358816126e-01 2.060000000000000142e+01 5.406679645074135010e-01 -4.400541434614879122e-01
6.165286644358816126e-01 2.070000000000000284e+01 2.827393504988773287e-01 -5.925824523623942630e-01
6.165286644358816126e-01 2.080000000000000071e+01 1.427262153486686877e-02 -6.088606141134850214e-01
6.165286644358816126e-01 2.090000000000000213e+01 -2.053517293834665469e-01 -5.216758271259880342e-01
6.165286644358816126e-01 2.100000000000000000e+01 -3.524437580789293034e-01 -3.782896460153233331e-01
6.165286644358816126e-01 2.110000000000000142e+01 -4.311591859452073572e-01 -2.169583470309815743e-01
6.165286644358816126e-01 2.120000000000000284e+01 -4.567800815350244181e-01 -5.835998265193460127e-02
6.165286644358816126e-01 2.130000000000000071e+01 -4.426494292511481965e-01 9.139513535480106587e-02
6.165286644358816126e-01 2.140000000000000213e+01 -3.940876894400337505e-01 2.328188329850015559e-01
6.165286644358816126e-01 2.150000000000000000e+01 -3.075074527808168701e-01 3.649868159102744314e-01
6.165286644358816126e-01 2.160000000000000142e+01 -1.741433931590832540e-01 4.786424819796234464e-01
6.165286644358816126e-01 2.170000000000000284e+01 1.195185009243392854e-02 5.511862353602582365e-01
6.165286644358816126e-01 2.180000000000000071e+01 2.416696249497914395e-01 5.482423911388484283e-01
6.165286644358816126e-01 2.190000000000000213e+01 4.786684808939329350e-01 4.358987873967027915e-01
6.165286644358816126e-01 2.200000000000000000e+01 6.591284635469802922e-01 2.039502313608577699e-01
6.165286644358816126e-01 2.210000000000000142e+01 7.124096833095358017e-01 -1.116672443449303748e-01
6.165286644358816126e-01 2.220000000000000284e+01 5.986945973796177212e-01 -4.289313849527738309e-01
6.165286644358816126e-01 2.230000000000000071e+01 3.390512518985921431e-01 -6.510415165124614489e-01
6.165286644358816126e-01 2.240000000000000213e+01 1.158605631108353823e-02 -7.139570081932014034e-01
6.165286644358816126e-01 2.250000000000000000e+01 -2.863852944226997210e-01 -6.160945901439587313e-01
6.165286644358816126e-01 2.260000000000000142e+01 -4.844224732602784300e-01 -4.102206336038263790e-01
6.165286644358816126e-01 2.270000000000000284e+01 -5.613669444718784041e-01 -1.686574829690333233e-01
6.165286644358816126e-01 2.280000000000000071e+01 -5.369690527926942458e-01 5.143530900007303036e-02
6.165286644358816126e-01 2.290000000000000213e+01 -4.476753580520005382e-01 2.221476578743957764e-01
6.165286644358816126e-01 2.300000000000000000e+01 -3.254859792038306554e-01 3.401680124898526780e-01
6.165286644358816126e-01 2.310000000000000142e+01 -1.892336970542164709e-01 4.136264135012250320e-01
6.165286644358816126e-01 2.320000000000000284e+01 -4.513580834487029847e-02 4.507077878799649606e-01
6.165286644358816126e-01 2.330000000000000071e+01 1.070841808530697964e-01 4.527898452906561344e-01
6.165286644358816126e-01 2.340000000000000213e+01 2.670198020134856298e-01 4.120549719461299443e-01
6.165286644358816126e-01 2.350000000000000000e+01 4.249232740760656712e-01 3.138177194435043948e-01
6.165286644358816126e-01 2.360000000000000142e+01 5.551415983968054357e-01 1.445686678073499210e-01
6.165286644358816126e-01 2.370000000000000284e+01 6.154217214863697549e-01 -9.304524495828138397e-02
6.165286644358816126e-01 2.380000000000000071e+01 5.601697836284761367e-01 -3.652249380932088285e-01
6.165286644358816126e-01 2.390000000000000213e+01 3.667009083183785934e-01 -6.037979195385924092e-01
6.165286644358816126e-01 2.400000000000000000e+01 6.165118389584660352e-02 -7.279608842386925405e-01
6.165286644358816126e-01 2.410000000000000142e+01 -2.762334401855643384e-01 -6.839792591085769313e-01
6.165286644358816126e-01 2.420000000000000284e+01 -5.466911760539837628e-01 -4.790245489261258927e-01
6.165286644358816126e-01 2.430000000000000071e+01 -6.759494238170539182e-01 -1.802611828993045395e-01
6.165286644358816126e-01 2.440000000000000213e+01 -6.485805269560362962e-01 1.199466798201649781e-01
6.165286644358816126e-01 2.450000000000000000e+01 -5.032887451335760209e-01 3.487624335806692732e-01
6.165286644358816126e-01 2.460000000000000142e+01 -3.018212505162730652e-01 4.761577422072351129e-01
6.165286644358816126e-01 2.470000000000000284e+01 -9.731426330722797724e-02 5.105834104385983396e-01
6.165286644358816126e-01 2.480000000000000071e+01 8.077087850435619998e-02 4.779097066141441696e-01
6.165286644358816126e-01 2.490000000000000213e+01 2.243093012111853912e-01 4.035007132283135456e-01
6.165286644358816126e-01 2.500000000000000000e+01 3.362492554804963896e-01 3.024880288862554778e-01
6.165286644358816126e-01 2.510000000000000142e+01 4.204746827647877216e-01 1.792943450370586000e-01
6.165286644358816126e-01 2.520000000000000284e+01 4.749228114801979372e-01 3.176404705848452636e-02
6.165286644358816126e-01 2.530000000000000071e+01 4.871516570103422983e-01 -1.418205751637288958e-01
6.165286644358816126e-01 2.540000000000000213e+01 4.361099861156709223e-01 -3.335167638883351771e-01
6.165286644358816126e-01 2.550000000000000000e+01 2.993755045235453882e-01 -5.160805622470006071e-01
6.165286644358816126e-01 2.560000000000000142e+01 7.065456772919091744e-02 -6.410996767165794141e-01
6.165286644358816126e-01 2.570000000000000284e+01 -2.213386350488044385e-01 -6.514369013670766595e-01
6.165286644358816126e-01 2.580000000000000071e+01 -5.074207463661837281e-01 -5.105714433177007683e-01
6.165286644358816126e-01 2.590000000000000213e+01 -6.981913817293817770e-01 -2.338019696798916414e-01
6.165286644358816126e-01 2.600000000000000000e+01 -7.271236360811239585e-01 1.069074162825401908e-01
6.165286644358816126e-01 2.610000000000000142e+01 -5.868252209799391661e-01 4.102897869912924267e-01
6.165286644358816126e-01 2.620000000000000284e+01 -3.318958337258434144e-01 5.960666042783571150e-01
6.165286644358816126e-01 2.630000000000000071e+01 -4.703579524397282635e-02 6.362737580690593919e-01
6.165286644358816126e-01 2.640000000000000213e+01 1.958237794695645295e-01 5.559632930262929928e-01
6.165286644358816126e-01 2.650000000000000000e+01 3.605818390568255039e-01 4.050598881581638500e-01
6.165286644358816126e-01 2.660000000000000142e+01 4.460635758225285907e-01 2.305156664045452108e-01
6.165286644358816126e-01 2.670000000000000284e+01 4.683598257828536782e-01 6.090310110868343840e-02
6.165286644358816126e-01 2.680000000000000071e+01 4.460558230071264840e-01 -9.293872593070438837e-02
6.165286644358816126e-01 2.690000000000000213e+01 3.895991827980188615e-01 -2.308181278040851714e-01
6.165286644358816126e-01 2.700000000000000000e+01 3.006953293026358720e-01 -3.537786446286200204e-01
6.165286644358816126e-01 2.710000000000000142e+01 1.735236840562179861e-01 -4.575995371091348685e-01
6.165286644358816126e-01 2.720000000000000284e+01 2.036127177523583496e-03 -5.258886439217790310e-01
6.165286644358816126e-01 2.730000000000000071e+01 -2.095677373209703098e-01 -5.312137040209058414e-01
6.165286644358816126e-01 2.740000000000000213e+01 -4.356883316604237555e-01 -4.409470823117657146e-01
6.165286644358816126e-01 2.750000000000000000e+01 -6.224339740085755857e-01 -2.378774979807245782e-01
6.165286644358816126e-01 2.760000000000000142e+01 -7.026246704545170418e-01 5.708071130547898164e-02
6.165286644358816126e-01 2.770000000000000284e+01 -6.253840112816828611e-01 3.766555026924282568e-01
6.165286644358816126e-01 2.780000000000000071e+01 -3.923188465539664826e-01 6.250784908138298235e-01
6.165286644358816126e-01 2.790000000000000213e+01 -6.753319028644660937e-02 7.251066644779091686e-01
6.165286644358816126e-01 2.800000000000000000e+01 2.518086435434414572e-01 6.552197116963397461e-01
6.165286644358816126e-01 2.810000000000000142e+01 4.804296441915655858e-01 4.559889094970007162e-01
6.165286644358816126e-01 2.820000000000000284e+01 5.810067175681411511e-01 2.024428400990390675e-01
6.165286644358816126e-01 2.830000000000000071e+01 5.655963808715043228e-01 -3.727982892880855187e-02
6.165286644358816126e-01 2.840000000000000213e+01 4.718612181776621339e-01 -2.243375295251716361e-01
6.165286644358816126e-01 2.850000000000000000e+01 3.388315233973296925e-01 -3.494319663159787814e-01
6.165286644358816126e-01 2.860000000000000142e+01 1.926475646831508348e-01 -4.208826166436755445e-01
6.165286644358816126e-01 2.870000000000000284e+01 4.428391472748344215e-02 -4.505599609851391185e-01
6.165286644358816126e-01 2.880000000000000071e+01 -1.049357476634543290e-01 -4.445723127818940745e-01
6.165286644358816126e-01 2.890000000000000213e+01 -2.552404019466625873e-01 -4.001500862881169907e-01
6.165286644358816126e-01 2.900000000000000000e+01 -4.009352638030271310e-01 -3.073366056112203371e-01
6.165286644358816126e-01 2.910000000000000142e+01 -5.240317892044994430e-01 -1.542083799313941628e-01
6.165286644358816126e-01 2.920000000000000284e+01 -5.906005879919307144e-01 6.193516833798141247e-02
6.165286644358816126e-01 2.930000000000000071e+01 -5.578634470337509033e-01 3.186076261645233165e-01
6.165286644358816126e-01 2.940000000000000213e+01 -3.961705691038268640e-01 5.599713108596802158e-01
6.165286644358816126e-01 2.950000000000000000e+01 -1.159103696659307958e-01 7.092213897778414378e-01
6.165286644358816126e-01 2.960000000000000142e+01 2.196937880444040092e-01 7.025264000751477722e-01
6.165286644358816126e-01 2.970000000000000284e+01 5.133307337548594917e-01 5.272987592590147043e-01
6.165286644358816126e-01 2.980000000000000071e+01 6.784959708447581006e-01 2.352922188080819321e-01
6.165286644358816126e-01 2.990000000000000213e+01 6.802115453539107071e-01 -8.192195896871945493e-02
6.165286644358816126e-01 3.000000000000000000e+01 5.447773575469885277e-01 -3.383034695131608149e-01
6.165286644358816126e-01 3.010000000000000142e+01 3.351949844590662586e-01 -4.886410841109495307e-01
6.165286644358816126e-01 3.020000000000000284e+01 1.142129780054960964e-01 -5.330209071243728891e-01
6.165286644358816126e-01 3.030000000000000071e+01 -7.853160087732974359e-02 -4.980160679611161934e-01
6.165286644358816126e-01 3.040000000000000213e+01 -2.290858058494279204e-01 -4.146328441265098586e-01
6.165286644358816126e-01 3.050000000000000000e+01 -3.396558104960674118e-01 -3.045358586710237847e-01
6.165286644358816126e-01 3.060000000000000142e+01 -4.166763667824467943e-01 -1.769660394924338354e-01
6.165286644358816126e-01 3.070000000000000284e+01 -4.622959898175563187e-01 -3.255351348006130935e-02
6.165286644358816126e-01 3.080000000000000071e+01 -4.699880320861821170e-01 1.304229658727784347e-01
6.165286644358816126e-01 3.090000000000000213e+01 -4.238576283736804062e-01 3.078893321770534430e-01
6.165286644358816126e-01 3.100000000000000000e+01 -3.039357857612445257e-01 4.805952288365403224e-01
6.165286644358816126e-01 3.110000000000000142e+01 -9.948439951116724855e-02 6.092541599980637601e-01
6.165286644358816126e-01 3.120000000000000284e+01 1.728918459255489870e-01 6.414316608091042982e-01
6.165286644358816126e-01 3.130000000000000071e+01 4.577740659209576513e-01 5.341168843783313802e-01
6.165286644358816126e-01 3.140000000000000213e+01 6.712355692016573894e-01 2.853185185829371084e-01
6.165286644358816126e-01 3.150000000000000000e+01 7.369352284259982344e-01 -4.877755426869909150e-02
6.165286644358816126e-01 3.160000000000000142e+01 6.280250096897267431e-01 -3.715572296321131840e-01
6.165286644358816126e-01 3.170000000000000284e+01 3.836347851368724360e-01 -5.905110978227952057e-01
6.165286644358816126e-01 3.180000000000000071e+01 8.659333725891148192e-02 -6.596093016233914863e-01
6.165286644358816126e-01 3.190000000000000213e+01 -1.798220618731439235e-01 -5.917606210573201908e-01
6.165286644358816126e-01 3.200000000000000000e+01 -3.659341449155049664e-01 -4.367512843397071132e-01
6.165286644358816126e-01 3.210000000000000142e+01 -4.622164048984592766e-01 -2.490531319902009322e-01
6.165286644358816126e-01 3.220000000000000284e+01 -4.842474297531167982e-01 -6.642937571961733678e-02
6.165286644358816126e-01 3.230000000000000426e+01 -4.545227042815565000e-01 9.457709363790499368e-02
6.165286644358816126e-01 3.239999999999999858e+01 -3.895484254416015091e-01 2.317477913260155564e-01
6.165286644358816126e-01 3.250000000000000000e+01 -2.956740234540429224e-01 3.477810046880047690e-01
6.165286644358816126e-01 3.260000000000000142e+01 -1.710352136407418677e-01 4.416825808284408073e-01
6.165286644358816126e-01 3.270000000000000284e+01 -1.073598512917758006e-02 5.035456004421203779e-01
6.165286644358816126e-01 3.280000000000000426e+01 1.843252506196754181e-01 5.119839566425307131e-01
6.165286644358816126e-01 3.289999999999999858e+01 3.965460087595227279e-01 4.386336649000004417e-01
6.165286644358816126e-01 3.300000000000000000e+01 5.834232846080567025e-01 2.624284163889271104e-01
6.165286644358816126e-01 3.310000000000000142e+01 6.835345585525972600e-01 -8.369339487472975125e-03
6.165286644358816126e-01 3.320000000000000284e+01 6.407338772919453085e-01 -3.216270563231383717e-01
6.165286644358816126e-01 3.330000000000000426e+01 4.396568880174392402e-01 -5.894570238779563986e-01
6.165286644358816126e-01 3.339999999999999858e+01 1.256794973681337746e-01 -7.253680386214141906e-01
6.165286644358816126e-01 3.350000000000000000e+01 -2.082914905750470891e-01 -6.884963504401823142e-01
6.165286644358816126e-01 3.360000000000000142e+01 -4.674437811051109781e-01 -5.037864011552901644e-01
6.165286644358816126e-01 3.370000000000000284e+01 -5.967055743263339762e-01 -2.426220780636073049e-01
6.165286644358816126e-01 3.380000000000000426e+01 -5.956219163254520277e-01 1.706942104543053562e-02
6.165286644358816126e-01 3.389999999999999858e+01 -5.006421204291250371e-01 2.235567036107486694e-01
6.165286644358816126e-01 3.400000000000000000e+01 -3.572302159576739577e-01 3.595094989370290484e-01
6.165286644358816126e-01 3.410000000000000142e+01 -1.994023176740101211e-01 4.318507532512417257e-01
6.165286644358816126e-01 3.420000000000000284e+01 -4.384787549873030849e-02 4.550644110493271555e-01
6.165286644358816126e-01 3.430000000000000426e+01 1.049342148300974886e-01 4.403982050865847819e-01
6.165286644358816126e-01 3.439999999999999858e+01 2.478508882751335463e-01 3.906644106024625973e-01
6.165286644358816126e-01 3.450000000000000000e+01 3.825414614355814313e-01 3.000186074898290034e-01
6.165286644358816126e-01 3.460000000000000142e+01 4.968274537591798601e-01 1.586115049276663747e-01
6.165286644358816126e-01 3.470000000000000284e+01 5.643416952950752741e-01 -3.839253233963652034e-02
6.165286644358816126e-01 3.480000000000000426e+01 5.477132731288701928e-01 -2.772106488074375097e-01
6.165286644358816126e-01 3.489999999999999858e+01 4.147622887639529354e-01 -5.144685045231397469e-01
6.165286644358816126e-01 3.500000000000000000e+01 1.627106299618709950e-01 -6.816817100047332101e-01
6.165286644358816126e-01 3.510000000000000142e+01 -1.624088860477271024e-01 -7.097635337834812264e-01
6.165286644358816126e-01 3.520000000000000284e+01 -4.714053920219524185e-01 -5.685720247301084829e-01
6.165286644358816126e-01 3.530000000000000426e+01 -6.699238829154622321e-01 -2.917699916678527239e-01
6.165286644358816126e-01 3.539999999999999858e+01 -7.050539308375366465e-01 3.552567542644962523e-02
6.165286644358816126e-01 3.550000000000000000e+01 -5.869123371259601374e-01 3.187689723412435727e-01
6.165286644358816126e-01 3.560000000000000142e+01 -3.743619401659190049e-01 4.964726638480459475e-01
6.165286644358816126e-01 3.570000000000000284e+01 -1.375777767432926624e-01 5.565123546585474257e-01
6.165286644358816126e-01 3.580000000000000426e+01 7.254814891642794028e-02 5.229032146576857443e-01
6.165286644358816126e-01 3.589999999999999858e+01 2.341252919621420181e-01 4.312227084898562213e-01
6.165286644358816126e-01 3.600000000000000000e+01 3.466160016106752395e-01 3.104275715053301798e-01
6.165286644358816126e-01 3.610000000000000142e+01 4.181854019542935452e-01 1.758646268887745223e-01
6.165286644358816126e-01 3.620000000000000284e+01 4.549090513581719453e-01 3.150879060114811919e-02
6.165286644358816126e-01 3.630000000000000426e+01 4.554981605793614330e-01 -1.237579289078134109e-01
6.165286644358816126e-01 3.639999999999999858e+01 4.097691361178029679e-01 -2.882055299633543011e-01
6.165286644358816126e-01 3.650000000000000000e+01 3.018838140286569383e-01 -4.491011583954889752e-01
6.165286644358816126e-01 3.660000000000000142e+01 1.193569819173102842e-01 -5.760806083214201623e-01
6.165286644358816126e-01 3.670000000000000284e+01 -1.306512868490328494e-01 -6.232174821845312129e-01
6.165286644358816126e-01 3.680000000000000426e+01 -4.069688060694775511e-01 -5.458065107112298753e-01
6.165286644358816126e-01 3.689999999999999858e+01 -6.353152502249351796e-01 -3.289569087433009686e-01
6.165286644358816126e-01 3.700000000000000000e+01 -7.352822226517806703e-01 -1.036384560431099014e-02
6.165286644358816126e-01 3.710000000000000142e+01 -6.621794795854277771e-01 3.234077220447454937e-01
6.165286644358816126e-01 3.720000000000000284e+01 -4.363429445147408714e-01 5.736593626196823115e-01
6.165286644358816126e-01 3.730000000000000426e+01 -1.335136412774159675e-01 6.767129577944513974e-01
6.165286644358816126e-01 3.739999999999999858e+01 1.554457460856938922e-01 6.284213897457923137e-01
6.165286644358816126e-01 3.750000000000000000e+01 3.664455675247489941e-01 4.734412149522758684e-01
6.165286644358816126e-01 3.760000000000000142e+01 4.785209812597831514e-01 2.729254587649716512e-01
6.165286644358816126e-01 3.770000000000000284e+01 5.039967737099068090e-01 7.512890646166953124e-02
6.165286644358816126e-01 3.780000000000000426e+01 4.678746501566464766e-01 -9.584982535133891590e-02
6.165286644358816126e-01 3.789999999999999858e+01 3.929895859674764624e-01 -2.350671997963340309e-01
6.165286644358816126e-01 3.800000000000000000e+01 2.921953547172449484e-01 -3.460104591224609782e-01
6.165286644358816126e-01 3.810000000000000142e+01 1.675195305507198584e-01 -4.306223562119531056e-01
6.165286644358816126e-01 3.820000000000000284e+01 1.525222765777131673e-02 -4.840083719991741251e-01
6.165286644358816126e-01 3.830000000000000426e+01 -1.655237668584813027e-01 -4.917292346041435280e-01
6.165286644358816126e-01 3.840000000000000568e+01 -3.628528476455333829e-01 -4.306158966124535303e-01
6.165286644358816126e-01 3.850000000000000000e+01 -5.442960014058613183e-01 -2.779677205840530019e-01
6.165286644358816126e-01 3.860000000000000142e+01 -6.574961795887704907e-01 -3.233308252513062558e-02
6.165286644358816126e-01 3.870000000000000284e+01 -6.458157143482777807e-01 2.683026751723918135e-01
6.165286644358816126e-01 3.880000000000000426e+01 -4.788682244002670507e-01 5.468026143193347455e-01
6.165286644358816126e-01 3.890000000000000568e+01 -1.834129831715994308e-01 7.145671729203563194e-01
6.165286644358816126e-01 3.900000000000000000e+01 1.578197729169276142e-01 7.146835638474277053e-01
6.165286644358816126e-01 3.910000000000000142e+01 4.440702226937106589e-01 5.514026790827060154e-01
6.165286644358816126e-01 3.920000000000000284e+01 6.050560240099683851e-01 2.881818828721555703e-01
6.165286644358816126e-01 3.930000000000000426e+01 6.247456727643962981e-01 1.004775427121160081e-02
6.165286644358816126e-01 3.940000000000000568e+01 5.328838392573652660e-01 -2.180949854701986490e-01
6.165286644358816126e-01 3.950000000000000000e+01 3.800077304255313204e-01 -3.693754797172809079e-01
6.165286644358816126e-01 3.960000000000000142e+01 2.096745483820678657e-01 -4.462702300433089020e-01
6.165286644358816126e-01 3.970000000000000284e+01 4.510254547559443272e-02 -4.644377986633220767e-01
6.165286644358816126e-01 3.980000000000000426e+01 -1.064074707230202171e-01 -4.411641072705826394e-01
6.165286644358816126e-01 3.990000000000000568e+01 -2.443332923625441966e-01 -3.847833290000853834e-01
6.165286644358816126e-01 4.000000000000000000e+01 -3.686439888492658579e-01 -2.928707414225337202e-01
6.165286644358816126e-01 4.010000000000000142e+01 -4.735627053766306993e-01 -1.589867037291368690e-01
6.165286644358816126e-01 4.020000000000000284e+01 -5.389126816716807156e-01 2.144276274038999994e-02
6.165286644358816126e-01 4.030000000000000426e+01 -5.328550409536306764e-01 2.421503710132217602e-01
6.165286644358816126e-01 4.040000000000000568e+01 -4.247571760765788684e-01 4.715209967841386685e-01
6.165286644358816126e-01 4.050000000000000000e+01 -2.019233374986955099e-01 6.486957272148773379e-01
6.165286644358816126e-01 4.060000000000000142e+01 1.068681015758007058e-01 7.058694831899324784e-01
6.165286644358816126e-01 4.070000000000000284e+01 4.234121707148764679e-01 6.009437285804107853e-01
6.165286644358816126e-01 4.080000000000000426e+01 6.509078688439450255e-01 3.461198220543003079e-01
6.165286644358816126e-01 4.090000000000000568e+01 7.224371728703179452e-01 1.552268550925088933e-02
6.165286644358816126e-01 4.100000000000000000e+01 6.281554227594761119e-01 -2.905785598110373069e-01
6.165286644358816126e-01 4.110000000000000142e+01 4.171201679305158172e-01 -4.973011705768577984e-01
6.165286644358816126e-01 4.120000000000000284e+01 1.663491322182898691e-01 -5.782948107735451648e-01
6.165286644358816126e-01 4.130000000000000426e+01 -6.254264322081151684e-02 -5.495174679934039519e-01
6.165286644358816126e-01 4.140000000000000568e+01 -2.385061430412155625e-01 -4.518576211102103279e-01
6.165286644358816126e-01 4.150000000000000000e+01 -3.552147945397752249e-01 -3.209356690427848102e-01
6.165286644358816126e-01 4.160000000000000142e+01 -4.225795836580877318e-01 -1.771184303505111413e-01
6.165286644358816126e-01 4.170000000000000284e+01 -4.518470350250106127e-01 -3.037894155067571642e-02
6.165286644358816126e-01 4.180000000000000426e+01 -4.447073016793324229e-01 1.196690929663708214e-01
6.165286644358816126e-01 4.190000000000000568e+01 -3.977392582766637319e-01 2.738012258685838529e-01
6.165286644358816126e-01 4.200000000000000000e+01 -2.983791947653207655e-01 4.223148492160032075e-01
6.165286644358816126e-01 4.210000000000000142e+01 -1.329046330477900995e-01 5.442954677604298075e-01
6.165286644358816126e-01 4.220000000000000284e+01 9.554592992287590236e-02 6.019696759407106024e-01
6.165286644358816126e-01 4.230000000000000426e+01 3.589560108617347312e-01 5.495321985757750660e-01
6.165286644358816126e-01 4.240000000000000568e+01 5.954548687040854826e-01 3.649549271997802324e-01
6.165286644358816126e-01 4.250000000000000000e+01 7.231807819595678088e-01 6.707398671940741075e-02
6.165286644358816126e-01 4.260000000000000142e+01 6.874673989273768493e-01 -2.715283000697417681e-01
6.165286644358816126e-01 4.270000000000000284e+01 4.874960837412610770e-01 -5.480877089460890472e-01
6.165286644358816126e-01 4.280000000000000426e+01 1.847788041659658431e-01 -6.860493048499118895e-01
6.165286644358816126e-01 4.290000000000000568e+01 -1.238114549504724105e-01 -6.627654265837981118e-01
6.165286644358816126e-01 4.300000000000000000e+01 -3.620012017344053090e-01 -5.125095627765094974e-01
6.165286644358816126e-01 4.310000000000000142e+01 -4.941149120808251971e-01 -3.024386239492403150e-01
6.165286644358816126e-01 4.320000000000000284e+01 -5.249066247448104239e-01 -8.792507961832875252e-02
6.165286644358816126e-01 4.330000000000000426e+01 -4.852605651126293829e-01 9.644295024611618250e-02
6.165286644358816126e-01 4.340000000000000568e+01 -4.007441536208755095e-01 2.399737472554727136e-01
6.165286644358816126e-01 4.350000000000000000e+01 -2.915567178265023318e-01 3.479564780401673829e-01
6.165286644358816126e-01 4.360000000000000142e+01 -1.642246123560163196e-01 4.234482519364219377e-01
6.165286644358816126e-01 4.370000000000000284e+01 -1.661423204057645500e-02 4.686840088171836394e-01
6.165286644358816126e-01 4.380000000000000426e+01 1.506885277669474943e-01 4.734177106500023768e-01
6.165286644358816126e-01 4.390000000000000568e+01 3.335896076188384352e-01 4.187964110008836616e-01
6.165286644358816126e-01 4.400000000000000000e+01 5.070238469040757590e-01 2.865231622142913603e-01
6.165286644358816126e-01 4.410000000000000142e+01 6.273188386338715006e-01 6.585946156655579642e-02
6.165286644358816126e-01 4.420000000000000284e+01 6.415854473744904141e-01 -2.163331994461062668e-01
6.165286644358816126e-01 4.430000000000000426e+01 5.082911741794045035e-01 -4.987155072511528786e-01
6.165286644358816126e-01 4.440000000000000568e+01 2.397749510970751952e-01 -6.944495970291185705e-01
6.165286644358816126e-01 4.450000000000000000e+01 -1.009421939123878176e-01 -7.308922114569433859e-01
6.165286644358816126e-01 4.460000000000000142e+01 -4.117890960684524315e-01 -5.972651526468159000e-01
6.165286644358816126e-01 4.470000000000000284e+01 -6.062677498670151488e-01 -3.391408297200034783e-01
6.165286644358816126e-01 4.480000000000000426e+01 -6.524321218742593631e-01 -4.561931368084975319e-02
6.165286644358816126e-01 4.490000000000000568e+01 -5.681721128849429592e-01 2.072444347969759348e-01
6.165286644358816126e-01 4.500000000000000000e+01 -4.096387031348975860e-01 3.784606707756008048e-01
6.165286644358816126e-01 4.510000000000000142e+01 -2.244722908333857958e-01 4.623856882105543686e-01
6.165286644358816126e-01 4.520000000000000284e+01 -4.770755177108119277e-02 4.793028894192721823e-01
6.165286644358816126e-01 4.530000000000000426e+01 1.087729998458628333e-01 4.466963015391348102e-01
6.165286644358816126e-01 4.540000000000000568e+01 2.445381537158118068e-01 3.819293990736734590e-01
6.165286644358816126e-01 4.550000000000000000e+01 3.602355995056324423e-01 2.857950556095466554e-01
6.165286644358816126e-01 4.560000000000000142e+01 4.553382136969549854e-01 1.573393652399891485e-01
6.165286644358816126e-01 4.570000000000000284e+01 5.138764632357715190e-01 -1.044178780336844914e-02
6.165286644358816126e-01 4.580000000000000426e+01 5.151217563825345458e-01 -2.137510172239560358e-01
6.165286644358816126e-01 4.590000000000000568e+01 4.256812073731342516e-01 -4.296341279684735559e-01
6.165286644358816126e-01 4.600000000000000000e+01 2.315646066112698742e-01 -6.115685860592395828e-01
6.165286644358816126e-01 4.610000000000000142e+01 -5.487297575950911971e-02 -6.920408713530776801e-01
6.165286644358816126e-01 4.620000000000000284e+01 -3.697345796421892539e-01 -6.232520137427562945e-01
6.165286644358816126e-01 4.630000000000000426e+01 -6.216219525744770547e-01 -3.962452678437015097e-01
6.165286644358816126e-01 4.640000000000000568e+01 -7.301233648078312433e-01 -7.339894242387245971e-02
6.165286644358816126e-01 4.650000000000000000e+01 -6.646214040205774554e-01 2.530371339814884712e-01
6.165286644358816126e-01 4.660000000000000142e+01 -4.647313203637821744e-01 4.902199915138520381e-01
6.165286644358816126e-01 4.670000000000000284e+01 -2.019424612990213252e-01 5.967400377274797441e-01
6.165286644358816126e-01 4.680000000000000426e+01 4.637062128226773772e-02 5.794868424431711684e-01
6.165286644358816126e-01 4.690000000000000568e+01 2.405351716346101898e-01 4.781000271838434235e-01
6.165286644358816126e-01 4.700000000000000000e+01 3.652539944611922218e-01 3.357307060712624303e-01
6.165286644358816126e-01 4.710000000000000142e+01 4.328360475547454178e-01 1.814880651936031652e-01
6.165286644358816126e-01 4.720000000000000284e+01 4.532400400016981523e-01 2.959421731886082221e-02
6.165286644358816126e-01 4.730000000000000426e+01 4.388871966648300038e-01 -1.190653202541250427e-01
6.165286644358816126e-01 4.740000000000000568e+01 3.867316545162390318e-01 -2.632746619713018377e-01
6.165286644358816126e-01 4.750000000000000000e+01 2.920158826668807772e-01 -4.012008076924665212e-01
6.165286644358816126e-01 4.760000000000000142e+01 1.405953460319245563e-01 -5.146604890280789268e-01
6.165286644358816126e-01 4.770000000000000284e+01 -6.750524075596242568e-02 -5.767610101283483504e-01
6.165286644358816126e-01 4.780000000000000426e+01 -3.154752215266625748e-01 -5.443056567260519119e-01
6.165286644358816126e-01 4.790000000000000568e+01 -5.506681330504689109e-01 -3.908904775359535733e-01
6.165286644358816126e-01 4.800000000000000000e+01 -7.020581745303158261e-01 -1.175627285413479162e-01
6.165286644358816126e-01 4.810000000000000142e+01 -7.023086017568209716e-01 2.135896603788824677e-01
6.165286644358816126e-01 4.820000000000000284e+01 -5.338235032376241751e-01 5.127023719209802266e-01
6.165286644358816126e-01 4.830000000000000426e+01 -2.413138749232479896e-01 6.845021252733852757e-01
6.165286644358816126e-01 4.840000000000000568e+01 8.304311418570679837e-02 6.935103276693251884e-01
6.165286644358816126e-01 4.850000000000000000e+01 3.490380764014241466e-01 5.552897296785758163e-01
6.165286644358816126e-01 4.860000000000000142e+01 5.057667936785723573e-01 3.385319767817692727e-01
6.165286644358816126e-01 4.870000000000000284e+01 5.496689214067651541e-01 1.060932091800200899e-01
6.165286644358816126e-01 4.880000000000000426e+01 5.079163560261529264e-01 -9.315221833842966814e-02
6.165286644358816126e-01 4.890000000000000568e+01 4.146486374861783064e-01 -2.469434575339314875e-01
6.165286644358816126e-01 4.900000000000000000e+01 2.950185284335213320e-01 -3.530897051947227139e-01
6.165286644358816126e-01 4.910000000000000142e+01 1.620395614922354455e-01 -4.232191255742983049e-01
6.165286644358816126e-01 4.920000000000000284e+01 1.613638390389897023e-02 -4.579554094787919860e-01
6.165286644358816126e-01 4.930000000000000426e+01 -1.421795446426715459e-01 -4.578214083932712342e-01
6.165286644358816126e-01 4.940000000000000568e+01 -3.112638950575257746e-01 -4.059146991409100513e-01
6.165286644358816126e-01 4.950000000000000000e+01 -4.729562771415714573e-01 -2.878274121648332073e-01
6.165286644358816126e-01 4.960000000000000142e+01 -5.958085570242572793e-01 -9.033222840949410581e-02
6.165286644358816126e-01 4.970000000000000284e+01 -6.264994969319683804e-01 1.709624745890445663e-01
6.165286644358816126e-01 4.980000000000000426e+01 -5.272374802166848173e-01 4.493826490428404208e-01
6.165286644358816126e-01 4.990000000000000568e+01 -2.865652298005332277e-01 6.630865964445818994e-01
6.165286644358816126e-01 5.000000000000000000e+01 4.144011667155795414e-02 7.361849747637496666e-01
6.165286644358816126e-01 5.010000000000000142e+01 3.695794143061425507e-01 6.346412083418466743e-01
6.165286644358816126e-01 5.020000000000000284e+01 5.956556071843700506e-01 3.917891595345636691e-01
6.165286644358816126e-01 5.030000000000000426e+01 6.731153800027326328e-01 8.848191741283113754e-02
6.165286644358816126e-01 5.040000000000000568e+01 6.042125954910630981e-01 -1.884774289618262877e-01
6.165286644358816126e-01 5.050000000000000000e+01 4.435689149759513561e-01 -3.813752282745370148e-01
6.165286644358816126e-01 5.060000000000000142e+01 2.448705600951958938e-01 -4.794031055472441905e-01
6.165286644358816126e-01 5.070000000000000284e+01 5.464232355603489827e-02 -4.955976322501559617e-01
6.165286644358816126e-01 5.080000000000000426e+01 -1.104066885301847045e-01 -4.581512028106993206e-01
6.165286644358816126e-01 5.090000000000000568e+01 -2.460731741900473724e-01 -3.827304018346538439e-01
6.165286644358816126e-01 5.100000000000000000e+01 -3.558856944999579941e-01 -2.830606688302973462e-01
6.165286644358816126e-01 5.110000000000000142e+01 -4.412834596345402427e-01 -1.547509725157565352e-01
6.165286644358816126e-01 5.120000000000000284e+01 -4.935480398958256854e-01 2.487239581722921165e-03
6.165286644358816126e-01 5.130000000000000426e+01 -4.973946919590530591e-01 1.905164654737352969e-01
6.165286644358816126e-01 5.140000000000000568e+01 -4.223806128089078737e-01 3.933126049937372692e-01
6.165286644358816126e-01 5.150000000000000000e+01 -2.539216037662808678e-01 5.732202882475849748e-01
6.165286644358816126e-01 5.160000000000000142e+01 9.224025480960275358e-03 6.730084869470555065e-01
6.165286644358816126e-01 5.170000000000000284e+01 3.157092722694873621e-01 6.352457337138256444e-01
6.165286644358816126e-01 5.180000000000000426e+01 5.852496885294006246e-01 4.433684316849546558e-01
6.165286644358816126e-01 5.190000000000000568e+01 7.278680534634398569e-01 1.305214696168392197e-01
6.165286644358816126e-01 5.200000000000000000e+01 6.977672342692007312e-01 -2.065801098821282156e-01
6.165286644358816126e-01 5.210000000000000142e+01 5.135655749559728811e-01 -4.762397299282479790e-01
6.165286644358816126e-01 5.220000000000000284e+01 2.442159045665283634e-01 -6.114216804344129175e-01
6.165286644358816126e-01 5.230000000000000426e+01 -2.456613917423604299e-02 -6.109351431619854944e-01
6.165286644358816126e-01 5.240000000000000568e+01 -2.405448252062024062e-01 -5.088893622707383324e-01
6.165286644358816126e-01 5.250000000000000000e+01 -3.771064976245988021e-01 -3.553115451580693418e-01
6.165286644358816126e-01 5.260000000000000142e+01 -4.461032229078807920e-01 -1.888812133028861528e-01
6.165286644358816126e-01 5.270000000000000284e+01 -4.605935233601620715e-01 -2.760354235977642220e-02
6.165286644358816126e-01 5.280000000000000426e+01 -4.359456932330577072e-01 1.200273858524361220e-01
6.165286644358816126e-01 5.290000000000000568e+01 -3.785977030383282926e-01 2.589457771939753794e-01
6.165286644358816126e-01 5.300000000000000000e+01 -2.825383287142957389e-01 3.839794804204404444e-01
6.165286644358816126e-01 5.310000000000000142e+01 -1.432202002384703188e-01 4.887667280240515222e-01
6.165286644358816126e-01 5.320000000000000284e+01 4.777208013382923391e-02 5.497643285923061729e-01
6.165286644358816126e-01 5.330000000000000426e+01 2.758003868824918658e-01 5.306733451521865597e-01
6.165286644358816126e-01 5.340000000000000568e+01 5.056144961708701757e-01 4.054926856420312808e-01
6.165286644358816126e-01 5.350000000000000000e+01 6.708345314838572992e-01 1.611150964524426243e-01
6.165286644358816126e-01 5.360000000000000142e+01 7.036870058952275908e-01 -1.557963304078708866e-01
6.165286644358816126e-01 5.370000000000000284e+01 5.720944849119845577e-01 -4.660091527966117031e-01
6.165286644358816126e-01 5.380000000000000426e+01 2.971151698369276506e-01 -6.719535820025437367e-01
6.165286644358816126e-01 5.390000000000000568e+01 -3.216995676402951282e-02 -7.139337781891962331e-01
6.165286644358816126e-01 5.400000000000000000e+01 -3.257583911450657732e-01 -5.987316683904810866e-01
6.165286644358816126e-01 5.410000000000000142e+01 -5.104162996329614232e-01 -3.791685416002033571e-01
6.165286644358816126e-01 5.420000000000000284e+01 -5.718936640851400854e-01 -1.335647450160411531e-01
6.165286644358816126e-01 5.430000000000000426e+01 -5.348167360509158419e-01 8.601244773116072107e-02
6.165286644358816126e-01 5.440000000000000568e+01 -4.328309918513346677e-01 2.507742634200851306e-01
6.165286644358816126e-01 5.450000000000000000e+01 -3.043785777488159927e-01 3.609530262381943633e-01
6.165286644358816126e-01 5.460000000000000142e+01 -1.626092996270530056e-01 4.263556599573768979e-01
6.165286644358816126e-01 5.470000000000000284e+01 -1.598299348313160159e-02 4.532014980726983278e-01
6.165286644358816126e-01 5.480000000000000426e+01 1.356882167199187084e-01 4.461284552703482786e-01
6.165286644358816126e-01 5.490000000000000568e+01 2.942597049350985094e-01 3.948623795311108076e-01
6.165286644358816126e-01 5.500000000000000000e+01 4.442037004033413949e-01 2.860265064134904223e-01
6.165286644358816126e-01 5.510000000000000142e+01 5.645753459561525522e-01 1.096498166559449761e-01
6.165286644358816126e-01 5.520000000000000284e+01 6.097481763898677798e-01 -1.327065919574438035e-01
6.165286644358816126e-01 5.530000000000000426e+01 5.362697307221488963e-01 -4.004624245837832830e-01
6.165286644358816126e-01 5.540000000000000568e+01 3.297279850553704317e-01 -6.275213792152086745e-01
6.165286644358816126e-01 5.550000000000000000e+01 1.441869368588444104e-02 -7.329394564528864953e-01
6.165286644358816126e-01 5.560000000000000142e+01 -3.196521686360976888e-01 -6.663916680032283546e-01
6.165286644358816126e-01 5.570000000000000284e+01 -5.783129063814289594e-01 -4.451712548296766214e-01
6.165286644358816126e-01 5.580000000000000426e+01 -6.894433645054000026e-01 -1.361691248887317296e-01
6.165286644358816126e-01 5.590000000000000568e+01 -6.406424630468564585e-01 1.624236531580875997e-01
6.165286644358816126e-01 5.600000000000000000e+01 -4.819827680065283393e-01 3.820084037839553970e-01
6.165286644358816126e-01 5.610000000000000142e+01 -2.702790274082657040e-01 4.974927897542167909e-01
6.165286644358816126e-01 5.620000000000000284e+01 -6.354623527198956234e-02 5.168702265298362741e-01
6.165286644358816126e-01 5.630000000000000426e+01 1.121809787006111947e-01 4.731614108733490087e-01
6.165286644358816126e-01 5.640000000000000568e+01 2.519970098183889617e-01 3.889867461671495663e-01
6.165286644358816126e-01 5.650000000000000000e+01 3.558842393467570031e-01 2.791091234092237805e-01
6.165286644358816126e-01 5.660000000000000142e+01 4.320817618852004216e-01 1.517346273472612028e-01
6.165286644358816126e-01 5.670000000000000284e+01 4.766755752673992874e-01 -4.081311813377132367e-04
6.165286644358816126e-01 5.680000000000000426e+01 4.761256712053174578e-01 -1.739215781134919592e-01
6.165286644358816126e-01 5.690000000000000568e+01 4.133389754111459480e-01 -3.608959489522214903e-01
6.165286644358816126e-01 5.700000000000000000e+01 2.651837167767998604e-01 -5.352863355242249987e-01
6.165286644358816126e-01 5.710000000000000142e+01 2.816552039408225933e-02 -6.433422991790794798e-01
6.165286644358816126e-01 5.720000000000000284e+01 -2.618839905421125880e-01 -6.360495447790155410e-01
6.165286644358816126e-01 5.730000000000000426e+01 -5.401415646337313081e-01 -4.776322822026982107e-01
6.165286644358816126e-01 5.740000000000000568e+01 -7.119351114969455496e-01 -1.879653672096355532e-01
6.165286644358816126e-01 5.750000000000000000e+01 -7.189387927913636345e-01 1.526355171002075906e-01
6.165286644358816126e-01 5.760000000000000142e+01 -5.612148029402500571e-01 4.479627049243070092e-01
6.165286644358816126e-01 5.770000000000000284e+01 -2.922901075455532349e-01 6.174730609052122565e-01
6.165286644358816126e-01 5.780000000000000426e+01 -6.497390696270587650e-03 6.380261056310712053e-01
6.165286644358816126e-01 5.790000000000000568e+01 2.315513963818851828e-01 5.438490094332222302e-01
6.165286644358816126e-01 5.800000000000000000e+01 3.872413375618351528e-01 3.814031084303840524e-01
6.165286644358816126e-01 5.810000000000000142e+01 4.601619889704907651e-01 2.009269409837814990e-01
6.165286644358816126e-01 5.820000000000000284e+01 4.720320705325647959e-01 3.114796783203722247e-02
6.165286644358816126e-01 5.830000000000000426e+01 4.400007620763535243e-01 -1.225167104968230974e-01
6.165286644358816126e-01 5.840000000000000568e+01 3.732326944767923593e-01 -2.555057559018498736e-01
6.165286644358816126e-01 5.850000000000000000e+01 2.777296474522808478e-01 -3.725046545003471987e-01
6.165286644358816126e-01 5.860000000000000142e+01 1.437522872170975963e-01 -4.686081268014481438e-01
6.165286644358816126e-01 5.870000000000000284e+01 -3.260852541416123934e-02 -5.249773311221120897e-01
6.165286644358816126e-01 5.880000000000000426e+01 -2.425787461666927269e-01 -5.161809995874255819e-01
6.165286644358816126e-01 5.890000000000000568e+01 -4.635071496567543248e-01 -4.136581918229865762e-01
6.165286644358816126e-01 5.900000000000000000e+01 -6.372473929666653270e-01 -1.971978386181164888e-01
6.165286644358816126e-01 5.910000000000000142e+01 -6.977011504060683933e-01 1.011429544726426683e-01
6.165286644358816126e-01 5.920000000000000284e+01 -6.020617141644786230e-01 4.155779586902210165e-01
6.165286644358816126e-01 5.930000000000000426e+01 -3.529355460115169985e-01 6.512394890102158884e-01
6.165286644358816126e-01 5.940000000000000568e+01 -2.025481419608161568e-02 7.290576436015442363e-01
6.165286644358816126e-01 5.950000000000000000e+01 2.927133266899907826e-01 6.393604226030701332e-01
6.165286644358816126e-01 5.960000000000000142e+01 5.114870204102057727e-01 4.262798120870355811e-01
6.165286644358816126e-01 5.970000000000000284e+01 5.950111876267827338e-01 1.639821638499739109e-01
6.165286644358816126e-01 5.980000000000000426e+01 5.632134747766932570e-01 -7.423217718240661400e-02
6.165286644358816126e-01 5.990000000000000568e+01 4.580052718702395942e-01 -2.554554178933956532e-01
