1.937661516798485195e+00 0.000000000000000000e+00 1.000000000000000000e+00 -0.000000000000000000e+00
1.937661516798485195e+00 1.000000000000000056e-01 7.095155720292029011e-01 -5.944270741558366211e-01
1.937661516798485195e+00 2.000000000000000111e-01 2.123817062980678239e-01 -8.281995419387628843e-01
1.937661516798485195e+00 3.000000000000000444e-01 -2.647489614487510967e-01 -7.387960209659865107e-01
1.937661516798485195e+00 4.000000000000000222e-01 -5.658160076254137305e-01 -4.353330137738929961e-01
1.937661516798485195e+00 5.000000000000000000e-01 -6.414590546372560542e-01 -7.058734162777619003e-02
1.937661516798485195e+00 6.000000000000000888e-01 -5.343436439237846391e-01 2.336274247350914601e-01
1.937661516798485195e+00 7.000000000000000666e-01 -3.252956249768882424e-01 4.197609539527517031e-01
1.937661516798485195e+00 8.000000000000000444e-01 -8.732537078159129107e-02 4.836206896565262703e-01
1.937661516798485195e+00 9.000000000000000222e-01 1.325916299052247727e-01 4.463539065957564111e-01
1.937661516798485195e+00 1.000000000000000000e+00 3.092365383830044667e-01 3.322707068496581484e-01
1.937661516798485195e+00 1.100000000000000089e+00 4.265987652958746490e-01 1.606019135609218496e-01
1.937661516798485195e+00 1.200000000000000178e+00 4.675343600924740106e-01 -5.096828655292629656e-02
1.937661516798485195e+00 1.300000000000000044e+00 4.115508693024726994e-01 -2.759601986119586403e-01
1.937661516798485195e+00 1.400000000000000133e+00 2.441488471976262509e-01 -4.689023517330370705e-01
1.937661516798485195e+00 1.500000000000000000e+00 -2.292183813092841735e-02 -5.654619426222069478e-01
1.937661516798485195e+00 1.600000000000000089e+00 -3.312079689875251365e-01 -5.034836504950314096e-01
1.937661516798485195e+00 1.700000000000000178e+00 -5.764914466637089951e-01 -2.635883688218027543e-01
1.937661516798485195e+00 1.800000000000000044e+00 -6.482179910908887344e-01 9.521033457920838328e-02
1.937661516798485195e+00 1.900000000000000133e+00 -4.945240866300090188e-01 4.419581513590580824e-01
1.937661516798485195e+00 2.000000000000000000e+00 -1.662563483186584867e-01 6.351446039071229066e-01
1.937661516798485195e+00 2.100000000000000089e+00 2.024888312469891316e-01 6.023869763444648084e-01
1.937661516798485195e+00 2.200000000000000178e+00 4.691929926643247928e-01 3.778807857581344964e-01
1.937661516798485195e+00 2.300000000000000266e+00 5.567178391624862943e-01 7.092678721104117567e-02
1.937661516798485195e+00 2.400000000000000355e+00 4.750847706867887821e-01 -2.029776068835342229e-01
1.937661516798485195e+00 2.500000000000000000e+00 2.898669436629739415e-01 -3.744654486460795573e-01
1.937661516798485195e+00 2.600000000000000089e+00 7.450832995600704944e-02 -4.297363693121870609e-01
1.937661516798485195e+00 2.700000000000000178e+00 -1.193944819078453651e-01 -3.895714341881693077e-01
1.937661516798485195e+00 2.800000000000000266e+00 -2.663810356449123340e-01 -2.838914334017966223e-01
1.937661516798485195e+00 2.900000000000000355e+00 -3.569790653602707975e-01 -1.373803917687904941e-01
1.937661516798485195e+00 3.000000000000000000e+00 -3.858019255991301244e-01 3.219386399881164762e-02
1.937661516798485195e+00 3.100000000000000089e+00 -3.450039204071579935e-01 2.076038927463307593e-01
1.937661516798485195e+00 3.200000000000000178e+00 -2.259810566069059279e-01 3.631402656197900147e-01
1.937661516798485195e+00 3.300000000000000266e+00 -3.014281023337167173e-02 4.590926114591928897e-01
1.937661516798485195e+00 3.400000000000000355e+00 2.145120917651249237e-01 4.477163389187531761e-01
1.937661516798485195e+00 3.500000000000000000e+00 4.425870232471414978e-01 2.963385471185512876e-01
1.937661516798485195e+00 3.600000000000000089e+00 5.636755982789920516e-01 2.054695451530594297e-02
1.937661516798485195e+00 3.700000000000000178e+00 5.052590372034400090e-01 -2.977630721719236595e-01
1.937661516798485195e+00 3.800000000000000266e+00 2.648039600309089470e-01 -5.347760357988129432e-01
1.937661516798485195e+00 3.900000000000000355e+00 -7.177378888327966278e-02 -5.889457588904608576e-01
1.937661516798485195e+00 4.000000000000000000e+00 -3.702702404188096263e-01 -4.417411873671429068e-01
1.937661516798485195e+00 4.100000000000000533e+00 -5.222404928936809076e-01 -1.663304785185395207e-01
1.937661516798485195e+00 4.200000000000000178e+00 -4.973065514243633078e-01 1.214281146524724686e-01
1.937661516798485195e+00 4.299999999999999822e+00 -3.402076559051498417e-01 3.276316361295933399e-01
1.937661516798485195e+00 4.400000000000000355e+00 -1.279332114572610535e-01 4.145401359089467830e-01
1.937661516798485195e+00 4.500000000000000000e+00 7.336851632097073084e-02 3.936031931099428505e-01
1.937661516798485195e+00 4.600000000000000533e+00 2.268178418932725315e-01 2.984263265627095651e-01
1.937661516798485195e+00 4.700000000000000178e+00 3.203443835864453471e-01 1.619703558917324482e-01
1.937661516798485195e+00 4.800000000000000711e+00 3.535114799008387543e-01 7.651022565207684853e-03
1.937661516798485195e+00 4.900000000000000355e+00 3.268275709972765508e-01 -1.482255656134067734e-01
1.937661516798485195e+00 5.000000000000000000e+00 2.381372817630077465e-01 -2.887924137375220135e-01
1.937661516798485195e+00 5.100000000000000533e+00 8.696498439490144006e-02 -3.891439942175202726e-01
1.937661516798485195e+00 5.200000000000000178e+00 -1.141909886314850520e-01 -4.146307153502242770e-01
1.937661516798485195e+00 5.300000000000000711e+00 -3.267788363036286947e-01 -3.310638735181552494e-01
1.937661516798485195e+00 5.400000000000000355e+00 -4.832831591831980300e-01 -1.285378763639751787e-01
1.937661516798485195e+00 5.500000000000000000e+00 -5.080201654791925980e-01 1.525613704637371337e-01
1.937661516798485195e+00 5.600000000000000533e+00 -3.607304414972927198e-01 4.180737003844753885e-01
1.937661516798485195e+00 5.700000000000000178e+00 -7.581767927802395002e-02 5.572095008528257232e-01
1.937661516798485195e+00 5.800000000000000711e+00 2.402525247726552127e-01 5.052004290026016475e-01
1.937661516798485195e+00 5.900000000000000355e+00 4.627596093222919316e-01 2.853747909938044169e-01
1.937661516798485195e+00 6.000000000000000000e+00 5.170772591152736908e-01 -5.200301793172906750e-03
1.937661516798485195e+00 6.100000000000000533e+00 4.104589657036464834e-01 -2.547905524097577867e-01
1.937661516798485195e+00 6.200000000000000178e+00 2.101207562519260830e-01 -3.933249968402205976e-01
1.937661516798485195e+00 6.300000000000000711e+00 -4.797715296209570032e-03 -4.098611911173710154e-01
1.937661516798485195e+00 6.400000000000000355e+00 -1.791873843489922291e-01 -3.336379267328795639e-01
1.937661516798485195e+00 6.500000000000000000e+00 -2.901002536409045818e-01 -2.047947852525790757e-01
1.937661516798485195e+00 6.600000000000000533e+00 -3.361655250480634072e-01 -5.565473602986533569e-02
1.937661516798485195e+00 6.700000000000000178e+00 -3.232530476816043441e-01 9.315048040967492671e-02
1.937661516798485195e+00 6.800000000000000711e+00 -2.558421276266655831e-01 2.273286678971757346e-01
1.937661516798485195e+00 6.900000000000000355e+00 -1.360444542583101046e-01 3.309302407364964060e-01
1.937661516798485195e+00 7.000000000000000000e+00 3.008020359784081138e-02 3.807318434879697344e-01
1.937661516798485195e+00 7.100000000000000533e+00 2.215550548846214607e-01 3.480391601109720234e-01
1.937661516798485195e+00 7.200000000000000178e+00 3.932940384801529854e-01 2.118766003058336345e-01
1.937661516798485195e+00 7.300000000000000711e+00 4.801879863314955088e-01 -1.802693809576182485e-02
1.937661516798485195e+00 7.400000000000000355e+00 4.238826776043642108e-01 -2.831145282952978182e-01
1.937661516798485195e+00 7.500000000000000000e+00 2.140415084211554908e-01 -4.853998977190234210e-01
1.937661516798485195e+00 7.600000000000000533e+00 -8.631287140688008452e-02 -5.330178616686969129e-01
1.937661516798485195e+00 7.700000000000000178e+00 -3.613480586244411374e-01 -3.969193450942711809e-01
1.937661516798485195e+00 7.800000000000000711e+00 -5.037984368683503522e-01 -1.337517509538240501e-01
1.937661516798485195e+00 7.900000000000000355e+00 -4.730978036748626492e-01 1.470120070342201268e-01
1.937661516798485195e+00 8.000000000000000000e+00 -3.071800579455959967e-01 3.458889492586972314e-01
1.937661516798485195e+00 8.099999999999999645e+00 -8.645481498862786496e-02 4.180855805256382118e-01
1.937661516798485195e+00 8.200000000000001066e+00 1.145360061673527663e-01 3.754875749971480769e-01
1.937661516798485195e+00 8.300000000000000711e+00 2.540173869880778534e-01 2.593978098595682291e-01
1.937661516798485195e+00 8.400000000000000355e+00 3.220547087372684913e-01 1.119988267273634985e-01
1.937661516798485195e+00 8.500000000000000000e+00 3.257360317272979255e-01 -3.738024510437537584e-02
1.937661516798485195e+00 8.599999999999999645e+00 2.753403386887250393e-01 -1.717197309499109426e-01
1.937661516798485195e+00 8.700000000000001066e+00 1.780500672476195700e-01 -2.789890905172655589e-01
1.937661516798485195e+00 8.800000000000000711e+00 3.947510949145716097e-02 -3.445484335223000238e-01
1.937661516798485195e+00 8.900000000000000355e+00 -1.288530262389863401e-01 -3.477475042935725402e-01
1.937661516798485195e+00 9.000000000000000000e+00 -2.995328568586800855e-01 -2.667253674843048095e-01
1.937661516798485195e+00 9.099999999999999645e+00 -4.242812191738641880e-01 -9.362595252889756303e-02
1.937661516798485195e+00 9.200000000000001066e+00 -4.443176866531376445e-01 1.448064069601066040e-01
1.937661516798485195e+00 9.300000000000000711e+00 -3.207109547379906056e-01 3.776419585417346014e-01
1.937661516798485195e+00 9.400000000000000355e+00 -7.054960299424609116e-02 5.102438703261887865e-01
1.937661516798485195e+00 9.500000000000000000e+00 2.221524679975816208e-01 4.741564107653528093e-01
1.937661516798485195e+00 9.600000000000001421e+00 4.416753364991760633e-01 2.741396040687992808e-01
1.937661516798485195e+00 9.700000000000001066e+00 5.040451690453005007e-01 -8.006442396663399075e-03
1.937661516798485195e+00 9.800000000000000711e+00 4.015780903979779271e-01 -2.601896863313084007e-01
1.937661516798485195e+00 9.900000000000000355e+00 1.960613736518355688e-01 -4.010706260536577861e-01
1.937661516798485195e+00 1.000000000000000000e+01 -2.681885070745660196e-02 -4.109437338659782113e-01
1.937661516798485195e+00 1.010000000000000142e+01 -2.020929375654879900e-01 -3.203284992014541199e-01
1.937661516798485195e+00 1.020000000000000107e+01 -3.023045960237571439e-01 -1.776908596163486453e-01
1.937661516798485195e+00 1.030000000000000071e+01 -3.290198161185489689e-01 -2.379473101246607630e-02
1.937661516798485195e+00 1.040000000000000036e+01 -2.958371980958038328e-01 1.165573081041076930e-01
1.937661516798485195e+00 1.050000000000000000e+01 -2.158202756241092979e-01 2.301897519571793060e-01
1.937661516798485195e+00 1.060000000000000142e+01 -9.792296433361541430e-02 3.074501975657067954e-01
1.937661516798485195e+00 1.070000000000000107e+01 4.920202215112173122e-02 3.353261019477742355e-01
1.937661516798485195e+00 1.080000000000000071e+01 2.095394768078779335e-01 2.964314946196714984e-01
1.937661516798485195e+00 1.090000000000000036e+01 3.511109511151377927e-01 1.766396690107302492e-01
1.937661516798485195e+00 1.100000000000000000e+01 4.254204893431067225e-01 -1.927799234877677556e-02
1.937661516798485195e+00 1.110000000000000142e+01 3.833247121699986937e-01 -2.503486956821401321e-01
1.937661516798485195e+00 1.120000000000000107e+01 2.064032059721634393e-01 -4.387105150299669964e-01
1.937661516798485195e+00 1.130000000000000071e+01 -6.394809391683235755e-02 -4.993234548580141041e-01
1.937661516798485195e+00 1.140000000000000036e+01 -3.301616150600163446e-01 -3.898297801719250999e-01
1.937661516798485195e+00 1.150000000000000000e+01 -4.848930866900734715e-01 -1.455407046951431860e-01
1.937661516798485195e+00 1.160000000000000142e+01 -4.711970233611056935e-01 1.347301326163932167e-01
1.937661516798485195e+00 1.170000000000000107e+01 -3.115321347112069428e-01 3.445642008742254569e-01
1.937661516798485195e+00 1.180000000000000071e+01 -8.435195793917570073e-02 4.245361090461254872e-01
1.937661516798485195e+00 1.190000000000000036e+01 1.260658066108076569e-01 3.786720655481152220e-01
1.937661516798485195e+00 1.200000000000000000e+01 2.675582714940462070e-01 2.514043643469491274e-01
1.937661516798485195e+00 1.210000000000000142e+01 3.270166266589710213e-01 9.402501897232333483e-02
1.937661516798485195e+00 1.220000000000000107e+01 3.157136094943669979e-01 -5.664149152854143499e-02
1.937661516798485195e+00 1.230000000000000071e+01 2.516422360907354383e-01 -1.809432542698219126e-01
1.937661516798485195e+00 1.240000000000000036e+01 1.493713537835728578e-01 -2.698819509295515839e-01
1.937661516798485195e+00 1.250000000000000000e+01 1.927956602274850592e-02 -3.157601429974269958e-01
1.937661516798485195e+00 1.260000000000000142e+01 -1.277362319408945623e-01 -3.075609249738363582e-01
1.937661516798485195e+00 1.270000000000000107e+01 -2.718315929097380734e-01 -2.319698167126264809e-01
1.937661516798485195e+00 1.280000000000000071e+01 -3.782172313197809110e-01 -8.295427416900016948e-02
1.937661516798485195e+00 1.290000000000000036e+01 -4.011781155145083821e-01 1.228310280948425870e-01
1.937661516798485195e+00 1.300000000000000000e+01 -3.036020949835629978e-01 3.330531887716212669e-01
1.937661516798485195e+00 1.310000000000000142e+01 -8.792616160223981625e-02 4.685197263587767003e-01
1.937661516798485195e+00 1.320000000000000107e+01 1.842256737155799906e-01 4.583114758100073072e-01
1.937661516798485195e+00 1.330000000000000071e+01 4.092194535692503243e-01 2.880219792437994641e-01
1.937661516798485195e+00 1.340000000000000036e+01 4.944608491105558779e-01 1.847627919308741928e-02
1.937661516798485195e+00 1.350000000000000000e+01 4.121579094409011934e-01 -2.422145398880323486e-01
1.937661516798485195e+00 1.360000000000000142e+01 2.105486090685124434e-01 -4.004253262094503718e-01
1.937661516798485195e+00 1.370000000000000107e+01 -2.215065037513131579e-02 -4.203714311611685406e-01
1.937661516798485195e+00 1.380000000000000071e+01 -2.085167902062720346e-01 -3.271342706002416389e-01
1.937661516798485195e+00 1.390000000000000036e+01 -3.115153463858273408e-01 -1.744793160100188423e-01
1.937661516798485195e+00 1.400000000000000000e+01 -3.310021508740911833e-01 -1.269904305178616404e-02
1.937661516798485195e+00 1.410000000000000142e+01 -2.860961847020818127e-01 1.267117497461016651e-01
1.937661516798485195e+00 1.420000000000000107e+01 -1.974794897559140339e-01 2.301834631635239770e-01
1.937661516798485195e+00 1.430000000000000071e+01 -8.005484337701003483e-02 2.919523564498320289e-01
1.937661516798485195e+00 1.440000000000000036e+01 5.485951253805713274e-02 3.064291095694567924e-01
1.937661516798485195e+00 1.450000000000000000e+01 1.942041188842258681e-01 2.650648778774555292e-01
1.937661516798485195e+00 1.460000000000000142e+01 3.154503585148827338e-01 1.588837734963094162e-01
1.937661516798485195e+00 1.470000000000000107e+01 3.828016915199814463e-01 -9.894659875394951065e-03
1.937661516798485195e+00 1.480000000000000071e+01 3.557497009791774634e-01 -2.134511489143454122e-01
1.937661516798485195e+00 1.490000000000000036e+01 2.111002027019446281e-01 -3.919906177305920725e-01
1.937661516798485195e+00 1.500000000000000000e+01 -2.863321074983242800e-02 -4.691460003917694577e-01
1.937661516798485195e+00 1.510000000000000142e+01 -2.860913679700789469e-01 -3.930461001147087519e-01
1.937661516798485195e+00 1.520000000000000107e+01 -4.588331723148140195e-01 -1.759862986198570678e-01
1.937661516798485195e+00 1.530000000000000071e+01 -4.743480100164566560e-01 1.006212709742900502e-01
1.937661516798485195e+00 1.540000000000000036e+01 -3.334508083850041826e-01 3.275728951787709731e-01
1.937661516798485195e+00 1.550000000000000000e+01 -1.054054023648673954e-01 4.287363000495376664e-01
1.937661516798485195e+00 1.560000000000000142e+01 1.186819265991768541e-01 3.929033820883003347e-01
1.937661516798485195e+00 1.570000000000000107e+01 2.727073012672056040e-01 2.616952208182001249e-01
1.937661516798485195e+00 1.580000000000000071e+01 3.348245836189090996e-01 9.438145464016421682e-02
1.937661516798485195e+00 1.590000000000000036e+01 3.171636950221404239e-01 -6.260357549156835011e-02
1.937661516798485195e+00 1.600000000000000000e+01 2.439418976433384012e-01 -1.849566546606145057e-01
1.937661516798485195e+00 1.610000000000000142e+01 1.368976621420199824e-01 -2.640955837641493775e-01
1.937661516798485195e+00 1.619999999999999929e+01 1.122459901812769556e-02 -2.976512917703869054e-01
1.937661516798485195e+00 1.630000000000000071e+01 -1.217231323090896822e-01 -2.822219170999528126e-01
1.937661516798485195e+00 1.640000000000000213e+01 -2.472657948293883190e-01 -2.112759192257550322e-01
1.937661516798485195e+00 1.650000000000000000e+01 -3.405738028899665260e-01 -8.098399185051691207e-02
1.937661516798485195e+00 1.660000000000000142e+01 -3.669020879122527612e-01 9.787431121677471479e-02
1.937661516798485195e+00 1.669999999999999929e+01 -2.932265723026000193e-01 2.883654253765668418e-01
1.937661516798485195e+00 1.680000000000000071e+01 -1.115093010040548172e-01 4.265502150875930543e-01
1.937661516798485195e+00 1.690000000000000213e+01 1.376625457228041194e-01 4.437993840253122158e-01
1.937661516798485195e+00 1.700000000000000000e+01 3.664760709914891557e-01 3.091148892878912147e-01
1.937661516798485195e+00 1.710000000000000142e+01 4.795700147931014068e-01 6.037340356874499464e-02
1.937661516798485195e+00 1.719999999999999929e+01 4.286780716980666539e-01 -2.066958715224961052e-01
1.937661516798485195e+00 1.730000000000000071e+01 2.413803002079715210e-01 -3.891324563040105544e-01
1.937661516798485195e+00 1.740000000000000213e+01 1.661166379838811390e-03 -4.316546350245713537e-01
1.937661516798485195e+00 1.750000000000000000e+01 -2.017233793127748975e-01 -3.460989524299606934e-01
1.937661516798485195e+00 1.760000000000000142e+01 -3.174424428438186729e-01 -1.875096485687036685e-01
1.937661516798485195e+00 1.769999999999999929e+01 -3.392044548648011637e-01 -1.555825695535451025e-02
1.937661516798485195e+00 1.780000000000000071e+01 -2.883076190042781484e-01 1.294645661092833078e-01
1.937661516798485195e+00 1.790000000000000213e+01 -1.924966970667806032e-01 2.300751667055650207e-01
1.937661516798485195e+00 1.800000000000000000e+01 -7.359157802923879665e-02 2.829935138454023891e-01
1.937661516798485195e+00 1.810000000000000142e+01 5.428260706731585089e-02 2.886896023260884236e-01
1.937661516798485195e+00 1.819999999999999929e+01 1.795336809437899639e-01 2.453381637340463217e-01
1.937661516798485195e+00 1.830000000000000071e+01 2.859344804374082671e-01 1.492546144622826088e-01
1.937661516798485195e+00 1.840000000000000213e+01 3.477650850384401138e-01 2.066768396037606866e-03
1.937661516798485195e+00 1.850000000000000000e+01 3.329278182096952476e-01 -1.775623226023029522e-01
1.937661516798485195e+00 1.860000000000000142e+01 2.176704375202148378e-01 -3.454745228259005208e-01
1.937661516798485195e+00 1.869999999999999929e+01 9.653219091855170381e-03 -4.372532190594625723e-01
1.937661516798485195e+00 1.880000000000000071e+01 -2.348329366133935225e-01 -3.958655236702189328e-01
1.937661516798485195e+00 1.890000000000000213e+01 -4.232785644162243566e-01 -2.125058684704290990e-01
1.937661516798485195e+00 1.900000000000000000e+01 -4.733810060314718182e-01 5.264273940564263843e-02
1.937661516798485195e+00 1.910000000000000142e+01 -3.626547729198502656e-01 2.956295255521275145e-01
1.937661516798485195e+00 1.920000000000000284e+01 -1.423733823935211806e-01 4.256844515060145273e-01
1.937661516798485195e+00 1.930000000000000071e+01 9.500971075999782578e-02 4.113961511942753613e-01
1.937661516798485195e+00 1.940000000000000213e+01 2.688365160987623015e-01 2.847935058818691356e-01
1.937661516798485195e+00 1.950000000000000000e+01 3.432688749432438180e-01 1.091148788370766842e-01
1.937661516798485195e+00 1.960000000000000142e+01 3.264988456092520752e-01 -5.861046823059441052e-02
1.937661516798485195e+00 1.970000000000000284e+01 2.478140018504171038e-01 -1.854292683377132267e-01
1.937661516798485195e+00 1.980000000000000071e+01 1.355896745755064692e-01 -2.613645147611113884e-01
1.937661516798485195e+00 1.990000000000000213e+01 1.040903781812583390e-02 -2.877462304910086699e-01
1.937661516798485195e+00 2.000000000000000000e+01 -1.142894111958483866e-01 -2.671999117981675442e-01
1.937661516798485195e+00 2.010000000000000142e+01 -2.264766145715782775e-01 -1.988584039275338999e-01
1.937661516798485195e+00 2.020000000000000284e+01 -3.096297095965983570e-01 -8.273388109441547067e-02
1.937661516798485195e+00 2.030000000000000071e+01 -3.382384681046311514e-01 7.389465830529813595e-02
1.937661516798485195e+00 2.040000000000000213e+01 -2.839756233517686246e-01 2.458541077961672039e-01
1.937661516798485195e+00 2.050000000000000000e+01 -1.340688941031067949e-01 3.839931139537958726e-01
1.937661516798485195e+00 2.060000000000000142e+01 8.866260739397688329e-02 4.253298897228839914e-01
1.937661516798485195e+00 2.070000000000000284e+01 3.159946234357224881e-01 3.287433937067549827e-01
1.937661516798485195e+00 2.080000000000000071e+01 4.557837921382614788e-01 1.091348826597414445e-01
1.937661516798485195e+00 2.090000000000000213e+01 4.425987521433221161e-01 -1.569064726074357319e-01
1.937661516798485195e+00 2.100000000000000000e+01 2.812271197632937869e-01 -3.644193041816582435e-01
1.937661516798485195e+00 2.110000000000000142e+01 4.171535688610556597e-02 -4.384004616221494621e-01
1.937661516798485195e+00 2.120000000000000284e+01 -1.811807489567188456e-01 -3.718881177407976080e-01
1.937661516798485195e+00 2.130000000000000071e+01 -3.178074244572106632e-01 -2.135406441039633119e-01
1.937661516798485195e+00 2.140000000000000213e+01 -3.506961231717721783e-01 -3.040489010257761346e-02
1.937661516798485195e+00 2.150000000000000000e+01 -2.998976552802856688e-01 1.249565625182387923e-01
1.937661516798485195e+00 2.160000000000000142e+01 -1.981892683975897407e-01 2.293592650302302416e-01
1.937661516798485195e+00 2.170000000000000284e+01 -7.567295237546935172e-02 2.796009037167943023e-01
1.937661516798485195e+00 2.180000000000000071e+01 4.983906339893196674e-02 2.795658647237515559e-01
1.937661516798485195e+00 2.190000000000000213e+01 1.665320945902418748e-01 2.346768344270709350e-01
1.937661516798485195e+00 2.200000000000000000e+01 2.617126073977510958e-01 1.453175577772835569e-01
1.937661516798485195e+00 2.210000000000000142e+01 3.189672606464156179e-01 1.453851878480841645e-02
1.937661516798485195e+00 2.220000000000000284e+01 3.131035735862627845e-01 -1.445788231460819750e-01
1.937661516798485195e+00 2.230000000000000071e+01 2.228836951467504379e-01 -3.013605672490046739e-01
1.937661516798485195e+00 2.240000000000000213e+01 4.636496682361244959e-02 -4.022255903998200322e-01
1.937661516798485195e+00 2.250000000000000000e+01 -1.802763939881124322e-01 -3.929546588200733548e-01
1.937661516798485195e+00 2.260000000000000142e+01 -3.784060707394132361e-01 -2.483190740058934531e-01
1.937661516798485195e+00 2.270000000000000284e+01 -4.639042625293177680e-01 -3.630179115745855046e-03
1.937661516798485195e+00 2.280000000000000071e+01 -3.911351062349732177e-01 2.490431180649789189e-01
1.937661516798485195e+00 2.290000000000000213e+01 -1.892380374014668298e-01 4.116701287968984602e-01
1.937661516798485195e+00 2.300000000000000000e+01 5.576221970361066455e-02 4.286623686530103838e-01
1.937661516798485195e+00 2.310000000000000142e+01 2.532573676563568688e-01 3.165985450103132592e-01
1.937661516798485195e+00 2.320000000000000284e+01 3.487498646773688482e-01 1.365006736970942325e-01
1.937661516798485195e+00 2.330000000000000071e+01 3.419324599349150007e-01 -4.437957021047786443e-02
1.937661516798485195e+00 2.340000000000000213e+01 2.608829159146692223e-01 -1.816873587291547021e-01
1.937661516798485195e+00 2.350000000000000000e+01 1.431404250278769108e-01 -2.612575343520553428e-01
1.937661516798485195e+00 2.360000000000000142e+01 1.533743297369465249e-02 -2.843718440812829651e-01
1.937661516798485195e+00 2.370000000000000284e+01 -1.056380302530356280e-01 -2.601796984494909593e-01
1.937661516798485195e+00 2.380000000000000071e+01 -2.096360323320483332e-01 -1.929806965434690547e-01
1.937661516798485195e+00 2.390000000000000213e+01 -2.848691898835011838e-01 -8.732497522575485838e-02
1.937661516798485195e+00 2.400000000000000000e+01 -3.138497105766361872e-01 5.255271030315733505e-02
1.937661516798485195e+00 2.410000000000000142e+01 -2.751177904310624922e-01 2.073195580328101584e-01
1.937661516798485195e+00 2.420000000000000284e+01 -1.528055638988996545e-01 3.416960572319928113e-01
1.937661516798485195e+00 2.430000000000000071e+01 4.213580305545301663e-02 4.015875015712233043e-01
1.937661516798485195e+00 2.440000000000000213e+01 2.608328952871401540e-01 3.423540740378541170e-01
1.937661516798485195e+00 2.450000000000000000e+01 4.208531503823446651e-01 1.570719345133628209e-01
1.937661516798485195e+00 2.460000000000000142e+01 4.487429765847308349e-01 -9.776293900591634389e-02
1.937661516798485195e+00 2.470000000000000284e+01 3.220647155028154573e-01 -3.254947992026242520e-01
1.937661516798485195e+00 2.480000000000000071e+01 9.311805066234087047e-02 -4.361115373017975250e-01
1.937661516798485195e+00 2.490000000000000213e+01 -1.457923224120798722e-01 -3.993379406863267200e-01
1.937661516798485195e+00 2.500000000000000000e+01 -3.091310439811935651e-01 -2.495452070961172442e-01
1.937661516798485195e+00 2.510000000000000142e+01 -3.627403644088182944e-01 -5.765473692918942489e-02
1.937661516798485195e+00 2.520000000000000284e+01 -3.179660353572057452e-01 1.130790064594540401e-01
1.937661516798485195e+00 2.530000000000000071e+01 -2.132801408210797389e-01 2.275276576831967157e-01
1.937661516798485195e+00 2.540000000000000213e+01 -8.451715288474716259e-02 2.800948268845296907e-01
1.937661516798485195e+00 2.550000000000000000e+01 4.239516875510072891e-02 2.774486714887141048e-01
1.937661516798485195e+00 2.560000000000000142e+01 1.547838486471256603e-01 2.305882618512744564e-01
1.937661516798485195e+00 2.570000000000000284e+01 2.429268388117927502e-01 1.450924952817153613e-01
1.937661516798485195e+00 2.580000000000000071e+01 2.955236770193700457e-01 2.689069676339178247e-02
1.937661516798485195e+00 2.590000000000000213e+01 2.958967381706996691e-01 -1.161808589149268683e-01
1.937661516798485195e+00 2.600000000000000000e+01 2.253265859676585603e-01 -2.603073575293499142e-01
1.937661516798485195e+00 2.610000000000000142e+01 7.727538370318842720e-02 -3.660525676301750742e-01
1.937661516798485195e+00 2.620000000000000284e+01 -1.273611924367868686e-01 -3.825846092167555224e-01
1.937661516798485195e+00 2.630000000000000071e+01 -3.272139980264832104e-01 -2.766525536466465929e-01
1.937661516798485195e+00 2.640000000000000213e+01 -4.425796250188682723e-01 -6.133100901506448321e-02
1.937661516798485195e+00 2.650000000000000000e+01 -4.124918224514070864e-01 1.919611242814686647e-01
1.937661516798485195e+00 2.660000000000000142e+01 -2.408126008288496989e-01 3.831431947915207026e-01
1.937661516798485195e+00 2.670000000000000284e+01 4.039605563846630776e-03 4.395694748554767606e-01
1.937661516798485195e+00 2.680000000000000071e+01 2.240240652727916171e-01 3.523437650297973067e-01
1.937661516798485195e+00 2.690000000000000213e+01 3.485615188856432956e-01 1.749421421217522421e-01
1.937661516798485195e+00 2.700000000000000000e+01 3.594104023660424363e-01 -1.948480459606214202e-02
1.937661516798485195e+00 2.710000000000000142e+01 2.821957150410769333e-01 -1.726655607189158392e-01
1.937661516798485195e+00 2.720000000000000284e+01 1.593252449202380017e-01 -2.615008731791540475e-01
1.937661516798485195e+00 2.730000000000000071e+01 2.564566417600087564e-02 -2.866990687224295620e-01
1.937661516798485195e+00 2.740000000000000213e+01 -9.618799394653511359e-02 -2.600185960576500976e-01
1.937661516798485195e+00 2.750000000000000000e+01 -1.960922759203421184e-01 -1.930627861631540598e-01
1.937661516798485195e+00 2.760000000000000142e+01 -2.656336731790194805e-01 -9.269862959231905952e-02
1.937661516798485195e+00 2.770000000000000284e+01 -2.938575698408942838e-01 3.355125458334886485e-02
1.937661516798485195e+00 2.780000000000000071e+01 -2.656513485662960750e-01 1.738653517262981063e-01
1.937661516798485195e+00 2.790000000000000213e+01 -1.665410827039179309e-01 3.013065096372769536e-01
1.937661516798485195e+00 2.800000000000000000e+01 9.451180385837647637e-04 3.738654511757661392e-01
1.937661516798485195e+00 2.810000000000000142e+01 2.048212670675040037e-01 3.469069187343121752e-01
1.937661516798485195e+00 2.820000000000000284e+01 3.776920994444600832e-01 1.998028086292027716e-01
1.937661516798485195e+00 2.830000000000000071e+01 4.429181010771058857e-01 -3.464636272135832723e-02
1.937661516798485195e+00 2.840000000000000213e+01 3.587473825972861685e-01 -2.739639719128201256e-01
1.937661516798485195e+00 2.850000000000000000e+01 1.504496000265933553e-01 -4.213652688472438457e-01
1.937661516798485195e+00 2.860000000000000142e+01 -9.669367752808794014e-02 -4.222933321370609949e-01
1.937661516798485195e+00 2.870000000000000284e+01 -2.889824234981267503e-01 -2.917242544326996700e-01
1.937661516798485195e+00 2.880000000000000071e+01 -3.702815844387855049e-01 -9.545315639584876777e-02
1.937661516798485195e+00 2.890000000000000213e+01 -3.403602648300816380e-01 9.136629209431169907e-02
1.937661516798485195e+00 2.900000000000000000e+01 -2.362357492702577277e-01 2.220293502968738175e-01
1.937661516798485195e+00 2.910000000000000142e+01 -1.012217192799298587e-01 2.827731150107578029e-01
1.937661516798485195e+00 2.920000000000000284e+01 3.115974147429162802e-02 2.814268708049641465e-01
1.937661516798485195e+00 2.930000000000000071e+01 1.437434476893232616e-01 2.332045406517261610e-01
1.937661516798485195e+00 2.940000000000000213e+01 2.284865996606970096e-01 1.492210493871782562e-01
1.937661516798485195e+00 2.950000000000000000e+01 2.775742203119582197e-01 3.809787616551302963e-02
1.937661516798485195e+00 2.960000000000000142e+01 2.811210228079158990e-01 -9.153467411769591888e-02
1.937661516798485195e+00 2.970000000000000284e+01 2.251071616324916980e-01 -2.243090622905610509e-01
1.937661516798485195e+00 2.980000000000000071e+01 1.011803740498783688e-01 -3.294540362704743153e-01
1.937661516798485195e+00 2.990000000000000213e+01 -7.886537203309577915e-02 -3.656529266179199267e-01
1.937661516798485195e+00 3.000000000000000000e+01 -2.728951931605471115e-01 -2.957478899913554282e-01
1.937661516798485195e+00 3.010000000000000142e+01 -4.099394879022535410e-01 -1.147197037023281185e-01
1.937661516798485195e+00 3.020000000000000284e+01 -4.224371185793590056e-01 1.274568285393752332e-01
1.937661516798485195e+00 3.030000000000000071e+01 -2.896059005927027474e-01 3.407927578756227427e-01
1.937661516798485195e+00 3.040000000000000213e+01 -5.711637062698481787e-02 4.385376076243552856e-01
1.937661516798485195e+00 3.050000000000000000e+01 1.809852651139677027e-01 3.865226647531437854e-01
1.937661516798485195e+00 3.060000000000000142e+01 3.376640479592324939e-01 2.212552398693471978e-01
1.937661516798485195e+00 3.070000000000000284e+01 3.754221364244805237e-01 1.710411549250077934e-02
1.937661516798485195e+00 3.080000000000000071e+01 3.086636610381599533e-01 -1.561296072509814337e-01
1.937661516798485195e+00 3.090000000000000213e+01 1.828270732341374105e-01 -2.602857696665376031e-01
1.937661516798485195e+00 3.100000000000000000e+01 4.233032722472707815e-02 -2.923694208041607290e-01
1.937661516798485195e+00 3.110000000000000142e+01 -8.508505204677549449e-02 -2.660177054352450554e-01
1.937661516798485195e+00 3.120000000000000284e+01 -1.850324762358523112e-01 -1.976102575440255027e-01
1.937661516798485195e+00 3.130000000000000071e+01 -2.512499162910444839e-01 -1.004320456910827858e-01
1.937661516798485195e+00 3.140000000000000213e+01 -2.786790039382329165e-01 1.703871972067164814e-02
1.937661516798485195e+00 3.150000000000000000e+01 -2.569284380222517372e-01 1.454129673594069250e-01
1.937661516798485195e+00 3.160000000000000142e+01 -1.754397741309236813e-01 2.647374377221004549e-01
1.937661516798485195e+00 3.170000000000000284e+01 -3.282033786098206146e-02 3.435138641000348714e-01
1.937661516798485195e+00 3.180000000000000071e+01 1.520671712843598977e-01 3.424439419779056193e-01
1.937661516798485195e+00 3.190000000000000213e+01 3.282583382228689839e-01 2.326560876974074488e-01
1.937661516798485195e+00 3.200000000000000000e+01 4.235873480255317736e-01 2.632723479952766774e-02
1.937661516798485195e+00 3.210000000000000142e+01 3.843701785590368791e-01 -2.124319676460811601e-01
1.937661516798485195e+00 3.220000000000000284e+01 2.094534508685999830e-01 -3.914260399616595887e-01
1.937661516798485195e+00 3.230000000000000426e+01 -3.674377284012367295e-02 -4.359387750443622367e-01
1.937661516798485195e+00 3.239999999999999858e+01 -2.547235459451663298e-01 -3.349562437028153483e-01
1.937661516798485195e+00 3.250000000000000000e+01 -3.701643341612131377e-01 -1.435584571677993859e-01
1.937661516798485195e+00 3.260000000000000142e+01 -3.642623123107630589e-01 5.943015194747491847e-02
1.937661516798485195e+00 3.270000000000000284e+01 -2.654483119339110520e-01 2.115464857657350373e-01
1.937661516798485195e+00 3.280000000000000426e+01 -1.245610798097067651e-01 2.861351066550284483e-01
1.937661516798485195e+00 3.289999999999999858e+01 1.598336753420656967e-02 2.895962718971089589e-01
1.937661516798485195e+00 3.300000000000000000e+01 1.332909006494352455e-01 2.410680089204835785e-01
1.937661516798485195e+00 3.310000000000000142e+01 2.176241319944262342e-01 1.565506963480661207e-01
1.937661516798485195e+00 3.320000000000000284e+01 2.643191440261277170e-01 4.944150969062829221e-02
1.937661516798485195e+00 3.330000000000000426e+01 2.688636501932585854e-01 -7.074244197858035876e-02
1.937661516798485195e+00 3.339999999999999858e+01 2.238899163833902584e-01 -1.929389019171693642e-01
1.937661516798485195e+00 3.350000000000000000e+01 1.200749219149444824e-01 -2.953906962351079968e-01
1.937661516798485195e+00 3.360000000000000142e+01 -3.760670042182356898e-02 -3.440892694459281587e-01
1.937661516798485195e+00 3.370000000000000284e+01 -2.191916400339115889e-01 -3.039806474079894683e-01
1.937661516798485195e+00 3.380000000000000426e+01 -3.692699107274640125e-01 -1.598944716395619137e-01
1.937661516798485195e+00 3.389999999999999858e+01 -4.195820038963014031e-01 6.268300838685407494e-02
1.937661516798485195e+00 3.400000000000000000e+01 -3.289528994134645612e-01 2.879857034419929795e-01
1.937661516798485195e+00 3.410000000000000142e+01 -1.201677336472064123e-01 4.226417264559819142e-01
1.937661516798485195e+00 3.420000000000000284e+01 1.256905451632896742e-01 4.134934924776015874e-01
1.937661516798485195e+00 3.430000000000000426e+01 3.145251138265897084e-01 2.712911374532833708e-01
1.937661516798485195e+00 3.439999999999999858e+01 3.859653411055111172e-01 6.284357311547725256e-02
1.937661516798485195e+00 3.450000000000000000e+01 3.374645504196376877e-01 -1.302334035874685159e-01
1.937661516798485195e+00 3.460000000000000142e+01 2.134726508453780591e-01 -2.550421024683070526e-01
1.937661516798485195e+00 3.470000000000000284e+01 6.513653632973258334e-02 -2.996057096956593058e-01
1.937661516798485195e+00 3.480000000000000426e+01 -7.093529748919043254e-02 -2.773155455656011181e-01
1.937661516798485195e+00 3.489999999999999858e+01 -1.753613011401983224e-01 -2.077406427047832349e-01
1.937661516798485195e+00 3.500000000000000000e+01 -2.412116307381604874e-01 -1.106279272909501399e-01
1.937661516798485195e+00 3.510000000000000142e+01 -2.674187233622907223e-01 1.934952772586043517e-03
1.937661516798485195e+00 3.520000000000000284e+01 -2.505440236620267713e-01 1.211445594136655451e-01
1.937661516798485195e+00 3.530000000000000426e+01 -1.819508368305222390e-01 2.336884930282773498e-01
1.937661516798485195e+00 3.539999999999999858e+01 -5.898033732644287347e-02 3.140778748773567219e-01
1.937661516798485195e+00 3.550000000000000000e+01 1.061827056732004421e-01 3.301748252688624929e-01
1.937661516798485195e+00 3.560000000000000142e+01 2.768975214076533908e-01 2.538930742786353889e-01
1.937661516798485195e+00 3.570000000000000284e+01 3.946270336739401419e-01 8.039610247393229325e-02
1.937661516798485195e+00 3.580000000000000426e+01 3.962226592836061156e-01 -1.485462907002148003e-01
1.937661516798485195e+00 3.589999999999999858e+01 2.597620573589462523e-01 -3.483700127865526630e-01
1.937661516798485195e+00 3.600000000000000000e+01 2.889699559159752962e-02 -4.343693338613309196e-01
1.937661516798485195e+00 3.610000000000000142e+01 -2.062228530552694672e-01 -3.737887046326527907e-01
1.937661516798485195e+00 3.620000000000000284e+01 -3.585158603458565851e-01 -1.976696095639095818e-01
1.937661516798485195e+00 3.630000000000000426e+01 -3.843231718849762779e-01 1.676134092709332529e-02
1.937661516798485195e+00 3.639999999999999858e+01 -2.991395092473081441e-01 1.922437221426682719e-01
1.937661516798485195e+00 3.650000000000000000e+01 -1.557760450465062729e-01 2.867335206397910730e-01
1.937661516798485195e+00 3.660000000000000142e+01 -5.360631677551121362e-03 3.011181533609174066e-01
1.937661516798485195e+00 3.670000000000000284e+01 1.208582762318508169e-01 2.544375642503692858e-01
1.937661516798485195e+00 3.680000000000000426e+01 2.094493498803648157e-01 1.689929576442346371e-01
1.937661516798485195e+00 3.689999999999999858e+01 2.560856446210719728e-01 6.214458210939747401e-02
1.937661516798485195e+00 3.700000000000000000e+01 2.609620960613655005e-01 -5.280700364782166950e-02
1.937661516798485195e+00 3.710000000000000142e+01 2.219965576168945187e-01 -1.666955835932817098e-01
1.937661516798485195e+00 3.720000000000000284e+01 1.341130970922395360e-01 -2.645461384956576678e-01
1.937661516798485195e+00 3.730000000000000426e+01 -3.255303655808564761e-03 -3.212980764832864544e-01
1.937661516798485195e+00 3.739999999999999858e+01 -1.707139776663795516e-01 -3.039127925324874302e-01
1.937661516798485195e+00 3.750000000000000000e+01 -3.234211314329524800e-01 -1.925906729207511325e-01
1.937661516798485195e+00 3.760000000000000142e+01 -4.017569153850543140e-01 1.914315378146957524e-03
1.937661516798485195e+00 3.770000000000000284e+01 -3.565405219804384518e-01 2.251606303993426705e-01
1.937661516798485195e+00 3.780000000000000426e+01 -1.825438042676151562e-01 3.927376111829074534e-01
1.937661516798485195e+00 3.789999999999999858e+01 6.116776591789542528e-02 4.286683535649168375e-01
1.937661516798485195e+00 3.800000000000000000e+01 2.763643164831514065e-01 3.190764309007782518e-01
1.937661516798485195e+00 3.810000000000000142e+01 3.848559475927872953e-01 1.178304938534978363e-01
1.937661516798485195e+00 3.820000000000000284e+01 3.661397780178039518e-01 -9.125768801053039947e-02
1.937661516798485195e+00 3.830000000000000426e+01 2.516958519221991208e-01 -2.426944391285565661e-01
1.937661516798485195e+00 3.840000000000000568e+01 9.557918564403486417e-02 -3.071245817774561626e-01
1.937661516798485195e+00 3.850000000000000000e+01 -5.260400774026174897e-02 -2.919192231933202542e-01
1.937661516798485195e+00 3.860000000000000142e+01 -1.648952295733436546e-01 -2.224398543960357522e-01
1.937661516798485195e+00 3.870000000000000284e+01 -2.337060329610615161e-01 -1.245283342873547833e-01
1.937661516798485195e+00 3.880000000000000426e+01 -2.611703428586971687e-01 -1.367924276589039569e-02
1.937661516798485195e+00 3.890000000000000568e+01 -2.465807947158793201e-01 1.004776441096861123e-01
1.937661516798485195e+00 3.900000000000000000e+01 -1.868766288465712466e-01 2.064475834544759192e-01
1.937661516798485195e+00 3.910000000000000142e+01 -7.996062198825965028e-02 2.861800914402528040e-01
1.937661516798485195e+00 3.920000000000000284e+01 6.588000976125242547e-02 3.143051349112086501e-01
1.937661516798485195e+00 3.930000000000000426e+01 2.268147532310282599e-01 2.654618115343990725e-01
1.937661516798485195e+00 3.940000000000000568e+01 3.564082366230688081e-01 1.258798098454428915e-01
1.937661516798485195e+00 3.950000000000000000e+01 3.949056773393571085e-01 -8.268486657640596038e-02
1.937661516798485195e+00 3.960000000000000142e+01 3.025156373328227177e-01 -2.938237747418603329e-01
1.937661516798485195e+00 3.970000000000000284e+01 9.662233312514750816e-02 -4.190717418367457814e-01
1.937661516798485195e+00 3.980000000000000426e+01 -1.456469874979942070e-01 -4.025885875658127278e-01
1.937661516798485195e+00 3.990000000000000568e+01 -3.307161139455545573e-01 -2.539241133058560695e-01
1.937661516798485195e+00 4.000000000000000000e+01 -3.958501466358066989e-01 -3.868992071017857831e-02
1.937661516798485195e+00 4.010000000000000142e+01 -3.363301794553116286e-01 1.603058625973376172e-01
1.937661516798485195e+00 4.020000000000000284e+01 -1.951329503919083941e-01 2.834124424176260315e-01
1.937661516798485195e+00 4.030000000000000426e+01 -3.298954771848720130e-02 3.138617812903898296e-01
1.937661516798485195e+00 4.040000000000000568e+01 1.053038013577310139e-01 2.712047020120786911e-01
1.937661516798485195e+00 4.050000000000000000e+01 2.005480250173953538e-01 1.849182972778325440e-01
1.937661516798485195e+00 4.060000000000000142e+01 2.505036265416811792e-01 7.832626501960987531e-02
1.937661516798485195e+00 4.070000000000000284e+01 2.578598398327487384e-01 -3.528283756602537680e-02
1.937661516798485195e+00 4.080000000000000426e+01 2.225197149991816337e-01 -1.450214221534241732e-01
1.937661516798485195e+00 4.090000000000000568e+01 1.439436304517742737e-01 -2.379344467737052327e-01
1.937661516798485195e+00 4.100000000000000000e+01 2.402763070018074792e-02 -2.962935848720538168e-01
1.937661516798485195e+00 4.110000000000000142e+01 -1.253375955681408083e-01 -2.966483433355218136e-01
1.937661516798485195e+00 4.120000000000000284e+01 -2.751591642437639651e-01 -2.171763113927150102e-01
1.937661516798485195e+00 4.130000000000000426e+01 -3.753264287678949596e-01 -5.318249871992304645e-02
1.937661516798485195e+00 4.140000000000000568e+01 -3.702639070054317139e-01 1.604349027137649264e-01
1.937661516798485195e+00 4.150000000000000000e+01 -2.361902677970474651e-01 3.477880746213802832e-01
1.937661516798485195e+00 4.160000000000000142e+01 -9.783874650875924034e-03 4.271780899475305371e-01
1.937661516798485195e+00 4.170000000000000284e+01 2.219802262423858641e-01 3.615547326813782769e-01
1.937661516798485195e+00 4.180000000000000426e+01 3.703796074463166499e-01 1.804426026143936546e-01
1.937661516798485195e+00 4.190000000000000568e+01 3.899819987001673649e-01 -4.022098275893858099e-02
1.937661516798485195e+00 4.200000000000000000e+01 2.936119093188567231e-01 -2.196615188299385624e-01
1.937661516798485195e+00 4.210000000000000142e+01 1.346271262808224900e-01 -3.105351803220111617e-01
1.937661516798485195e+00 4.220000000000000284e+01 -2.729539439820481694e-02 -3.094883143690479455e-01
1.937661516798485195e+00 4.230000000000000426e+01 -1.525023173120891307e-01 -2.427100522222703227e-01
1.937661516798485195e+00 4.240000000000000568e+01 -2.286173634519164666e-01 -1.422051199850613568e-01
1.937661516798485195e+00 4.250000000000000000e+01 -2.578808321670834069e-01 -2.980585016926221714e-02
1.937661516798485195e+00 4.260000000000000142e+01 -2.450300522748381227e-01 8.185173515147914358e-02
1.937661516798485195e+00 4.270000000000000284e+01 -1.915779817186269440e-01 1.833261292350781002e-01
1.937661516798485195e+00 4.280000000000000426e+01 -9.696531549076324585e-02 2.615651134082179197e-01
1.937661516798485195e+00 4.290000000000000568e+01 3.344590129657008803e-02 2.970068292015450861e-01
1.937661516798485195e+00 4.300000000000000000e+01 1.818366616853643869e-01 2.676930112760110836e-01
1.937661516798485195e+00 4.310000000000000142e+01 3.133259248078519854e-01 1.584697744735257541e-01
1.937661516798485195e+00 4.320000000000000284e+01 3.777824576604902895e-01 -2.257164720932515814e-02
1.937661516798485195e+00 4.330000000000000426e+01 3.302528381525927093e-01 -2.301755193745008976e-01
1.937661516798485195e+00 4.340000000000000568e+01 1.616980994910676428e-01 -3.866625499059934690e-01
1.937661516798485195e+00 4.350000000000000000e+01 -7.599368608073223119e-02 -4.187945801056149331e-01
1.937661516798485195e+00 4.360000000000000142e+01 -2.885759405600581418e-01 -3.070330383178422329e-01
1.937661516798485195e+00 4.370000000000000284e+01 -3.945084099756772655e-01 -1.003344735429425871e-01
1.937661516798485195e+00 4.380000000000000426e+01 -3.673511373516295531e-01 1.150883586874307252e-01
1.937661516798485195e+00 4.390000000000000568e+01 -2.401491410589033648e-01 2.663513096218913523e-01
1.937661516798485195e+00 4.400000000000000000e+01 -7.254939827648566875e-02 3.232625841648670284e-01
1.937661516798485195e+00 4.410000000000000142e+01 8.205334633049184145e-02 2.941130947333102097e-01
1.937661516798485195e+00 4.420000000000000284e+01 1.919451232836281995e-01 2.083189412836341514e-01
1.937661516798485195e+00 4.430000000000000426e+01 2.487584976624918620e-01 9.685493849539776601e-02
1.937661516798485195e+00 4.440000000000000568e+01 2.570264078039795619e-01 -1.844337571768651582e-02
1.937661516798485195e+00 4.450000000000000000e+01 2.238722555909782308e-01 -1.248035329671937227e-01
1.937661516798485195e+00 4.460000000000000142e+01 1.540299830807028703e-01 -2.140418593593306773e-01
1.937661516798485195e+00 4.470000000000000284e+01 4.827013109207980296e-02 -2.748001706180823178e-01
1.937661516798485195e+00 4.480000000000000426e+01 -8.736825881928425575e-02 -2.877903426395888031e-01
1.937661516798485195e+00 4.490000000000000568e+01 -2.311024908528150901e-01 -2.311629117617819140e-01
1.937661516798485195e+00 4.500000000000000000e+01 -3.418561998001941604e-01 -9.532219149537643488e-02
1.937661516798485195e+00 4.510000000000000142e+01 -3.677385539887031984e-01 9.904362956019256703e-02
1.937661516798485195e+00 4.520000000000000284e+01 -2.758175484133298383e-01 2.924213928287046071e-01
1.937661516798485195e+00 4.530000000000000426e+01 -7.958102581593931579e-02 4.083437441112126587e-01
1.937661516798485195e+00 4.540000000000000568e+01 1.560742573686983714e-01 3.915152376491982111e-01
1.937661516798485195e+00 4.550000000000000000e+01 3.397138710008613116e-01 2.416207128474681387e-01
1.937661516798485195e+00 4.560000000000000142e+01 4.025277129033836832e-01 2.091681032127947273e-02
1.937661516798485195e+00 4.570000000000000284e+01 3.342473171133521492e-01 -1.833569842985312837e-01
1.937661516798485195e+00 4.580000000000000426e+01 1.800725120984384142e-01 -3.048467782626092526e-01
1.937661516798485195e+00 4.590000000000000568e+01 7.057038458055201260e-03 -3.250032586941358215e-01
1.937661516798485195e+00 4.600000000000000000e+01 -1.337093772462885077e-01 -2.669778358857251011e-01
1.937661516798485195e+00 4.610000000000000142e+01 -2.219273773924021753e-01 -1.658173488783328264e-01
1.937661516798485195e+00 4.620000000000000284e+01 -2.573343030640429796e-01 -5.014623473824515038e-02
1.937661516798485195e+00 4.630000000000000426e+01 -2.474043977303632957e-01 6.249567244765777407e-02
1.937661516798485195e+00 4.640000000000000568e+01 -1.985933420502648261e-01 1.622056550737853153e-01
1.937661516798485195e+00 4.650000000000000000e+01 -1.132747580927260383e-01 2.395596578468894844e-01
1.937661516798485195e+00 4.660000000000000142e+01 3.912102089162981453e-03 2.800685848453037252e-01
1.937661516798485195e+00 4.670000000000000284e+01 1.405282327976888623e-01 2.666451180662169906e-01
1.937661516798485195e+00 4.680000000000000426e+01 2.707695436740296668e-01 1.837539365644872968e-01
1.937661516798485195e+00 4.690000000000000568e+01 3.534582684798084906e-01 2.967700840025392153e-02
1.937661516798485195e+00 4.700000000000000000e+01 3.427368240515061282e-01 -1.657569661400234984e-01
1.937661516798485195e+00 4.710000000000000142e+01 2.164485828621413588e-01 -3.397804077804735812e-01
1.937661516798485195e+00 4.720000000000000284e+01 -4.106125122513454317e-04 -4.172262137003109328e-01
1.937661516798485195e+00 4.730000000000000426e+01 -2.301803181392193531e-01 -3.527224813553803129e-01
1.937661516798485195e+00 4.740000000000000568e+01 -3.788769782741297498e-01 -1.676677675221472652e-01
1.937661516798485195e+00 4.750000000000000000e+01 -3.937675795559498204e-01 5.889027413889159901e-02
1.937661516798485195e+00 4.760000000000000142e+01 -2.869177397026410614e-01 2.407070238208346147e-01
1.937661516798485195e+00 4.770000000000000284e+01 -1.167645385700785410e-01 3.265796038051482220e-01
1.937661516798485195e+00 4.780000000000000426e+01 5.149241025843550451e-02 3.147399572590511285e-01
1.937661516798485195e+00 4.790000000000000568e+01 1.766165725394211183e-01 2.349369662399124481e-01
1.937661516798485195e+00 4.800000000000000000e+01 2.456321035320435942e-01 1.218216502728372563e-01
1.937661516798485195e+00 4.810000000000000142e+01 2.606445244069879874e-01 2.276489020948812593e-03
1.937661516798485195e+00 4.820000000000000284e+01 2.306990550504068593e-01 -1.066175167558413850e-01
1.937661516798485195e+00 4.830000000000000426e+01 1.642371280214240392e-01 -1.953521996382515391e-01
1.937661516798485195e+00 4.840000000000000568e+01 6.676642249539935237e-02 -2.556448091644093479e-01
1.937661516798485195e+00 4.850000000000000000e+01 -5.527193519303254254e-02 -2.745117156443693252e-01
1.937661516798485195e+00 4.860000000000000142e+01 -1.870931380442345526e-01 -2.367380641058332291e-01
1.937661516798485195e+00 4.870000000000000284e+01 -3.012725312234849073e-01 -1.310465256692547320e-01
1.937661516798485195e+00 4.880000000000000426e+01 -3.550678502191573771e-01 3.737005454469746746e-02
1.937661516798485195e+00 4.890000000000000568e+01 -3.061435562914503472e-01 2.300969616410826479e-01
1.937661516798485195e+00 4.900000000000000000e+01 -1.450740590469756786e-01 3.763576463879438339e-01
1.937661516798485195e+00 4.910000000000000142e+01 8.317644054588736735e-02 4.072287226320775444e-01
1.937661516798485195e+00 4.920000000000000284e+01 2.929183411642367063e-01 2.976415991972475861e-01
1.937661516798485195e+00 4.930000000000000426e+01 3.993753344526095317e-01 8.933033601723310013e-02
1.937661516798485195e+00 4.940000000000000568e+01 3.690439159919255419e-01 -1.308942910252507141e-01
1.937661516798485195e+00 4.950000000000000000e+01 2.328066709484592212e-01 -2.843468463018354875e-01
1.937661516798485195e+00 4.960000000000000142e+01 5.478068834241781038e-02 -3.366775318711746068e-01
1.937661516798485195e+00 4.970000000000000284e+01 -1.053951111632531051e-01 -2.959513009158119545e-01
1.937661516798485195e+00 4.980000000000000426e+01 -2.127223441931156700e-01 -1.965332822921071476e-01
1.937661516798485195e+00 4.990000000000000568e+01 -2.598850548797073667e-01 -7.544204033334137027e-02
1.937661516798485195e+00 5.000000000000000000e+01 -2.544178309773783564e-01 4.259695105957088390e-02
1.937661516798485195e+00 5.010000000000000142e+01 -2.072648547137564967e-01 1.442457553689509564e-01
1.937661516798485195e+00 5.020000000000000284e+01 -1.274249526726717596e-01 2.203911227430638553e-01
1.937661516798485195e+00 5.030000000000000426e+01 -2.169100776439121178e-02 2.631180041272060399e-01
1.937661516798485195e+00 5.040000000000000568e+01 1.025144817088795984e-01 2.619741795291182784e-01
1.937661516798485195e+00 5.050000000000000000e+01 2.282284636092436481e-01 2.020324992667975328e-01
1.937661516798485195e+00 5.060000000000000142e+01 3.230195356763038705e-01 7.465637921897498586e-02
1.937661516798485195e+00 5.070000000000000284e+01 3.441589931899660670e-01 -1.039330324325000304e-01
1.937661516798485195e+00 5.080000000000000426e+01 2.585164052538687085e-01 -2.851704916064859430e-01
1.937661516798485195e+00 5.090000000000000568e+01 7.033525848250679613e-02 -3.983385838106902610e-01
1.937661516798485195e+00 5.100000000000000000e+01 -1.609595426589352785e-01 -3.828944494873749438e-01
1.937661516798485195e+00 5.110000000000000142e+01 -3.432665403631693368e-01 -2.332260449984374928e-01
1.937661516798485195e+00 5.120000000000000284e+01 -4.050777758837934561e-01 -1.045728950342521973e-02
1.937661516798485195e+00 5.130000000000000426e+01 -3.334809717558043229e-01 1.964245089886379192e-01
1.937661516798485195e+00 5.140000000000000568e+01 -1.722830942894917894e-01 3.192594358911055030e-01
1.937661516798485195e+00 5.150000000000000000e+01 9.232548413846117241e-03 3.356014709124556794e-01
1.937661516798485195e+00 5.160000000000000142e+01 1.551328148637549642e-01 2.665922624909214389e-01
1.937661516798485195e+00 5.170000000000000284e+01 2.407358214463163337e-01 1.526213831126368159e-01
1.937661516798485195e+00 5.180000000000000426e+01 2.654739342439069172e-01 2.793457097414783069e-02
1.937661516798485195e+00 5.190000000000000568e+01 2.401580116680198107e-01 -8.610537483626293231e-02
1.937661516798485195e+00 5.200000000000000000e+01 1.775389404375985192e-01 -1.770445978851470925e-01
1.937661516798485195e+00 5.210000000000000142e+01 8.680034728040952885e-02 -2.382477423700817554e-01
1.937661516798485195e+00 5.220000000000000284e+01 -2.507061096351530585e-02 -2.635037306343335772e-01
1.937661516798485195e+00 5.230000000000000426e+01 -1.480572652990145843e-01 -2.406683568378679972e-01
1.937661516798485195e+00 5.240000000000000568e+01 -2.620485963468161539e-01 -1.576915385414318360e-01
1.937661516798485195e+00 5.250000000000000000e+01 -3.324160337430555612e-01 -1.467412176847938433e-02
1.937661516798485195e+00 5.260000000000000142e+01 -3.197788060611416183e-01 1.652245422069585357e-01
1.937661516798485195e+00 5.270000000000000284e+01 -2.014886847359276256e-01 3.284416065273191854e-01
1.937661516798485195e+00 5.280000000000000426e+01 4.596333930312504305e-03 4.037019857923171973e-01
1.937661516798485195e+00 5.290000000000000568e+01 2.284099420419755944e-01 3.444952566173372088e-01
1.937661516798485195e+00 5.300000000000000000e+01 3.780401628159129057e-01 1.645791811443210184e-01
1.937661516798485195e+00 5.310000000000000142e+01 3.962455633489438411e-01 -6.399927861741561141e-02
1.937661516798485195e+00 5.320000000000000284e+01 2.881657099271818789e-01 -2.516442299564029539e-01
1.937661516798485195e+00 5.330000000000000426e+01 1.095991629592535099e-01 -3.400597350052439460e-01
1.937661516798485195e+00 5.340000000000000568e+01 -6.774571510789692552e-02 -3.228097273143670232e-01
1.937661516798485195e+00 5.350000000000000000e+01 -1.952272443922852818e-01 -2.312022696993395465e-01
1.937661516798485195e+00 5.360000000000000142e+01 -2.583559621191682254e-01 -1.078645430066080269e-01
1.937661516798485195e+00 5.370000000000000284e+01 -2.623732261477511041e-01 1.593205059147640573e-02
1.937661516798485195e+00 5.380000000000000426e+01 -2.209064172906152757e-01 1.228462348905132728e-01
1.937661516798485195e+00 5.390000000000000568e+01 -1.461339899240099161e-01 2.026875678317887897e-01
1.937661516798485195e+00 5.400000000000000000e+01 -4.656427293609098628e-02 2.500299150985482166e-01
1.937661516798485195e+00 5.410000000000000142e+01 6.929183854924178543e-02 2.575154651806935147e-01
1.937661516798485195e+00 5.420000000000000284e+01 1.893004853347241556e-01 2.134027433289290843e-01
1.937661516798485195e+00 5.430000000000000426e+01 2.891222745093354751e-01 1.101369089532987233e-01
1.937661516798485195e+00 5.440000000000000568e+01 3.323608208702582001e-01 -4.636828654677454392e-02
1.937661516798485195e+00 5.450000000000000000e+01 2.857314762843395362e-01 -2.229481586371056256e-01
1.937661516798485195e+00 5.460000000000000142e+01 1.375073509460727483e-01 -3.603493655594542378e-01
1.937661516798485195e+00 5.470000000000000284e+01 -7.928958235432934099e-02 -3.956356222669424327e-01
1.937661516798485195e+00 5.480000000000000426e+01 -2.866985118969664348e-01 -2.955760705153258061e-01
1.937661516798485195e+00 5.490000000000000568e+01 -3.999000511690350979e-01 -9.102988497403716184e-02
1.937661516798485195e+00 5.500000000000000000e+01 -3.747493374922473142e-01 1.349589577801436069e-01
1.937661516798485195e+00 5.510000000000000142e+01 -2.339694452212504605e-01 2.975263795175847603e-01
1.937661516798485195e+00 5.520000000000000284e+01 -4.488403974955756937e-02 3.502825884091131936e-01
1.937661516798485195e+00 5.530000000000000426e+01 1.241245796295897680e-01 3.006830652683307181e-01
1.937661516798485195e+00 5.540000000000000568e+01 2.308777517794233791e-01 1.890283699392825978e-01
1.937661516798485195e+00 5.550000000000000000e+01 2.689226030125252964e-01 5.867373029284073810e-02
1.937661516798485195e+00 5.560000000000000142e+01 2.515414924001890817e-01 -6.033176422706675729e-02
1.937661516798485195e+00 5.570000000000000284e+01 1.943571187411939349e-01 -1.558515214139903904e-01
1.937661516798485195e+00 5.580000000000000426e+01 1.097941625039707964e-01 -2.221055997097608481e-01
1.937661516798485195e+00 5.590000000000000568e+01 4.850977373707893864e-03 -2.536664164380240671e-01
1.937661516798485195e+00 5.600000000000000000e+01 -1.112532828391050582e-01 -2.431231234255911144e-01
1.937661516798485195e+00 5.610000000000000142e+01 -2.237461170312484149e-01 -1.796546710060334673e-01
1.937661516798485195e+00 5.620000000000000284e+01 -3.063087157838769170e-01 -5.947696576113935957e-02
1.937661516798485195e+00 5.630000000000000426e+01 -3.219660641921057165e-01 1.055674896140930269e-01
1.937661516798485195e+00 5.640000000000000568e+01 -2.419469586655817461e-01 2.735820256436373166e-01
1.937661516798485195e+00 5.650000000000000000e+01 -6.740820100964332873e-02 3.808013112252973120e-01
1.937661516798485195e+00 5.660000000000000142e+01 1.514687745896866611e-01 3.725116544719542233e-01
1.937661516798485195e+00 5.670000000000000284e+01 3.334873945358070579e-01 2.353510430980222945e-01
1.937661516798485195e+00 5.680000000000000426e+01 4.049411818149610265e-01 1.752369490995544718e-02
1.937661516798485195e+00 5.690000000000000568e+01 3.397130491038156119e-01 -1.961605165769996495e-01
1.937661516798485195e+00 5.700000000000000000e+01 1.763544779005272178e-01 -3.277760433421703090e-01
1.937661516798485195e+00 5.710000000000000142e+01 -1.452232881386227373e-02 -3.462457708671128898e-01
1.937661516798485195e+00 5.720000000000000284e+01 -1.685531856979493592e-01 -2.716505795434599468e-01
1.937661516798485195e+00 5.730000000000000426e+01 -2.545395282096838963e-01 -1.467842120954276075e-01
1.937661516798485195e+00 5.740000000000000568e+01 -2.721809386174955936e-01 -1.430917938098272280e-02
1.937661516798485195e+00 5.750000000000000000e+01 -2.361424531903682233e-01 1.004409852842894912e-01
1.937661516798485195e+00 5.760000000000000142e+01 -1.650221986012259112e-01 1.851067226020931544e-01
1.937661516798485195e+00 5.770000000000000284e+01 -7.118029696745110935e-02 2.363290152456408444e-01
1.937661516798485195e+00 5.780000000000000426e+01 3.635261709324937723e-02 2.511708120346277662e-01
1.937661516798485195e+00 5.790000000000000568e+01 1.497214476965855467e-01 2.221924151712059148e-01
1.937661516798485195e+00 5.800000000000000000e+01 2.515474802227122275e-01 1.418075802010195785e-01
1.937661516798485195e+00 5.810000000000000142e+01 3.139199976569048145e-01 7.999632800853945236e-03
1.937661516798485195e+00 5.820000000000000284e+01 3.021613908369938373e-01 -1.585894676788024427e-01
1.937661516798485195e+00 5.830000000000000426e+01 1.935666454341843368e-01 -3.125893459322413581e-01
1.937661516798485195e+00 5.840000000000000568e+01 1.134239440379038134e-03 -3.896455330661046101e-01
1.937661516798485195e+00 5.850000000000000000e+01 -2.167880788482622612e-01 -3.412953879423695769e-01
1.937661516798485195e+00 5.860000000000000142e+01 -3.718827182108240259e-01 -1.702937717705342580e-01
1.937661516798485195e+00 5.870000000000000284e+01 -3.998286937284804554e-01 5.889327448464199560e-02
1.937661516798485195e+00 5.880000000000000426e+01 -2.944083377409064672e-01 2.543285988703237188e-01
1.937661516798485195e+00 5.890000000000000568e+01 -1.110752929336191741e-01 3.502075617547433239e-01
1.937661516798485195e+00 5.900000000000000000e+01 7.561695043106783642e-02 3.323149711671143369e-01
1.937661516798485195e+00 5.910000000000000142e+01 2.098474669328159181e-01 2.332728934053815428e-01
1.937661516798485195e+00 5.920000000000000284e+01 2.705423414377822189e-01 9.914460963289091489e-02
1.937661516798485195e+00 5.930000000000000426e+01 2.657902687723687207e-01 -3.015024501964542331e-02
1.937661516798485195e+00 5.940000000000000568e+01 2.140193929146395058e-01 -1.349008052824584025e-01
1.937661516798485195e+00 5.950000000000000000e+01 1.329874839496175132e-01 -2.070176813876303257e-01
1.937661516798485195e+00 5.960000000000000142e+01 3.284739385264436734e-02 -2.444982774577058593e-01
1.937661516798485195e+00 5.970000000000000284e+01 -7.726532814041293939e-02 -2.428557757360836900e-01
1.937661516798485195e+00 5.980000000000000426e+01 -1.868867802416206980e-01 -1.953681655859142718e-01
1.937661516798485195e+00 5.990000000000000568e+01 -2.747204551576844511e-01 -9.620521961722759696e-02
