-2.500000000000000000e+01 -2.500000000000000000e+01 -2.500000000000000000e+01 1.388258489189462229e-02 1.388258489189462923e-02 2.838978043789514710e-02 -1.250385135757131572e+01 -1.250385135757131572e+01 -1.250385135757131572e+01 2.084530031657372707e-03 2.084530031657426483e-03 2.146725724568104236e-03 -1.154107530462691678e+01 2.182547979700789637e-03
-2.475000000000000000e+01 -2.475000000000000000e+01 -2.475000000000000000e+01 1.388483229144268916e-02 1.388483229144269436e-02 2.838787539165479532e-02 -1.237881284399560222e+01 -1.237881284399560222e+01 -1.237881284399560222e+01 2.093474767343443243e-03 2.093474767343500489e-03 2.121021496011046750e-03 -1.141603679105120328e+01 2.224414457946960813e-03
-2.450000000000000000e+01 -2.450000000000000000e+01 -2.450000000000000000e+01 1.388934396684641560e-02 1.388934396684641040e-02 2.838365890323061788e-02 -1.225377433041988873e+01 -1.225377433041988873e+01 -1.225377433041988873e+01 2.109929546007694324e-03 2.109929546007754172e-03 2.106555579439628630e-03 -1.129099827747548979e+01 2.268885898441710351e-03
-2.425000000000000000e+01 -2.425000000000000000e+01 -2.425000000000000000e+01 1.389616922039032740e-02 1.389616922039033954e-02 2.837799890720792140e-02 -1.212873581684417523e+01 -1.212873581684417523e+01 -1.212873581684417523e+01 2.132123297602326120e-03 2.132123297602380330e-03 2.101293638255552314e-03 -1.116595976389977629e+01 2.315175609850908967e-03
-2.400000000000000000e+01 -2.400000000000000000e+01 -2.400000000000000000e+01 1.390535829104152209e-02 1.390535829104152729e-02 2.836967272497813164e-02 -1.200369730326846351e+01 -1.200369730326846351e+01 -1.200369730326846351e+01 2.158842059898420651e-03 2.158842059898470958e-03 2.102716792115751163e-03 -1.104092125032406457e+01 2.363919186925334936e-03
-2.375000000000000000e+01 -2.375000000000000000e+01 -2.375000000000000000e+01 1.391701243244454836e-02 1.391701243244453795e-02 2.836042481039093358e-02 -1.187865878969275002e+01 -1.187865878969275002e+01 -1.187865878969275002e+01 2.189500118307962859e-03 2.189500118308007528e-03 2.109374524314000434e-03 -1.091588273674835108e+01 2.415684623071043084e-03
-2.350000000000000000e+01 -2.350000000000000000e+01 -2.350000000000000000e+01 1.393121406607248161e-02 1.393121406607247467e-02 2.834820566673848519e-02 -1.175362027611703652e+01 -1.175362027611703652e+01 -1.175362027611703652e+01 2.223845332514194899e-03 2.223845332514229160e-03 2.120661317900807922e-03 -1.079084422317263758e+01 2.470689167906689292e-03
-2.325000000000000000e+01 -2.325000000000000000e+01 -2.325000000000000000e+01 1.394812178041210382e-02 1.394812178041209515e-02 2.833565362598537349e-02 -1.162858176254132303e+01 -1.162858176254132303e+01 -1.162858176254132303e+01 2.261748642763576796e-03 2.261748642763604551e-03 2.136284930196974581e-03 -1.066580570959692409e+01 2.528998915837799011e-03
-2.300000000000000000e+01 -2.300000000000000000e+01 -2.300000000000000000e+01 1.396784817795004331e-02 1.396784817795003984e-02 2.831987460215037306e-02 -1.150354324896560954e+01 -1.150354324896560954e+01 -1.150354324896560954e+01 2.303128214848096551e-03 2.303128214848122138e-03 2.156037995628906981e-03 -1.054076719602121059e+01 2.590655570972522602e-03
-2.275000000000000000e+01 -2.275000000000000000e+01 -2.275000000000000000e+01 1.399061747441721418e-02 1.399061747441720377e-02 2.830442732431437056e-02 -1.137850473538989782e+01 -1.137850473538989782e+01 -1.137850473538989782e+01 2.347930394392901826e-03 2.347930394392923510e-03 2.179748814710491794e-03 -1.041572868244549888e+01 2.655708740792081871e-03
-2.250000000000000000e+01 -2.250000000000000000e+01 -2.250000000000000000e+01 1.401656957763378585e-02 1.401656957763378931e-02 2.828554778577978615e-02 -1.125346622181418432e+01 -1.125346622181418432e+01 -1.125346622181418432e+01 2.396124049616631894e-03 2.396124049616651843e-03 2.207275119687662421e-03 -1.029069016886978538e+01 2.724220521441664006e-03
-2.225000000000000000e+01 -2.225000000000000000e+01 -2.225000000000000000e+01 1.404600580353562028e-02 1.404600580353560640e-02 2.826775138869964607e-02 -1.112842770823847083e+01 -1.112842770823847083e+01 -1.112842770823847083e+01 2.447697833816255605e-03 2.447697833816267748e-03 2.238501770359804539e-03 -1.016565165529407189e+01 2.796265340511770291e-03
-2.200000000000000000e+01 -2.200000000000000000e+01 -2.200000000000000000e+01 1.407908953940927542e-02 1.407908953940927022e-02 2.824637084665979417e-02 -1.100338919466275733e+01 -1.100338919466275733e+01 -1.100338919466275733e+01 2.502657982953956656e-03 2.502657982953963595e-03 2.273338762651961730e-03 -1.004061314171835839e+01 2.871929936491184575e-03
-2.175000000000000000e+01 -2.175000000000000000e+01 -2.175000000000000000e+01 1.411621423622474135e-02 1.411621423622473961e-02 2.822692509799372418e-02 -1.087835068108704384e+01 -1.087835068108704384e+01 -1.087835068108704384e+01 2.561026935118778085e-03 2.561026935118787193e-03 2.311718624225422587e-03 -9.915574628142644897e+00 2.951312900661424554e-03
-2.150000000000000000e+01 -2.150000000000000000e+01 -2.150000000000000000e+01 1.415756188346543355e-02 1.415756188346543008e-02 2.820380156639023389e-02 -1.075331216751133212e+01 -1.075331216751133212e+01 -1.075331216751133212e+01 2.622841960057062383e-03 2.622841960057075393e-03 2.353594636065114726e-03 -9.790536114566933179e+00 3.034524917447509705e-03
-2.125000000000000000e+01 -2.125000000000000000e+01 -2.125000000000000000e+01 1.420363717276964741e-02 1.420363717276964047e-02 2.818358127214960762e-02 -1.062827365393561863e+01 -1.062827365393561863e+01 -1.062827365393561863e+01 2.688154469784108640e-03 2.688154469784121651e-03 2.398938676638524923e-03 -9.665497600991219684e+00 3.121688465114791800e-03
-2.100000000000000000e+01 -2.100000000000000000e+01 -2.100000000000000000e+01 1.425463463798662921e-02 1.425463463798663094e-02 2.815965488938784039e-02 -1.050323514035990513e+01 -1.050323514035990513e+01 -1.050323514035990513e+01 2.757029139170836998e-03 2.757029139170850008e-03 2.447740077081374602e-03 -9.540459087415506190e+00 3.212938330124609759e-03
-2.075000000000000000e+01 -2.075000000000000000e+01 -2.075000000000000000e+01 1.431119404898912109e-02 1.431119404898911762e-02 2.813973715309600263e-02 -1.037819662678419164e+01 -1.037819662678419164e+01 -1.037819662678419164e+01 2.829543681960155783e-03 2.829543681960164890e-03 2.500003978869748053e-03 -9.415420573839792695e+00 3.308421445309852986e-03
-2.050000000000000000e+01 -2.050000000000000000e+01 -2.050000000000000000e+01 1.437351508505768476e-02 1.437351508505768476e-02 2.811616008169670611e-02 -1.025315811320847814e+01 -1.025315811320847814e+01 -1.025315811320847814e+01 2.905788299434715165e-03 2.905788299434719068e-03 2.555750753774061693e-03 -9.290382060264079200e+00 3.408297657805870341e-03
-2.025000000000000000e+01 -2.025000000000000000e+01 -2.025000000000000000e+01 1.444240200996152641e-02 1.444240200996152641e-02 2.809785861473566501e-02 -1.012811959963276642e+01 -1.012811959963276642e+01 -1.012811959963276642e+01 2.985865803990623950e-03 2.985865803990626118e-03 2.615014757853030038e-03 -9.165343546688367482e+00 3.512739687133024924e-03
-2.000000000000000000e+01 -2.000000000000000000e+01 -2.000000000000000000e+01 1.451805071225622384e-02 1.451805071225622731e-02 2.807603253635749738e-02 -1.000308108605705115e+01 -1.000308108605705115e+01 -1.000308108605705115e+01 3.069891305730528940e-03 3.069891305730533711e-03 2.677844202574623279e-03 -9.040305033112652211e+00 3.621934137150602771e-03
-1.975000000000000000e+01 -1.975000000000000000e+01 -1.975000000000000000e+01 1.460146601801825227e-02 1.460146601801824533e-02 2.806094054865368448e-02 -9.878042572481339434e+00 -9.878042572481339434e+00 -9.878042572481339434e+00 3.157992618502603391e-03 3.157992618502606427e-03 2.744300197159915862e-03 -8.915266519536940493e+00 3.736081567131197510e-03
-1.950000000000000000e+01 -1.950000000000000000e+01 -1.950000000000000000e+01 1.469282931502389339e-02 1.469282931502388645e-02 2.804256345704954356e-02 -9.753004058905625939e+00 -9.753004058905625939e+00 -9.753004058905625939e+00 3.250310133531955636e-03 3.250310133531959973e-03 2.814456985209281246e-03 -8.790228005961226998e+00 3.855397749998504264e-03
-1.925000000000000000e+01 -1.925000000000000000e+01 -1.925000000000000000e+01 1.479339007320817218e-02 1.479339007320817218e-02 2.803260710122542146e-02 -9.627965545329912445e+00 -9.627965545329912445e+00 -9.627965545329912445e+00 3.346997473774509634e-03 3.346997473774513971e-03 2.888401199259243730e-03 -8.665189492385513503e+00 3.980113859479239916e-03
-1.900000000000000000e+01 -1.900000000000000000e+01 -1.900000000000000000e+01 1.490330241261581673e-02 1.490330241261581153e-02 2.801973158906879285e-02 -9.502927031754200726e+00 -9.502927031754200726e+00 -9.502927031754200726e+00 3.448221528028775230e-03 3.448221528028772194e-03 2.966232407868580560e-03 -8.540150978809801785e+00 4.110477987552109934e-03
-1.875000000000000000e+01 -1.875000000000000000e+01 -1.875000000000000000e+01 1.502411426328887668e-02 1.502411426328888362e-02 2.801723650295939727e-02 -9.377888518178485455e+00 -9.377888518178485455e+00 -9.377888518178485455e+00 3.554163339874058958e-03 3.554163339874058958e-03 3.048062533076622595e-03 -8.415112465234086514e+00 4.246755459801260062e-03
-1.850000000000000000e+01 -1.850000000000000000e+01 -1.850000000000000000e+01 1.515593731789472570e-02 1.515593731789472570e-02 2.801234237715131969e-02 -9.252850004602773737e+00 -9.252850004602773737e+00 -9.252850004602773737e+00 3.665018292415689240e-03 3.665018292415687072e-03 3.134016676605979896e-03 -8.290073951658374796e+00 4.389230634975703135e-03
-1.825000000000000000e+01 -1.825000000000000000e+01 -1.825000000000000000e+01 1.530068369988684535e-02 1.530068369988683841e-02 2.802011661306987034e-02 -9.127811491027060242e+00 -9.127811491027060242e+00 -9.127811491027060242e+00 3.780997233015989667e-03 3.780997233015981427e-03 3.224232670708659237e-03 -8.165035438082661301e+00 4.538207369398140380e-03
-1.800000000000000000e+01 -1.800000000000000000e+01 -1.800000000000000000e+01 1.545840472664796600e-02 1.545840472664797120e-02 2.802620150729295129e-02 -9.002772977451346748e+00 -9.002772977451346748e+00 -9.002772977451346748e+00 3.902326811546369834e-03 3.902326811546362462e-03 3.318862169868200783e-03 -8.039996924506947806e+00 4.694011131594875291e-03
-1.775000000000000000e+01 -1.775000000000000000e+01 -1.775000000000000000e+01 1.563145714077361637e-02 1.563145714077362677e-02 2.804763911143955124e-02 -8.877734463875635029e+00 -8.877734463875635029e+00 -8.877734463875635029e+00 4.029250854308496187e-03 4.029250854308491850e-03 3.418070320257750490e-03 -7.914958410931236088e+00 4.856989645768732683e-03
-1.750000000000000000e+01 -1.750000000000000000e+01 -1.750000000000000000e+01 1.581981068580745955e-02 1.581981068580745955e-02 2.806833186327643143e-02 -8.752695950299919758e+00 -8.752695950299919758e+00 -8.752695950299919758e+00 4.162030869505819498e-03 4.162030869505816896e-03 3.522037117203102256e-03 -7.789919897355520817e+00 5.027515365376714757e-03
-1.725000000000000000e+01 -1.725000000000000000e+01 -1.725000000000000000e+01 1.602636538645324862e-02 1.602636538645324515e-02 2.810754265781693906e-02 -8.627657436724208040e+00 -8.627657436724208040e+00 -8.627657436724208040e+00 4.300947694892633295e-03 4.300947694892630693e-03 3.630957190140194583e-03 -7.664881383779809099e+00 5.205986335978521166e-03
-1.700000000000000000e+01 -1.700000000000000000e+01 -1.700000000000000000e+01 1.625098442772686391e-02 1.625098442772687085e-02 2.814724567613869494e-02 -8.502618923148494545e+00 -8.502618923148494545e+00 -8.502618923148494545e+00 4.446302194534904745e-03 4.446302194534897806e-03 3.745041437887959568e-03 -7.539842870204095604e+00 5.392829084162873744e-03
-1.675000000000000000e+01 -1.675000000000000000e+01 -1.675000000000000000e+01 1.649723256791298456e-02 1.649723256791298456e-02 2.820921851451644452e-02 -8.377580409572781051e+00 -8.377580409572781051e+00 -8.377580409572781051e+00 4.598417216028400506e-03 4.598417216028390098e-03 3.864516936090979168e-03 -7.414804356628382109e+00 5.588499752263039431e-03
-1.650000000000000000e+01 -1.650000000000000000e+01 -1.650000000000000000e+01 1.676483705004535793e-02 1.676483705004536834e-02 2.827328731434594275e-02 -8.252541895997069332e+00 -8.252541895997069332e+00 -8.252541895997069332e+00 4.757638513558444700e-03 4.757638513558434291e-03 3.989628873355376137e-03 -7.289765843052670391e+00 5.793487473978680032e-03
-1.625000000000000000e+01 -1.625000000000000000e+01 -1.625000000000000000e+01 1.705817748453949262e-02 1.705817748453949262e-02 2.836409638842836423e-02 -8.127503382421354061e+00 -8.127503382421354061e+00 -8.127503382421354061e+00 4.924337062995314679e-03 4.924337062995306873e-03 4.120640597837871288e-03 -7.164727329476955120e+00 6.008315848330737438e-03
-1.600000000000000000e+01 -1.600000000000000000e+01 -1.600000000000000000e+01 1.737681070123715116e-02 1.737681070123715116e-02 2.845906710305058651e-02 -8.002464868845642343e+00 -8.002464868845642343e+00 -8.002464868845642343e+00 5.098910258728218438e-03 5.098910258728212366e-03 4.257835888556632531e-03 -7.039688815901243402e+00 6.233546891632133977e-03
-1.575000000000000000e+01 -1.575000000000000000e+01 -1.575000000000000000e+01 1.772611759205819024e-02 1.772611759205819371e-02 2.858613400700901405e-02 -7.877426355269929736e+00 -7.877426355269929736e+00 -7.877426355269929736e+00 5.281784649538133654e-03 5.281784649538134521e-03 4.401519167970889372e-03 -6.914650302325530795e+00 6.469782936630369928e-03
-1.550000000000000000e+01 -1.550000000000000000e+01 -1.550000000000000000e+01 1.810544425938043905e-02 1.810544425938043905e-02 2.872001326814027297e-02 -7.752387841694215354e+00 -7.752387841694215354e+00 -7.752387841694215354e+00 5.473417471646745483e-03 5.473417471646741146e-03 4.552018155210792692e-03 -6.789611788749816412e+00 6.717671273302058647e-03
-1.525000000000000000e+01 -1.525000000000000000e+01 -1.525000000000000000e+01 1.852140562871753757e-02 1.852140562871753757e-02 2.889244179478054828e-02 -7.627349328118502747e+00 -7.627349328118502747e+00 -7.627349328118502747e+00 5.674299886041850836e-03 5.674299886041841295e-03 4.709684283056034780e-03 -6.664573275174103806e+00 6.977906582673929804e-03
-1.500000000000000000e+01 -1.500000000000000000e+01 -1.500000000000000000e+01 1.897309012279086576e-02 1.897309012279087270e-02 2.907507828561766913e-02 -7.502310814542789252e+00 -7.502310814542789252e+00 -7.502310814542789252e+00 5.884958928772807824e-03 5.884958928772796548e-03 4.874895794361623971e-03 -6.539534761598390311e+00 7.251236407735609478e-03
-1.475000000000000000e+01 -1.475000000000000000e+01 -1.475000000000000000e+01 1.946863899388453015e-02 1.946863899388452668e-02 2.930408481786791336e-02 -7.377272300967076646e+00 -7.377272300967076646e+00 -7.377272300967076646e+00 6.105961352640160156e-03 6.105961352640146278e-03 5.048058415725364956e-03 -6.414496248022677705e+00 7.538464261561875386e-03
-1.450000000000000000e+01 -1.450000000000000000e+01 -1.450000000000000000e+01 2.000682861662058179e-02 2.000682861662057832e-02 2.954764860898196829e-02 -7.252233787391364039e+00 -7.252233787391364039e+00 -7.252233787391364039e+00 6.337916099389860787e-03 6.337916099389841705e-03 5.229608976069053013e-03 -6.289457734446965098e+00 7.840456106410447282e-03
-1.425000000000000000e+01 -1.425000000000000000e+01 -1.425000000000000000e+01 2.059769600679548299e-02 2.059769600679547258e-02 2.984711916082362013e-02 -7.127195273815649657e+00 -7.127195273815649657e+00 -7.127195273815649657e+00 6.581478877011721039e-03 6.581478877011704559e-03 5.420016406584760374e-03 -6.164419220871250715e+00 8.158144314671522332e-03
-1.400000000000000000e+01 -1.400000000000000000e+01 -1.400000000000000000e+01 2.123964305102480493e-02 2.123964305102482575e-02 3.016672445494276295e-02 -7.002156760239937050e+00 -7.002156760239937050e+00 -7.002156760239937050e+00 6.837355288973951360e-03 6.837355288973940085e-03 5.619785982556904300e-03 -6.039380707295538109e+00 8.492535381527310454e-03
-1.375000000000000000e+01 -1.375000000000000000e+01 -1.375000000000000000e+01 2.194507276814111965e-02 2.194507276814110924e-02 3.055394092913761225e-02 -6.877118246664223555e+00 -6.877118246664223555e+00 -6.877118246664223555e+00 7.106306314975908804e-03 7.106306314975893192e-03 5.829460741297737454e-03 -5.914342193719824614e+00 8.844714967853601131e-03
-1.350000000000000000e+01 -1.350000000000000000e+01 -1.350000000000000000e+01 2.271194170610877847e-02 2.271194170610878887e-02 3.096846128552498481e-02 -6.752079733088510949e+00 -6.752079733088510949e+00 -6.752079733088510949e+00 7.389152272199430056e-03 7.389152272199421383e-03 6.049626476544163294e-03 -5.789303680144112008e+00 9.215857133161812348e-03
-1.325000000000000000e+01 -1.325000000000000000e+01 -1.325000000000000000e+01 2.355562204911666041e-02 2.355562204911667082e-02 3.146505587003403659e-02 -6.627041219512798342e+00 -6.627041219512798342e+00 -6.627041219512798342e+00 7.686779415178887284e-03 7.686779415178876008e-03 6.280913694887824313e-03 -5.664265166568399401e+00 9.607230755842551331e-03
-1.300000000000000000e+01 -1.300000000000000000e+01 -1.300000000000000000e+01 2.447354606146623021e-02 2.447354606146623715e-02 3.199820018390640841e-02 -6.502002705937083959e+00 -6.502002705937083959e+00 -6.502002705937083959e+00 8.000144956618288755e-03 8.000144956618276612e-03 6.524003528705667361e-03 -5.539226652992685018e+00 1.002021065324297175e-02
-1.275000000000000000e+01 -1.275000000000000000e+01 -1.275000000000000000e+01 2.548483525822138607e-02 2.548483525822139301e-02 3.263142030615848871e-02 -6.376964192361371353e+00 -6.376964192361371353e+00 -6.376964192361371353e+00 8.330285065141116232e-03 8.330285065141114498e-03 6.779630389581481689e-03 -5.414188139416972412e+00 1.045628576201829661e-02
-1.250000000000000000e+01 -1.250000000000000000e+01 -1.250000000000000000e+01 2.658631214293585843e-02 2.658631214293585149e-02 3.331316557474427176e-02 -6.251925678785657858e+00 -6.251925678785657858e+00 -6.251925678785657858e+00 8.678321243256551312e-03 8.678321243256542639e-03 7.048589013816595507e-03 -5.289149625841258917e+00 1.091707261766256508e-02
-1.225000000000000000e+01 -1.225000000000000000e+01 -1.225000000000000000e+01 2.780186593572899281e-02 2.780186593572900322e-02 3.411756600537770717e-02 -6.126887165209944364e+00 -6.126887165209944364e+00 -6.126887165209944364e+00 9.045470085816895156e-03 9.045470085816883013e-03 7.331738022037095209e-03 -5.164111112265545422e+00 1.140432579375147068e-02
-1.200000000000000000e+01 -1.200000000000000000e+01 -1.200000000000000000e+01 2.912762119836153143e-02 2.912762119836152797e-02 3.498608353490473971e-02 -6.001848651634231757e+00 -6.001848651634231757e+00 -6.001848651634231757e+00 9.433051406865913813e-03 9.433051406865906874e-03 7.630008375187183160e-03 -5.039072598689832816e+00 1.191995435310652662e-02
-1.175000000000000000e+01 -1.175000000000000000e+01 -1.175000000000000000e+01 3.059357750490136751e-02 3.059357750490136404e-02 3.600581258283459818e-02 -5.876810138058518262e+00 -5.876810138058518262e+00 -5.876810138058518262e+00 9.842500234702056955e-03 9.842500234702041342e-03 7.944408117853912418e-03 -4.914034085114119321e+00 1.246603519988557021e-02
-1.150000000000000000e+01 -1.150000000000000000e+01 -1.150000000000000000e+01 3.219507844673065444e-02 3.219507844673062669e-02 3.711008455283425905e-02 -5.751771624482804768e+00 -5.751771624482804768e+00 -5.751771624482804768e+00 1.027537720708215918e-02 1.027537720708214183e-02 8.276032608336973684e-03 -4.788995571538405827e+00 1.304483330151671484e-02
-1.125000000000000000e+01 -1.125000000000000000e+01 -1.125000000000000000e+01 3.397002357487648866e-02 3.397002357487646784e-02 3.840200652971907658e-02 -5.626733110907092161e+00 -5.626733110907092161e+00 -5.626733110907092161e+00 1.073338343236602752e-02 1.073338343236600843e-02 8.626070816239721217e-03 -4.663957057962693220e+00 1.365881881673742561e-02
-1.100000000000000000e+01 -1.100000000000000000e+01 -1.100000000000000000e+01 3.591291257883923865e-02 3.591291257883923865e-02 3.980542053910055000e-02 -5.501694597331378667e+00 -5.501694597331378667e+00 -5.501694597331378667e+00 1.121837384754018757e-02 1.121837384754016502e-02 8.995817806424895313e-03 -4.538918544386979725e+00 1.431069213944057873e-02
-1.075000000000000000e+01 -1.075000000000000000e+01 -1.075000000000000000e+01 3.807195914689249366e-02 3.807195914689247979e-02 4.144343081248052368e-02 -5.376656083755666060e+00 -5.376656083755666060e+00 -5.376656083755666060e+00 1.173237578565861083e-02 1.173237578565858134e-02 9.386683089251588591e-03 -4.413880030811267119e+00 1.500340594997377069e-02
-1.050000000000000000e+01 -1.050000000000000000e+01 -1.050000000000000000e+01 4.044080362166736081e-02 4.044080362166734693e-02 4.322877873667931720e-02 -5.251617570179952565e+00 -5.251617570179952565e+00 -5.251617570179952565e+00 1.227760623332205606e-02 1.227760623332202310e-02 9.800205997510705314e-03 -4.288841517235553624e+00 1.574019647475135425e-02
-1.025000000000000000e+01 -1.025000000000000000e+01 -1.025000000000000000e+01 4.308127372073682765e-02 4.308127372073680683e-02 4.530984372669859955e-02 -5.126579056604239071e+00 -5.126579056604239071e+00 -5.126579056604239071e+00 1.285649523694695935e-02 1.285649523694691078e-02 1.023806676513917997e-02 -4.163803003659840130e+00 1.652461199776205161e-02
-1.000000000000000000e+01 -1.000000000000000000e+01 -1.000000000000000000e+01 4.598623180210332367e-02 4.598623180210332367e-02 4.758636697492425738e-02 -5.001540543028525576e+00 -5.001540543028525576e+00 -5.001540543028525576e+00 1.347170833511495379e-02 1.347170833511490522e-02 1.070210565693017167e-02 -4.038764490084126635e+00 1.736055220029985788e-02
-9.750000000000000000e+00 -9.750000000000000000e+00 -9.750000000000000000e+00 4.923569640084917570e-02 4.923569640084918264e-02 5.023909784632103748e-02 -4.876502029452812970e+00 -4.876502029452812970e+00 -4.876502029452812970e+00 1.412617634635502696e-02 1.412617634635497839e-02 1.119433770042508464e-02 -3.913725976508414028e+00 1.825230520890011587e-02
-9.500000000000000000e+00 -9.500000000000000000e+00 -9.500000000000000000e+00 5.282201835983889315e-02 5.282201835983888621e-02 5.315256305177809559e-02 -4.751463515877100363e+00 -4.751463515877100363e+00 -4.751463515877100363e+00 1.482312473121792998e-02 1.482312473121787620e-02 1.171697673746450313e-02 -3.788687462932701422e+00 1.920459753212548637e-02
-9.250000000000000000e+00 -9.250000000000000000e+00 -9.250000000000000000e+00 5.684985819139740798e-02 5.684985819139742186e-02 5.654957440290511034e-02 -4.626425002301386868e+00 -4.626425002301386868e+00 -4.626425002301386868e+00 1.556611188683568528e-02 1.556611188683564191e-02 1.227245508678484302e-02 -3.663648949356987927e+00 2.022264247524864153e-02
-9.000000000000000000e+00 -9.000000000000000000e+00 -9.000000000000000000e+00 6.131166526019846130e-02 6.131166526019839191e-02 6.029691669941217996e-02 -4.501386488725673374e+00 -4.501386488725673374e+00 -4.501386488725673374e+00 1.635906788053952468e-02 1.635906788053948999e-02 1.286345412493953427e-02 -3.538610435781274433e+00 2.131220410618168276e-02
-8.750000000000000000e+00 -8.750000000000000000e+00 -8.750000000000000000e+00 6.634600028888122669e-02 6.634600028888117118e-02 6.467294552878087577e-02 -4.376347975149959879e+00 -4.376347975149959879e+00 -4.376347975149959879e+00 1.720634421484870669e-02 1.720634421484866505e-02 1.349293066299389783e-02 -3.413571922205560938e+00 2.247966093367889662e-02
-8.500000000000000000e+00 -8.500000000000000000e+00 -8.500000000000000000e+00 7.194665160610626276e-02 7.194665160610620724e-02 6.952393165820339171e-02 -4.251309461574247273e+00 -4.251309461574247273e+00 -4.251309461574247273e+00 1.811276537192046260e-02 1.811276537192043831e-02 1.416415629352922416e-02 -3.288533408629848331e+00 2.373208863333947996e-02
-8.250000000000000000e+00 -8.250000000000000000e+00 -8.250000000000000000e+00 7.829963707956724694e-02 7.829963707956727470e-02 7.520290471049996539e-02 -4.126270947998534666e+00 -4.126270947998534666e+00 -4.126270947998534666e+00 1.908369423612038540e-02 1.908369423612035071e-02 1.488075299862955808e-02 -3.163494895054135725e+00 2.507734441286123619e-02
-8.000000000000000000e+00 -8.000000000000000000e+00 -8.000000000000000000e+00 8.540248137096217995e-02 8.540248137096222159e-02 8.153282037591491616e-02 -4.001232434422821171e+00 -4.001232434422821171e+00 -4.001232434422821171e+00 2.012510135765331609e-02 2.012510135765329874e-02 1.564674441384785591e-02 -3.038456381478422230e+00 2.652417509666237308e-02
-7.750000000000000000e+00 -7.750000000000000000e+00 -7.750000000000000000e+00 9.350896569491205790e-02 9.350896569491205790e-02 8.896914399148184160e-02 -3.876193920847107677e+00 -3.876193920847107677e+00 -3.876193920847107677e+00 2.124365203219760051e-02 2.124365203219759704e-02 1.646660426202908867e-02 -2.913417867902708736e+00 2.808232981689533225e-02
-7.500000000000000000e+00 -7.500000000000000000e+00 -7.500000000000000000e+00 1.026248901833391597e-01 1.026248901833390487e-01 9.730921683748773587e-02 -3.751155407271394626e+00 -3.751155407271394626e+00 -3.751155407271394626e+00 2.244680038875975989e-02 2.244680038875976336e-02 1.734532403034935374e-02 -2.788379354326995241e+00 2.976270277885058324e-02
-7.250000000000000000e+00 -7.250000000000000000e+00 -7.250000000000000000e+00 1.131030038343071309e-01 1.131030038343071725e-01 1.071522586598218918e-01 -3.626116893695682020e+00 -3.626116893695682020e+00 -3.626116893695682020e+00 2.374290685328400707e-02 2.374290685328399667e-02 1.828847942592163808e-02 -2.663340840751282634e+00 3.157748517725925130e-02
-7.000000000000000000e+00 -7.000000000000000000e+00 -7.000000000000000000e+00 1.249659491102359105e-01 1.249659491102359243e-01 1.182693986055328023e-01 -3.501078380119968525e+00 -3.501078380119968525e+00 -3.501078380119968525e+00 2.514136750391162550e-02 2.514136750391160816e-02 1.930232096737645453e-02 -2.538302327175569140e+00 3.354035599713963561e-02
-6.750000000000000000e+00 -6.750000000000000000e+00 -6.750000000000000000e+00 1.387148112085205831e-01 1.387148112085205831e-01 1.314668970209388332e-01 -3.376039866544255474e+00 -3.376039866544255474e+00 -3.376039866544255474e+00 2.665277481955083405e-02 2.665277481955081670e-02 2.039386606872774926e-02 -2.413263813599856533e+00 3.566668892887744913e-02
-6.500000000000000000e+00 -6.500000000000000000e+00 -6.500000000000000000e+00 1.544053847995382478e-01 1.544053847995383588e-01 1.464934119648959587e-01 -3.251001352968541980e+00 -3.251001352968541980e+00 -3.251001352968541980e+00 2.828909790588436668e-02 2.828909790588434933e-02 2.157102207611804462e-02 -2.288225300024143039e+00 3.797381062357580578e-02
-6.250000000000000000e+00 -6.250000000000000000e+00 -6.250000000000000000e+00 1.727678408547744515e-01 1.727678408547744793e-01 1.644624135645371132e-01 -3.125962839392828929e+00 -3.125962839392828929e+00 -3.125962839392828929e+00 3.006390593243997433e-02 3.006390593243997780e-02 2.284271526250798712e-02 -2.163186786448429544e+00 4.048128577782938303e-02
-6.000000000000000000e+00 -6.000000000000000000e+00 -6.000000000000000000e+00 1.939227466149678059e-01 1.939227466149677503e-01 1.851139616436815460e-01 -3.000924325817115879e+00 -3.000924325817115879e+00 -3.000924325817115879e+00 3.199262295567930486e-02 3.199262295567931180e-02 2.421906047972029533e-02 -2.038148272872716937e+00 4.321127151874412653e-02
-5.750000000000000000e+00 -5.750000000000000000e+00 -5.750000000000000000e+00 2.189665890283363781e-01 2.189665890283362948e-01 2.100334118650157011e-01 -2.875885812241402384e+00 -2.875885812241402384e+00 -2.875885812241402384e+00 3.409284377251894926e-02 3.409284377251895620e-02 2.571154403320748127e-02 -1.913109759297003221e+00 4.618891520501571674e-02
-5.500000000000000000e+00 -5.500000000000000000e+00 -5.500000000000000000e+00 2.481476636919631718e-01 2.481476636919629775e-01 2.389891816044278361e-01 -2.750847298665689333e+00 -2.750847298665689333e+00 -2.750847298665689333e+00 3.638470010936345478e-02 3.638470010936344784e-02 2.733326133978523226e-02 -1.788071245721290170e+00 4.944284789427556143e-02
-5.250000000000000000e+00 -5.250000000000000000e+00 -5.250000000000000000e+00 2.831725288798207507e-01 2.831725288798206397e-01 2.743214707614466397e-01 -2.625808785089976283e+00 -2.625808785089976283e+00 -2.625808785089976283e+00 3.889131536451307519e-02 3.889131536451309601e-02 2.909917960832826556e-02 -1.663032732145577119e+00 5.300574699722989530e-02
-5.000000000000000000e+00 -5.000000000000000000e+00 -5.000000000000000000e+00 3.245469978176729331e-01 3.245469978176728776e-01 3.159169767720534927e-01 -2.500770271514262788e+00 -2.500770271514262788e+00 -2.500770271514262788e+00 4.163934036390938564e-02 4.163934036390936483e-02 3.102647638056759208e-02 -1.537994218569863625e+00 5.691503374976638469e-02
-4.750000000000000000e+00 -4.750000000000000000e+00 -4.750000000000000000e+00 3.750434531647079406e-01 3.750434531647081626e-01 3.673828915180037402e-01 -2.375731757938550182e+00 -2.375731757938550182e+00 -2.375731757938550182e+00 4.465962134927188576e-02 4.465962134927194127e-02 3.313492245155082172e-02 -1.412955704994151018e+00 6.121367960879105230e-02
-4.500000000000000000e+00 -4.500000000000000000e+00 -4.500000000000000000e+00 4.357046886108915662e-01 4.357046886108916772e-01 4.289391374860155870e-01 -2.250693244362836687e+00 -2.250693244362836687e+00 -2.250693244362836687e+00 4.798799984275661790e-02 4.798799984275662484e-02 3.544737315048344245e-02 -1.287917191418437524e+00 6.595120512511927491e-02
-4.250000000000000000e+00 -4.250000000000000000e+00 -4.250000000000000000e+00 5.112735133773160801e-01 5.112735133773159690e-01 5.064457766246243109e-01 -2.125654730787123636e+00 -2.125654730787123636e+00 -2.125654730787123636e+00 5.166631654185287886e-02 5.166631654185287886e-02 3.799033670076939345e-02 -1.162878677842724473e+00 7.118484633982938292e-02
-4.000000000000000000e+00 -4.000000000000000000e+00 -4.000000000000000000e+00 6.039641952494113619e-01 6.039641952494111399e-01 6.009796484898655144e-01 -2.000616217211410586e+00 -2.000616217211410586e+00 -2.000616217211410586e+00 5.574363472977578171e-02 5.574363472977579559e-02 4.079470384565057200e-02 -1.037840164267011422e+00 7.698099279831416286e-02
-3.750000000000000000e+00 -3.750000000000000000e+00 -3.750000000000000000e+00 7.224156173500257960e-01 7.224156173500262401e-01 7.226959600774770509e-01 -1.875577703635697313e+00 -1.875577703635697313e+00 -1.875577703635697313e+00 6.027779249558565255e-02 6.027779249558572194e-02 4.389661366726104602e-02 -9.128016506912981498e-01 8.341686508183873694e-02
-3.500000000000000000e+00 -3.500000000000000000e+00 -3.500000000000000000e+00 8.715492828141682136e-01 8.715492828141689907e-01 8.748623254208653943e-01 -1.750539190059984263e+00 -1.750539190059984263e+00 -1.750539190059984263e+00 6.533733672267939829e-02 6.533733672267937054e-02 4.733857596516492794e-02 -7.877631371155850992e-01 9.058254027972599542e-02
-3.250000000000000000e+00 -3.250000000000000000e+00 -3.250000000000000000e+00 1.068351878510400477e+00 1.068351878510399811e+00 1.076546898162306309e+00 -1.625500676484270990e+00 -1.625500676484270990e+00 -1.625500676484270990e+00 7.100402613813809605e-02 7.100402613813809605e-02 5.117085198909569060e-02 -6.627246235398718266e-01 9.858323046728222072e-02
-3.000000000000000000e+00 -3.000000000000000000e+00 -3.000000000000000000e+00 1.324468037684698452e+00 1.324468037684699784e+00 1.336836455554597736e+00 -1.500462162908557939e+00 -1.500462162908557939e+00 -1.500462162908557939e+00 7.737606083846663985e-02 7.737606083846665372e-02 5.545329688910744653e-02 -5.376861099641587760e-01 1.075418043717473598e-01
-2.750000000000000000e+00 -2.750000000000000000e+00 -2.750000000000000000e+00 1.676588092022039289e+00 1.676588092022038623e+00 1.695306184591562459e+00 -1.375423649332844667e+00 -1.375423649332844667e+00 -1.375423649332844667e+00 8.457243749118054099e-02 8.457243749118048548e-02 6.025777247149449733e-02 -4.126475963884455034e-01 1.176010899812228588e-01
-2.500000000000000000e+00 -2.500000000000000000e+00 -2.500000000000000000e+00 2.154619055529468863e+00 2.154619055529468419e+00 2.177629322406604562e+00 -1.250385135757131394e+00 -1.250385135757131394e+00 -1.250385135757131394e+00 9.273895350191418974e-02 9.273895350191418974e-02 6.567159164769570401e-02 -2.876090828127322307e-01 1.289251324760698203e-01
-2.250000000000000000e+00 -2.250000000000000000e+00 -2.250000000000000000e+00 2.847613522728067448e+00 2.847613522728068780e+00 2.876920536007347540e+00 -1.125346622181418343e+00 -1.125346622181418343e+00 -1.125346622181418343e+00 1.020570432380698556e-01 1.020570432380698833e-01 7.180257059443712064e-02 -1.625705692370191802e-01 1.416968915452228306e-01
-2.000000000000000000e+00 -2.000000000000000000e+00 -2.000000000000000000e+00 3.841046770725052184e+00 3.841046770725052184e+00 3.871183224513916166e+00 -1.000308108605705293e+00 -1.000308108605705293e+00 -1.000308108605705293e+00 1.127576330252658410e-01 1.127576330252658410e-01 7.878726584697733071e-02 -3.753205566130612958e-02 1.561066017125729011e-01
-1.750000000000000000e+00 -1.750000000000000000e+00 -1.750000000000000000e+00 5.385737100279989420e+00 5.385737100279987644e+00 5.417261567724381166e+00 -8.752695950299921313e-01 -8.752695950299921313e-01 -8.752695950299921313e-01 1.251449833733127015e-01 1.251449833733127293e-01 8.680563361923061827e-02 8.750645791440703203e-02 1.723154212451462886e-01
-1.500000000000000000e+00 -1.500000000000000000e+00 -1.500000000000000000e+00 7.763645964259841215e+00 7.763645964259838550e+00 7.783287967352295667e+00 -7.502310814542789696e-01 -7.502310814542789696e-01 -7.502310814542789696e-01 1.396389755464457760e-01 1.396389755464457760e-01 9.611102346904570881e-02 2.125449714901201936e-01 1.903531838672121168e-01
-1.250000000000000000e+00 -1.250000000000000000e+00 -1.250000000000000000e+00 1.184017354834734093e+01 1.184017354834733027e+01 1.184519888694957501e+01 -6.251925678785656970e-01 -6.251925678785656970e-01 -6.251925678785656970e-01 1.568316652309151293e-01 1.568316652309152404e-01 1.070978755623687578e-01 3.375834850658334663e-01 2.098362836000533527e-01
-1.000000000000000000e+00 -1.000000000000000000e+00 -1.000000000000000000e+00 1.876332255988268471e+01 1.876332255988268116e+01 1.872486894600816143e+01 -5.001540543028526464e-01 -5.001540543028526464e-01 -5.001540543028526464e-01 1.774365227646915455e-01 1.774365227646916288e-01 1.204499251059928805e-01 4.626219986415465169e-01 2.292743929651369084e-01
-7.500000000000000000e-01 -7.500000000000000000e-01 -7.500000000000000000e-01 3.267148690063108063e+01 3.267148690063106642e+01 3.258673255306678129e+01 -3.751155407271394848e-01 -3.751155407271394848e-01 -3.751155407271394848e-01 2.016677825229685195e-01 2.016677825229685195e-01 1.373607228393604329e-01 5.876605122172596785e-01 2.449390888692506707e-01
-5.000000000000000000e-01 -5.000000000000000000e-01 -5.000000000000000000e-01 6.043566030968040792e+01 6.043566030968037950e+01 6.025181536822560702e+01 -2.500770271514263232e-01 -2.500770271514263232e-01 -2.500770271514263232e-01 2.274828810827058401e-01 2.274828810827057290e-01 1.594391090787607435e-01 7.126990257929728401e-01 2.506466373434741435e-01
-2.500000000000000000e-01 -2.500000000000000000e-01 -2.500000000000000000e-01 1.468729814975627619e+02 1.468729814975628187e+02 1.466379619863812707e+02 -1.250385135757131616e-01 -1.250385135757131616e-01 -1.250385135757131616e-01 2.487776930620266280e-01 2.487776930620266835e-01 1.872409499763294793e-01 8.377375393686860017e-01 2.410613154451927143e-01
0.000000000000000000e+00 0.000000000000000000e+00 0.000000000000000000e+00 3.840801083874994788e+02 3.840801083874995925e+02 3.837226974123443597e+02 0.000000000000000000e+00 0.000000000000000000e+00 0.000000000000000000e+00 2.572415114953712778e-01 2.572415114953712778e-01 2.172544862278915911e-01 9.627760529443991633e-01 2.172544862278915911e-01
2.500000000000000000e-01 2.500000000000000000e-01 2.500000000000000000e-01 1.468729814975628756e+02 1.468729814975629324e+02 1.466379619863813275e+02 1.250385135757131616e-01 1.250385135757131616e-01 1.250385135757131616e-01 2.487776930620266003e-01 2.487776930620266280e-01 2.410613154451927143e-01 1.087814566520112436e+00 1.872409499763294793e-01
5.000000000000000000e-01 5.000000000000000000e-01 5.000000000000000000e-01 6.043566030968054292e+01 6.043566030968052161e+01 6.025181536822572781e+01 2.500770271514263232e-01 2.500770271514263232e-01 2.500770271514263232e-01 2.274828810827057290e-01 2.274828810827055625e-01 2.506466373434741435e-01 1.212853080095825486e+00 1.594391090787607435e-01
7.500000000000000000e-01 7.500000000000000000e-01 7.500000000000000000e-01 3.267148690063108063e+01 3.267148690063106642e+01 3.258673255306678129e+01 3.751155407271394848e-01 3.751155407271394848e-01 3.751155407271394848e-01 2.016677825229684917e-01 2.016677825229684640e-01 2.449390888692506707e-01 1.337891593671538537e+00 1.373607228393604329e-01
1.000000000000000000e+00 1.000000000000000000e+00 1.000000000000000000e+00 1.876332255988275577e+01 1.876332255988275222e+01 1.872486894600821472e+01 5.001540543028526464e-01 5.001540543028526464e-01 5.001540543028526464e-01 1.774365227646913790e-01 1.774365227646914900e-01 2.292743929651369084e-01 1.462930107247251810e+00 1.204499251059928805e-01
1.250000000000000000e+00 1.250000000000000000e+00 1.250000000000000000e+00 1.184017354834737823e+01 1.184017354834736580e+01 1.184519888694960166e+01 6.251925678785656970e-01 6.251925678785656970e-01 6.251925678785656970e-01 1.568316652309149628e-01 1.568316652309150461e-01 2.098362836000533527e-01 1.587968620822964860e+00 1.070978755623687578e-01
1.500000000000000000e+00 1.500000000000000000e+00 1.500000000000000000e+00 7.763645964259841215e+00 7.763645964259838550e+00 7.783287967352294778e+00 7.502310814542789696e-01 7.502310814542789696e-01 7.502310814542789696e-01 1.396389755464457483e-01 1.396389755464457483e-01 1.903531838672121168e-01 1.713007134398678133e+00 9.611102346904570881e-02
1.750000000000000000e+00 1.750000000000000000e+00 1.750000000000000000e+00 5.385737100280013401e+00 5.385737100280013401e+00 5.417261567724399818e+00 8.752695950299921313e-01 8.752695950299921313e-01 8.752695950299921313e-01 1.251449833733128125e-01 1.251449833733128403e-01 1.723154212451462886e-01 1.838045647974391184e+00 8.680563361923061827e-02
2.000000000000000000e+00 2.000000000000000000e+00 2.000000000000000000e+00 3.841046770725065951e+00 3.841046770725065951e+00 3.871183224513929932e+00 1.000308108605705293e+00 1.000308108605705293e+00 1.000308108605705293e+00 1.127576330252659798e-01 1.127576330252659242e-01 1.561066017125729011e-01 1.963084161550104456e+00 7.878726584697733071e-02
2.250000000000000000e+00 2.250000000000000000e+00 2.250000000000000000e+00 2.847613522728067448e+00 2.847613522728068780e+00 2.876920536007347540e+00 1.125346622181418343e+00 1.125346622181418343e+00 1.125346622181418343e+00 1.020570432380698139e-01 1.020570432380698417e-01 1.416968915452228306e-01 2.088122675125817729e+00 7.180257059443712064e-02
2.500000000000000000e+00 2.500000000000000000e+00 2.500000000000000000e+00 2.154619055529481297e+00 2.154619055529481741e+00 2.177629322406616108e+00 1.250385135757131394e+00 1.250385135757131394e+00 1.250385135757131394e+00 9.273895350191395381e-02 9.273895350191395381e-02 1.289251324760698203e-01 2.213161188701530335e+00 6.567159164769570401e-02
2.750000000000000000e+00 2.750000000000000000e+00 2.750000000000000000e+00 1.676588092022045728e+00 1.676588092022045506e+00 1.695306184591569121e+00 1.375423649332844667e+00 1.375423649332844667e+00 1.375423649332844667e+00 8.457243749118030507e-02 8.457243749118026344e-02 1.176010899812228588e-01 2.338199702277243830e+00 6.025777247149449733e-02
3.000000000000000000e+00 3.000000000000000000e+00 3.000000000000000000e+00 1.324468037684698452e+00 1.324468037684699784e+00 1.336836455554597292e+00 1.500462162908557939e+00 1.500462162908557939e+00 1.500462162908557939e+00 7.737606083846659821e-02 7.737606083846662597e-02 1.075418043717473598e-01 2.463238215852957325e+00 5.545329688910744653e-02
3.250000000000000000e+00 3.250000000000000000e+00 3.250000000000000000e+00 1.068351878510407804e+00 1.068351878510407138e+00 1.076546898162310528e+00 1.625500676484270990e+00 1.625500676484270990e+00 1.625500676484270990e+00 7.100402613813830421e-02 7.100402613813831809e-02 9.858323046728222072e-02 2.588276729428669931e+00 5.117085198909569060e-02
3.500000000000000000e+00 3.500000000000000000e+00 3.500000000000000000e+00 8.715492828141727655e-01 8.715492828141732096e-01 8.748623254208682809e-01 1.750539190059984263e+00 1.750539190059984263e+00 1.750539190059984263e+00 6.533733672267960646e-02 6.533733672267963422e-02 9.058254027972599542e-02 2.713315243004383426e+00 4.733857596516492794e-02
3.750000000000000000e+00 3.750000000000000000e+00 3.750000000000000000e+00 7.224156173500257960e-01 7.224156173500262401e-01 7.226959600774771619e-01 1.875577703635697313e+00 1.875577703635697313e+00 1.875577703635697313e+00 6.027779249558563174e-02 6.027779249558569419e-02 8.341686508183873694e-02 2.838353756580096476e+00 4.389661366726104602e-02
4.000000000000000000e+00 4.000000000000000000e+00 4.000000000000000000e+00 6.039641952494152477e-01 6.039641952494151367e-01 6.009796484898675129e-01 2.000616217211410586e+00 2.000616217211410586e+00 2.000616217211410586e+00 5.574363472977559436e-02 5.574363472977561518e-02 7.698099279831416286e-02 2.963392270155809527e+00 4.079470384565057200e-02
4.250000000000000000e+00 4.250000000000000000e+00 4.250000000000000000e+00 5.112735133773185225e-01 5.112735133773183005e-01 5.064457766246258652e-01 2.125654730787123636e+00 2.125654730787123636e+00 2.125654730787123636e+00 5.166631654185269845e-02 5.166631654185269151e-02 7.118484633982938292e-02 3.088430783731523022e+00 3.799033670076939345e-02
4.500000000000000000e+00 4.500000000000000000e+00 4.500000000000000000e+00 4.357046886108915662e-01 4.357046886108916772e-01 4.289391374860155870e-01 2.250693244362836687e+00 2.250693244362836687e+00 2.250693244362836687e+00 4.798799984275659014e-02 4.798799984275660402e-02 6.595120512511927491e-02 3.213469297307235628e+00 3.544737315048344245e-02
4.750000000000000000e+00 4.750000000000000000e+00 4.750000000000000000e+00 3.750434531647103276e-01 3.750434531647105496e-01 3.673828915180048504e-01 2.375731757938550182e+00 2.375731757938550182e+00 2.375731757938550182e+00 4.465962134927205923e-02 4.465962134927208699e-02 6.121367960879105230e-02 3.338507810882949123e+00 3.313492245155082172e-02
5.000000000000000000e+00 5.000000000000000000e+00 5.000000000000000000e+00 3.245469978176742654e-01 3.245469978176740988e-01 3.159169767720544919e-01 2.500770271514262788e+00 2.500770271514262788e+00 2.500770271514262788e+00 4.163934036390955912e-02 4.163934036390957300e-02 5.691503374976638469e-02 3.463546324458661729e+00 3.102647638056759208e-02
5.250000000000000000e+00 5.250000000000000000e+00 5.250000000000000000e+00 2.831725288798207507e-01 2.831725288798206397e-01 2.743214707614466397e-01 2.625808785089976283e+00 2.625808785089976283e+00 2.625808785089976283e+00 3.889131536451306131e-02 3.889131536451308213e-02 5.300574699722989530e-02 3.588584838034375224e+00 2.909917960832826556e-02
5.500000000000000000e+00 5.500000000000000000e+00 5.500000000000000000e+00 2.481476636919649759e-01 2.481476636919647538e-01 2.389891816044287520e-01 2.750847298665689333e+00 2.750847298665689333e+00 2.750847298665689333e+00 3.638470010936326743e-02 3.638470010936326743e-02 4.944284789427556143e-02 3.713623351610088719e+00 2.733326133978523226e-02
5.750000000000000000e+00 5.750000000000000000e+00 5.750000000000000000e+00 2.189665890283374883e-01 2.189665890283374328e-01 2.100334118650165338e-01 2.875885812241402384e+00 2.875885812241402384e+00 2.875885812241402384e+00 3.409284377251875497e-02 3.409284377251877579e-02 4.618891520501571674e-02 3.838661865185801325e+00 2.571154403320748127e-02
6.000000000000000000e+00 6.000000000000000000e+00 6.000000000000000000e+00 1.939227466149678059e-01 1.939227466149677503e-01 1.851139616436815460e-01 3.000924325817115879e+00 3.000924325817115879e+00 3.000924325817115879e+00 3.199262295567929099e-02 3.199262295567930486e-02 4.321127151874412653e-02 3.963700378761514820e+00 2.421906047972029533e-02
6.250000000000000000e+00 6.250000000000000000e+00 6.250000000000000000e+00 1.727678408547759226e-01 1.727678408547759781e-01 1.644624135645375018e-01 3.125962839392828929e+00 3.125962839392828929e+00 3.125962839392828929e+00 3.006390593244015474e-02 3.006390593244014781e-02 4.048128577782938303e-02 4.088738892337228314e+00 2.284271526250798712e-02
6.500000000000000000e+00 6.500000000000000000e+00 6.500000000000000000e+00 1.544053847995391915e-01 1.544053847995391637e-01 1.464934119648962363e-01 3.251001352968541980e+00 3.251001352968541980e+00 3.251001352968541980e+00 2.828909790588455056e-02 2.828909790588454362e-02 3.797381062357580578e-02 4.213777405912940921e+00 2.157102207611804462e-02
6.750000000000000000e+00 6.750000000000000000e+00 6.750000000000000000e+00 1.387148112085205831e-01 1.387148112085205831e-01 1.314668970209388055e-01 3.376039866544255474e+00 3.376039866544255474e+00 3.376039866544255474e+00 2.665277481955082017e-02 2.665277481955081323e-02 3.566668892887744913e-02 4.338815919488654416e+00 2.039386606872774926e-02
7.000000000000000000e+00 7.000000000000000000e+00 7.000000000000000000e+00 1.249659491102368819e-01 1.249659491102369790e-01 1.182693986055330937e-01 3.501078380119968525e+00 3.501078380119968525e+00 3.501078380119968525e+00 2.514136750391143815e-02 2.514136750391143468e-02 3.354035599713963561e-02 4.463854433064367910e+00 1.930232096737645453e-02
7.250000000000000000e+00 7.250000000000000000e+00 7.250000000000000000e+00 1.131030038343077276e-01 1.131030038343077693e-01 1.071522586598218918e-01 3.626116893695682020e+00 3.626116893695682020e+00 3.626116893695682020e+00 2.374290685328381972e-02 2.374290685328383360e-02 3.157748517725925130e-02 4.588892946640081405e+00 1.828847942592163808e-02
7.500000000000000000e+00 7.500000000000000000e+00 7.500000000000000000e+00 1.026248901833391597e-01 1.026248901833390487e-01 9.730921683748773587e-02 3.751155407271394626e+00 3.751155407271394626e+00 3.751155407271394626e+00 2.244680038875974601e-02 2.244680038875975295e-02 2.976270277885058324e-02 4.713931460215794012e+00 1.734532403034935374e-02
7.750000000000000000e+00 7.750000000000000000e+00 7.750000000000000000e+00 9.350896569491277954e-02 9.350896569491280730e-02 8.896914399148204977e-02 3.876193920847107677e+00 3.876193920847107677e+00 3.876193920847107677e+00 2.124365203219777051e-02 2.124365203219778092e-02 2.808232981689533225e-02 4.838969973791506618e+00 1.646660426202908867e-02
8.000000000000000000e+00 8.000000000000000000e+00 8.000000000000000000e+00 8.540248137096265180e-02 8.540248137096265180e-02 8.153282037591488840e-02 4.001232434422821171e+00 4.001232434422821171e+00 4.001232434422821171e+00 2.012510135765348263e-02 2.012510135765347916e-02 2.652417509666237308e-02 4.964008487367220113e+00 1.564674441384785591e-02
8.250000000000000000e+00 8.250000000000000000e+00 8.250000000000000000e+00 7.829963707956724694e-02 7.829963707956727470e-02 7.520290471050002090e-02 4.126270947998534666e+00 4.126270947998534666e+00 4.126270947998534666e+00 1.908369423612037846e-02 1.908369423612034030e-02 2.507734441286123619e-02 5.089047000942933607e+00 1.488075299862955808e-02
8.500000000000000000e+00 8.500000000000000000e+00 8.500000000000000000e+00 7.194665160610676236e-02 7.194665160610676236e-02 6.952393165820344723e-02 4.251309461574247273e+00 4.251309461574247273e+00 4.251309461574247273e+00 1.811276537192024749e-02 1.811276537192021974e-02 2.373208863333947996e-02 5.214085514518646214e+00 1.416415629352922416e-02
8.750000000000000000e+00 8.750000000000000000e+00 8.750000000000000000e+00 6.634600028888146261e-02 6.634600028888146261e-02 6.467294552878086189e-02 4.376347975149959879e+00 4.376347975149959879e+00 4.376347975149959879e+00 1.720634421484848117e-02 1.720634421484844995e-02 2.247966093367889662e-02 5.339124028094358820e+00 1.349293066299389783e-02
9.000000000000000000e+00 9.000000000000000000e+00 9.000000000000000000e+00 6.131166526019844742e-02 6.131166526019839191e-02 6.029691669941217996e-02 4.501386488725673374e+00 4.501386488725673374e+00 4.501386488725673374e+00 1.635906788053951080e-02 1.635906788053947958e-02 2.131220410618168276e-02 5.464162541670072315e+00 1.286345412493953427e-02
9.250000000000000000e+00 9.250000000000000000e+00 9.250000000000000000e+00 5.684985819139790758e-02 5.684985819139794228e-02 5.654957440290513809e-02 4.626425002301386868e+00 4.626425002301386868e+00 4.626425002301386868e+00 1.556611188683587436e-02 1.556611188683583794e-02 2.022264247524864153e-02 5.589201055245785810e+00 1.227245508678484302e-02
9.500000000000000000e+00 9.500000000000000000e+00 9.500000000000000000e+00 5.282201835983919153e-02 5.282201835983920540e-02 5.315256305177817192e-02 4.751463515877100363e+00 4.751463515877100363e+00 4.751463515877100363e+00 1.482312473121811039e-02 1.482312473121806355e-02 1.920459753212548637e-02 5.714239568821499304e+00 1.171697673746450313e-02
9.750000000000000000e+00 9.750000000000000000e+00 9.750000000000000000e+00 4.923569640084917570e-02 4.923569640084918264e-02 5.023909784632105135e-02 4.876502029452812970e+00 4.876502029452812970e+00 4.876502029452812970e+00 1.412617634635501135e-02 1.412617634635496625e-02 1.825230520890011587e-02 5.839278082397211911e+00 1.119433770042508464e-02
1.000000000000000000e+01 1.000000000000000000e+01 1.000000000000000000e+01 4.598623180210373307e-02 4.598623180210370531e-02 4.758636697492438228e-02 5.001540543028525576e+00 5.001540543028525576e+00 5.001540543028525576e+00 1.347170833511477685e-02 1.347170833511473521e-02 1.736055220029985788e-02 5.964316595972924517e+00 1.070210565693017167e-02
1.025000000000000000e+01 1.025000000000000000e+01 1.025000000000000000e+01 4.308127372073705663e-02 4.308127372073705663e-02 4.530984372669858568e-02 5.126579056604239071e+00 5.126579056604239071e+00 5.126579056604239071e+00 1.285649523694678414e-02 1.285649523694674598e-02 1.652461199776205161e-02 6.089355109548638012e+00 1.023806676513917997e-02
1.050000000000000000e+01 1.050000000000000000e+01 1.050000000000000000e+01 4.044080362166736081e-02 4.044080362166734693e-02 4.322877873667931720e-02 5.251617570179952565e+00 5.251617570179952565e+00 5.251617570179952565e+00 1.227760623332203697e-02 1.227760623332200922e-02 1.574019647475135425e-02 6.214393623124351507e+00 9.800205997510705314e-03
1.075000000000000000e+01 1.075000000000000000e+01 1.075000000000000000e+01 3.807195914689280591e-02 3.807195914689278510e-02 4.144343081248048899e-02 5.376656083755666060e+00 5.376656083755666060e+00 5.376656083755666060e+00 1.173237578565876349e-02 1.173237578565873747e-02 1.500340594997377069e-02 6.339432136700065001e+00 9.386683089251588591e-03
1.100000000000000000e+01 1.100000000000000000e+01 1.100000000000000000e+01 3.591291257883941906e-02 3.591291257883941213e-02 3.980542053910059164e-02 5.501694597331378667e+00 5.501694597331378667e+00 5.501694597331378667e+00 1.121837384754032982e-02 1.121837384754030900e-02 1.431069213944057873e-02 6.464470650275777608e+00 8.995817806424895313e-03
1.125000000000000000e+01 1.125000000000000000e+01 1.125000000000000000e+01 3.397002357487648866e-02 3.397002357487647478e-02 3.840200652971908352e-02 5.626733110907092161e+00 5.626733110907092161e+00 5.626733110907092161e+00 1.073338343236601017e-02 1.073338343236598762e-02 1.365881881673742561e-02 6.589509163851491103e+00 8.626070816239721217e-03
1.150000000000000000e+01 1.150000000000000000e+01 1.150000000000000000e+01 3.219507844673087649e-02 3.219507844673084179e-02 3.711008455283418966e-02 5.751771624482804768e+00 5.751771624482804768e+00 5.751771624482804768e+00 1.027537720708199959e-02 1.027537720708198050e-02 1.304483330151671484e-02 6.714547677427203709e+00 8.276032608336973684e-03
1.175000000000000000e+01 1.175000000000000000e+01 1.175000000000000000e+01 3.059357750490147507e-02 3.059357750490148894e-02 3.600581258283461206e-02 5.876810138058518262e+00 5.876810138058518262e+00 5.876810138058518262e+00 9.842500234701892156e-03 9.842500234701880013e-03 1.246603519988557021e-02 6.839586191002917204e+00 7.944408117853912418e-03
1.200000000000000000e+01 1.200000000000000000e+01 1.200000000000000000e+01 2.912762119836153143e-02 2.912762119836152797e-02 3.498608353490473971e-02 6.001848651634231757e+00 6.001848651634231757e+00 6.001848651634231757e+00 9.433051406865892996e-03 9.433051406865886057e-03 1.191995435310652662e-02 6.964624704578630698e+00 7.630008375187183160e-03
1.225000000000000000e+01 1.225000000000000000e+01 1.225000000000000000e+01 2.780186593572924608e-02 2.780186593572924955e-02 3.411756600537771411e-02 6.126887165209944364e+00 6.126887165209944364e+00 6.126887165209944364e+00 9.045470085817051281e-03 9.045470085817042608e-03 1.140432579375147068e-02 7.089663218154343305e+00 7.331738022037095209e-03
1.250000000000000000e+01 1.250000000000000000e+01 1.250000000000000000e+01 2.658631214293597986e-02 2.658631214293596945e-02 3.331316557474434115e-02 6.251925678785657858e+00 6.251925678785657858e+00 6.251925678785657858e+00 8.678321243256695294e-03 8.678321243256690090e-03 1.091707261766256508e-02 7.214701731730056800e+00 7.048589013816595507e-03
1.275000000000000000e+01 1.275000000000000000e+01 1.275000000000000000e+01 2.548483525822138607e-02 2.548483525822139301e-02 3.263142030615848871e-02 6.376964192361371353e+00 6.376964192361371353e+00 6.376964192361371353e+00 8.330285065141091946e-03 8.330285065141088477e-03 1.045628576201829661e-02 7.339740245305770294e+00 6.779630389581481689e-03
1.300000000000000000e+01 1.300000000000000000e+01 1.300000000000000000e+01 2.447354606146641062e-02 2.447354606146642450e-02 3.199820018390630433e-02 6.502002705937083959e+00 6.502002705937083959e+00 6.502002705937083959e+00 8.000144956618132630e-03 8.000144956618125691e-03 1.002021065324297175e-02 7.464778758881482901e+00 6.524003528705667361e-03
1.325000000000000000e+01 1.325000000000000000e+01 1.325000000000000000e+01 2.355562204911676796e-02 2.355562204911679225e-02 3.146505587003403659e-02 6.627041219512798342e+00 6.627041219512798342e+00 6.627041219512798342e+00 7.686779415178728557e-03 7.686779415178721618e-03 9.607230755842551331e-03 7.589817272457197284e+00 6.280913694887824313e-03
1.350000000000000000e+01 1.350000000000000000e+01 1.350000000000000000e+01 2.271194170610877847e-02 2.271194170610878887e-02 3.096846128552498828e-02 6.752079733088510949e+00 6.752079733088510949e+00 6.752079733088510949e+00 7.389152272199400566e-03 7.389152272199395362e-03 9.215857133161812348e-03 7.714855786032909890e+00 6.049626476544163294e-03
1.375000000000000000e+01 1.375000000000000000e+01 1.375000000000000000e+01 2.194507276814120292e-02 2.194507276814120986e-02 3.055394092913754286e-02 6.877118246664223555e+00 6.877118246664223555e+00 6.877118246664223555e+00 7.106306314976025898e-03 7.106306314976017224e-03 8.844714967853601131e-03 7.839894299608622497e+00 5.829460741297737454e-03
1.400000000000000000e+01 1.400000000000000000e+01 1.400000000000000000e+01 2.123964305102483269e-02 2.123964305102484657e-02 3.016672445494274907e-02 7.002156760239937050e+00 7.002156760239937050e+00 7.002156760239937050e+00 6.837355288974060648e-03 6.837355288974047637e-03 8.492535381527310454e-03 7.964932813184335991e+00 5.619785982556904300e-03
1.425000000000000000e+01 1.425000000000000000e+01 1.425000000000000000e+01 2.059769600679548646e-02 2.059769600679547952e-02 2.984711916082363053e-02 7.127195273815649657e+00 7.127195273815649657e+00 7.127195273815649657e+00 6.581478877011684610e-03 6.581478877011665528e-03 8.158144314671522332e-03 8.089971326760048598e+00 5.420016406584760374e-03
1.450000000000000000e+01 1.450000000000000000e+01 1.450000000000000000e+01 2.000682861662066853e-02 2.000682861662066159e-02 2.954764860898192666e-02 7.252233787391364039e+00 7.252233787391364039e+00 7.252233787391364039e+00 6.337916099389689917e-03 6.337916099389671702e-03 7.840456106410447282e-03 8.215009840335763869e+00 5.229608976069053013e-03
1.475000000000000000e+01 1.475000000000000000e+01 1.475000000000000000e+01 1.946863899388455790e-02 1.946863899388455443e-02 2.930408481786799663e-02 7.377272300967076646e+00 7.377272300967076646e+00 7.377272300967076646e+00 6.105961352639978877e-03 6.105961352639959795e-03 7.538464261561875386e-03 8.340048353911475587e+00 5.048058415725364956e-03
1.500000000000000000e+01 1.500000000000000000e+01 1.500000000000000000e+01 1.897309012279086576e-02 1.897309012279086923e-02 2.907507828561766913e-02 7.502310814542789252e+00 7.502310814542789252e+00 7.502310814542789252e+00 5.884958928772760986e-03 5.884958928772750578e-03 7.251236407735609478e-03 8.465086867487189082e+00 4.874895794361623971e-03
1.525000000000000000e+01 1.525000000000000000e+01 1.525000000000000000e+01 1.852140562871762083e-02 1.852140562871761736e-02 2.889244179478046154e-02 7.627349328118502747e+00 7.627349328118502747e+00 7.627349328118502747e+00 5.674299886041960991e-03 5.674299886041952318e-03 6.977906582673929804e-03 8.590125381062902576e+00 4.709684283056034780e-03
1.550000000000000000e+01 1.550000000000000000e+01 1.550000000000000000e+01 1.810544425938045987e-02 1.810544425938047375e-02 2.872001326814026256e-02 7.752387841694215354e+00 7.752387841694215354e+00 7.752387841694215354e+00 5.473417471646841760e-03 5.473417471646830484e-03 6.717671273302058647e-03 8.715163894638614295e+00 4.552018155210792692e-03
1.575000000000000000e+01 1.575000000000000000e+01 1.575000000000000000e+01 1.772611759205819024e-02 1.772611759205819371e-02 2.858613400700902446e-02 7.877426355269929736e+00 7.877426355269929736e+00 7.877426355269929736e+00 5.281784649538078143e-03 5.281784649538072939e-03 6.469782936630369928e-03 8.840202408214329566e+00 4.401519167970889372e-03
1.600000000000000000e+01 1.600000000000000000e+01 1.600000000000000000e+01 1.737681070123718585e-02 1.737681070123718932e-02 2.845906710305052406e-02 8.002464868845642343e+00 8.002464868845642343e+00 8.002464868845642343e+00 5.098910258728044098e-03 5.098910258728035425e-03 6.233546891632133977e-03 8.965240921790041284e+00 4.257835888556632531e-03
1.625000000000000000e+01 1.625000000000000000e+01 1.625000000000000000e+01 1.705817748453950303e-02 1.705817748453950650e-02 2.836409638842838504e-02 8.127503382421354061e+00 8.127503382421354061e+00 8.127503382421354061e+00 4.924337062995129931e-03 4.924337062995119522e-03 6.008315848330737438e-03 9.090279435365753002e+00 4.120640597837871288e-03
1.650000000000000000e+01 1.650000000000000000e+01 1.650000000000000000e+01 1.676483705004535793e-02 1.676483705004536834e-02 2.827328731434594622e-02 8.252541895997069332e+00 8.252541895997069332e+00 8.252541895997069332e+00 4.757638513558391791e-03 4.757638513558380515e-03 5.793487473978680032e-03 9.215317948941468273e+00 3.989628873355376137e-03
1.675000000000000000e+01 1.675000000000000000e+01 1.675000000000000000e+01 1.649723256791302273e-02 1.649723256791301926e-02 2.820921851451639942e-02 8.377580409572781051e+00 8.377580409572781051e+00 8.377580409572781051e+00 4.598417216028450813e-03 4.598417216028441272e-03 5.588499752263039431e-03 9.340356462517179992e+00 3.864516936090979168e-03
1.700000000000000000e+01 1.700000000000000000e+01 1.700000000000000000e+01 1.625098442772686044e-02 1.625098442772686738e-02 2.814724567613882678e-02 8.502618923148494545e+00 8.502618923148494545e+00 8.502618923148494545e+00 4.446302194534961123e-03 4.446302194534954184e-03 5.392829084162873744e-03 9.465394976092893486e+00 3.745041437887959568e-03
1.725000000000000000e+01 1.725000000000000000e+01 1.725000000000000000e+01 1.602636538645324862e-02 1.602636538645324515e-02 2.810754265781693906e-02 8.627657436724208040e+00 8.627657436724208040e+00 8.627657436724208040e+00 4.300947694892602070e-03 4.300947694892600336e-03 5.205986335978521166e-03 9.590433489668606981e+00 3.630957190140194583e-03
1.750000000000000000e+01 1.750000000000000000e+01 1.750000000000000000e+01 1.581981068580749425e-02 1.581981068580749772e-02 2.806833186327640367e-02 8.752695950299919758e+00 8.752695950299919758e+00 8.752695950299919758e+00 4.162030869505721487e-03 4.162030869505720619e-03 5.027515365376714757e-03 9.715472003244318699e+00 3.522037117203102256e-03
1.775000000000000000e+01 1.775000000000000000e+01 1.775000000000000000e+01 1.563145714077362677e-02 1.563145714077364412e-02 2.804763911143955124e-02 8.877734463875635029e+00 8.877734463875635029e+00 8.877734463875635029e+00 4.029250854308394705e-03 4.029250854308390369e-03 4.856989645768732683e-03 9.840510516820033970e+00 3.418070320257750490e-03
1.800000000000000000e+01 1.800000000000000000e+01 1.800000000000000000e+01 1.545840472664796600e-02 1.545840472664796947e-02 2.802620150729294435e-02 9.002772977451346748e+00 9.002772977451346748e+00 9.002772977451346748e+00 3.902326811546348584e-03 3.902326811546342946e-03 4.694011131594875291e-03 9.965549030395745689e+00 3.318862169868200783e-03
1.825000000000000000e+01 1.825000000000000000e+01 1.825000000000000000e+01 1.530068369988687831e-02 1.530068369988687310e-02 2.802011661306986687e-02 9.127811491027060242e+00 9.127811491027060242e+00 9.127811491027060242e+00 3.780997233016046045e-03 3.780997233016039107e-03 4.538207369398140380e-03 1.009058754397145918e+01 3.224232670708659237e-03
1.850000000000000000e+01 1.850000000000000000e+01 1.850000000000000000e+01 1.515593731789473958e-02 1.515593731789473958e-02 2.801234237715131623e-02 9.252850004602773737e+00 9.252850004602773737e+00 9.252850004602773737e+00 3.665018292415741282e-03 3.665018292415732609e-03 4.389230634975703135e-03 1.021562605754717268e+01 3.134016676605979896e-03
1.875000000000000000e+01 1.875000000000000000e+01 1.875000000000000000e+01 1.502411426328887668e-02 1.502411426328888362e-02 2.801723650295939727e-02 9.377888518178485455e+00 9.377888518178485455e+00 9.377888518178485455e+00 3.554163339874046815e-03 3.554163339874045514e-03 4.246755459801260062e-03 1.034066457112288440e+01 3.048062533076622595e-03
1.900000000000000000e+01 1.900000000000000000e+01 1.900000000000000000e+01 1.490330241261583234e-02 1.490330241261583581e-02 2.801973158906876163e-02 9.502927031754200726e+00 9.502927031754200726e+00 9.502927031754200726e+00 3.448221528028696733e-03 3.448221528028693264e-03 4.110477987552109934e-03 1.046570308469859967e+01 2.966232407868580560e-03
1.925000000000000000e+01 1.925000000000000000e+01 1.925000000000000000e+01 1.479339007320817218e-02 1.479339007320817391e-02 2.803260710122546309e-02 9.627965545329912445e+00 9.627965545329912445e+00 9.627965545329912445e+00 3.346997473774427669e-03 3.346997473774425500e-03 3.980113859479239916e-03 1.059074159827431139e+01 2.888401199259243730e-03
1.950000000000000000e+01 1.950000000000000000e+01 1.950000000000000000e+01 1.469282931502389339e-02 1.469282931502388645e-02 2.804256345704954356e-02 9.753004058905625939e+00 9.753004058905625939e+00 9.753004058905625939e+00 3.250310133531947830e-03 3.250310133531946963e-03 3.855397749998504264e-03 1.071578011185002488e+01 2.814456985209281246e-03
1.975000000000000000e+01 1.975000000000000000e+01 1.975000000000000000e+01 1.460146601801828002e-02 1.460146601801827829e-02 2.806094054865356652e-02 9.878042572481339434e+00 9.878042572481339434e+00 9.878042572481339434e+00 3.157992618502657601e-03 3.157992618502661070e-03 3.736081567131197510e-03 1.084081862542573838e+01 2.744300197159915862e-03
2.000000000000000000e+01 2.000000000000000000e+01 2.000000000000000000e+01 1.451805071225623252e-02 1.451805071225623599e-02 2.807603253635750779e-02 1.000308108605705115e+01 1.000308108605705115e+01 1.000308108605705115e+01 3.069891305730576645e-03 3.069891305730577946e-03 3.621934137150602771e-03 1.096585713900145009e+01 2.677844202574623279e-03
2.025000000000000000e+01 2.025000000000000000e+01 2.025000000000000000e+01 1.444240200996152641e-02 1.444240200996152641e-02 2.809785861473566848e-02 1.012811959963276642e+01 1.012811959963276642e+01 1.012811959963276642e+01 2.985865803990616577e-03 2.985865803990618312e-03 3.512739687133024924e-03 1.109089565257716536e+01 2.615014757853030038e-03
2.050000000000000000e+01 2.050000000000000000e+01 2.050000000000000000e+01 1.437351508505769690e-02 1.437351508505770210e-02 2.811616008169664713e-02 1.025315811320847814e+01 1.025315811320847814e+01 1.025315811320847814e+01 2.905788299434650113e-03 2.905788299434655317e-03 3.408297657805870341e-03 1.121593416615287708e+01 2.555750753774061693e-03
2.075000000000000000e+01 2.075000000000000000e+01 2.075000000000000000e+01 1.431119404898912456e-02 1.431119404898912283e-02 2.813973715309606508e-02 1.037819662678419164e+01 1.037819662678419164e+01 1.037819662678419164e+01 2.829543681960089863e-03 2.829543681960097236e-03 3.308421445309852986e-03 1.134097267972859058e+01 2.500003978869748053e-03
2.100000000000000000e+01 2.100000000000000000e+01 2.100000000000000000e+01 1.425463463798662921e-02 1.425463463798663094e-02 2.815965488938784039e-02 1.050323514035990513e+01 1.050323514035990513e+01 1.050323514035990513e+01 2.757029139170831360e-03 2.757029139170842635e-03 3.212938330124609759e-03 1.146601119330430407e+01 2.447740077081374602e-03
2.125000000000000000e+01 2.125000000000000000e+01 2.125000000000000000e+01 1.420363717276965608e-02 1.420363717276965261e-02 2.818358127214956946e-02 1.062827365393561863e+01 1.062827365393561863e+01 1.062827365393561863e+01 2.688154469784141166e-03 2.688154469784155044e-03 3.121688465114791800e-03 1.159104970688001757e+01 2.398938676638524923e-03
2.150000000000000000e+01 2.150000000000000000e+01 2.150000000000000000e+01 1.415756188346543529e-02 1.415756188346543355e-02 2.820380156639028246e-02 1.075331216751133212e+01 1.075331216751133212e+01 1.075331216751133212e+01 2.622841960057091439e-03 2.622841960057103582e-03 3.034524917447509705e-03 1.171608822045573106e+01 2.353594636065114726e-03
2.175000000000000000e+01 2.175000000000000000e+01 2.175000000000000000e+01 1.411621423622474135e-02 1.411621423622473961e-02 2.822692509799373112e-02 1.087835068108704384e+01 1.087835068108704384e+01 1.087835068108704384e+01 2.561026935118773749e-03 2.561026935118782856e-03 2.951312900661424554e-03 1.184112673403144278e+01 2.311718624225422587e-03
2.200000000000000000e+01 2.200000000000000000e+01 2.200000000000000000e+01 1.407908953940927889e-02 1.407908953940927195e-02 2.824637084665975600e-02 1.100338919466275733e+01 1.100338919466275733e+01 1.100338919466275733e+01 2.502657982953921962e-03 2.502657982953931503e-03 2.871929936491184575e-03 1.196616524760715627e+01 2.273338762651961730e-03
2.225000000000000000e+01 2.225000000000000000e+01 2.225000000000000000e+01 1.404600580353561855e-02 1.404600580353560640e-02 2.826775138869961138e-02 1.112842770823847083e+01 1.112842770823847083e+01 1.112842770823847083e+01 2.447697833816219175e-03 2.447697833816231752e-03 2.796265340511770291e-03 1.209120376118286977e+01 2.238501770359804539e-03
2.250000000000000000e+01 2.250000000000000000e+01 2.250000000000000000e+01 1.401656957763378585e-02 1.401656957763378931e-02 2.828554778577978268e-02 1.125346622181418432e+01 1.125346622181418432e+01 1.125346622181418432e+01 2.396124049616627557e-03 2.396124049616646205e-03 2.724220521441664006e-03 1.221624227475858326e+01 2.207275119687662421e-03
2.275000000000000000e+01 2.275000000000000000e+01 2.275000000000000000e+01 1.399061747441722112e-02 1.399061747441721418e-02 2.830442732431431851e-02 1.137850473538989782e+01 1.137850473538989782e+01 1.137850473538989782e+01 2.347930394392913969e-03 2.347930394392936087e-03 2.655708740792081871e-03 1.234128078833429676e+01 2.179748814710491794e-03
2.300000000000000000e+01 2.300000000000000000e+01 2.300000000000000000e+01 1.396784817795004678e-02 1.396784817795004331e-02 2.831987460215038346e-02 1.150354324896560954e+01 1.150354324896560954e+01 1.150354324896560954e+01 2.303128214848108694e-03 2.303128214848133848e-03 2.590655570972522602e-03 1.246631930191000848e+01 2.156037995628906981e-03
2.325000000000000000e+01 2.325000000000000000e+01 2.325000000000000000e+01 1.394812178041210382e-02 1.394812178041209341e-02 2.833565362598537002e-02 1.162858176254132303e+01 1.162858176254132303e+01 1.162858176254132303e+01 2.261748642763574627e-03 2.261748642763602383e-03 2.528998915837799011e-03 1.259135781548572197e+01 2.136284930196974581e-03
2.350000000000000000e+01 2.350000000000000000e+01 2.350000000000000000e+01 1.393121406607248508e-02 1.393121406607247988e-02 2.834820566673843661e-02 1.175362027611703652e+01 1.175362027611703652e+01 1.175362027611703652e+01 2.223845332514178420e-03 2.223845332514213548e-03 2.470689167906689292e-03 1.271639632906143547e+01 2.120661317900807922e-03
2.375000000000000000e+01 2.375000000000000000e+01 2.375000000000000000e+01 1.391701243244454836e-02 1.391701243244454142e-02 2.836042481039098215e-02 1.187865878969275002e+01 1.187865878969275002e+01 1.187865878969275002e+01 2.189500118307949415e-03 2.189500118307990614e-03 2.415684623071043084e-03 1.284143484263714896e+01 2.109374524314000434e-03
2.400000000000000000e+01 2.400000000000000000e+01 2.400000000000000000e+01 1.390535829104152209e-02 1.390535829104152729e-02 2.836967272497811776e-02 1.200369730326846351e+01 1.200369730326846351e+01 1.200369730326846351e+01 2.158842059898419350e-03 2.158842059898469657e-03 2.363919186925334936e-03 1.296647335621286246e+01 2.102716792115751163e-03
2.425000000000000000e+01 2.425000000000000000e+01 2.425000000000000000e+01 1.389616922039032913e-02 1.389616922039033434e-02 2.837799890720790752e-02 1.212873581684417523e+01 1.212873581684417523e+01 1.212873581684417523e+01 2.132123297602326554e-03 2.132123297602383366e-03 2.315175609850908967e-03 1.309151186978857417e+01 2.101293638255552314e-03
2.450000000000000000e+01 2.450000000000000000e+01 2.450000000000000000e+01 1.388934396684641560e-02 1.388934396684640867e-02 2.838365890323061788e-02 1.225377433041988873e+01 1.225377433041988873e+01 1.225377433041988873e+01 2.109929546007695191e-03 2.109929546007752871e-03 2.268885898441710351e-03 1.321655038336428767e+01 2.106555579439628630e-03
2.475000000000000000e+01 2.475000000000000000e+01 2.475000000000000000e+01 1.388483229144268916e-02 1.388483229144269436e-02 2.838787539165479532e-02 1.237881284399560222e+01 1.237881284399560222e+01 1.237881284399560222e+01 2.093474767343443243e-03 2.093474767343500922e-03 2.224414457946960813e-03 1.334158889694000116e+01 2.121021496011046750e-03
2.500000000000000000e+01 2.500000000000000000e+01 2.500000000000000000e+01 1.388258489189462402e-02 1.388258489189462923e-02 2.838978043789501526e-02 1.250385135757131572e+01 1.250385135757131572e+01 1.250385135757131572e+01 2.084530031657372273e-03 2.084530031657428218e-03 2.182547979700789637e-03 1.346662741051571466e+01 2.146725724568104236e-03
