2.917343894501633894e+00 0.000000000000000000e+00 1.000000000000000000e+00 -0.000000000000000000e+00
2.917343894501633894e+00 1.000000000000000056e-01 4.814591829064654993e-01 -9.289908687392298137e-02
2.917343894501633894e+00 2.000000000000000111e-01 3.124263542716503375e-02 -6.743931805661008971e-02
2.917343894501633894e+00 3.000000000000000444e-01 -1.017627909330341696e-02 1.494464948118882051e-04
2.917343894501633894e+00 4.000000000000000222e-01 6.869729897037761546e-03 4.372418322251327497e-03
2.917343894501633894e+00 5.000000000000000000e-01 1.151171989679579920e-03 -4.468203276695935366e-02
2.917343894501633894e+00 6.000000000000000888e-01 -2.266335667846453017e-01 -1.534458840835090376e-01
2.917343894501633894e+00 7.000000000000000666e-01 -4.464374675330525788e-01 -2.853908101251896312e-01
2.917343894501633894e+00 8.000000000000000444e-01 -2.316842446768579422e-01 -1.864023243614497949e-01
2.917343894501633894e+00 9.000000000000000222e-01 -4.987956380952543456e-02 -1.745530807113312944e-03
2.917343894501633894e+00 1.000000000000000000e+00 1.061409999630820097e-03 5.902604737881498621e-03
2.917343894501633894e+00 1.100000000000000089e+00 1.611012829904128049e-03 -3.249956554958124185e-03
2.917343894501633894e+00 1.200000000000000178e+00 -1.856614257567433535e-02 3.412747050864806553e-03
2.917343894501633894e+00 1.300000000000000044e+00 -3.633825837571637296e-02 1.430305904588932975e-01
2.917343894501633894e+00 1.400000000000000133e+00 -6.187525507981845446e-02 3.741643270789550835e-01
2.917343894501633894e+00 1.500000000000000000e+00 -9.497576914664536407e-02 2.498667474988527093e-01
2.917343894501633894e+00 1.600000000000000089e+00 4.411515716384014144e-03 5.261503033588957323e-02
2.917343894501633894e+00 1.700000000000000178e+00 5.666076542629447377e-03 -6.184454922458259337e-04
2.917343894501633894e+00 1.800000000000000044e+00 -1.993002252389452014e-03 -1.284978253316932523e-03
2.917343894501633894e+00 1.900000000000000133e+00 1.921401961522603606e-03 9.734060404839742567e-03
2.917343894501633894e+00 2.000000000000000000e+00 8.953493358597612584e-02 4.069393672148144576e-03
2.917343894501633894e+00 2.100000000000000089e+00 2.962292698285353132e-01 -4.538805570680327917e-02
2.917343894501633894e+00 2.200000000000000178e+00 2.640229518924442909e-01 2.502696587384963672e-02
2.917343894501633894e+00 2.300000000000000266e+00 6.245465663758771602e-02 -1.151147955687086347e-02
2.917343894501633894e+00 2.400000000000000355e+00 -8.481927429614972015e-05 -6.555374450846261462e-03
2.917343894501633894e+00 2.500000000000000000e+00 -1.268720521605987226e-03 1.391827235295556905e-03
2.917343894501633894e+00 2.600000000000000089e+00 5.762585668829378789e-03 -7.872423344469015516e-04
2.917343894501633894e+00 2.700000000000000178e+00 -5.394178898552324901e-03 -5.611337282669104365e-02
2.917343894501633894e+00 2.800000000000000266e+00 -1.024064403479773011e-01 -2.191099644272158364e-01
2.917343894501633894e+00 2.900000000000000355e+00 -4.725202135633914391e-02 -2.642749931578177724e-01
2.917343894501633894e+00 3.000000000000000000e+00 -2.353761700969281279e-02 -7.571950094071575044e-02
2.917343894501633894e+00 3.100000000000000089e+00 -8.310965267613839094e-03 -5.695610667498470815e-04
2.917343894501633894e+00 3.200000000000000178e+00 1.033969728451623491e-03 1.359354047955376333e-03
2.917343894501633894e+00 3.300000000000000266e+00 -1.307984855580585808e-04 -3.674378213191100036e-03
2.917343894501633894e+00 3.400000000000000355e+00 -3.499529383241933161e-02 6.879731926456814951e-03
2.917343894501633894e+00 3.500000000000000000e+00 -1.476861867741549872e-01 1.250099623933289550e-01
2.917343894501633894e+00 3.600000000000000089e+00 -2.416322731585154870e-01 1.196050530823144775e-01
2.917343894501633894e+00 3.700000000000000178e+00 -8.924014892417803102e-02 4.306666675805616296e-02
2.917343894501633894e+00 3.800000000000000266e+00 -1.366162403010271831e-03 1.111831877255191163e-02
2.917343894501633894e+00 3.900000000000000355e+00 1.534584153024740310e-03 -7.780615173840353845e-04
2.917343894501633894e+00 4.000000000000000000e+00 -2.474036142344758580e-03 -2.321768754689865384e-04
2.917343894501633894e+00 4.100000000000000533e+00 5.672210804580303002e-03 2.177089256853566301e-02
2.917343894501633894e+00 4.200000000000000178e+00 1.229369907964378977e-01 8.831195429979551981e-02
2.917343894501633894e+00 4.299999999999999822e+00 1.814799860138841536e-01 1.937427074246299841e-01
2.917343894501633894e+00 4.400000000000000355e+00 7.154734273215203333e-02 9.854967315998877653e-02
2.917343894501633894e+00 4.500000000000000000e+00 1.537248749010696781e-02 2.215785233355332517e-03
2.917343894501633894e+00 4.600000000000000533e+00 -5.545687404376817287e-04 -1.811180223274571049e-03
2.917343894501633894e+00 4.700000000000000178e+00 -4.350286127757213421e-04 1.742814998811045672e-03
2.917343894501633894e+00 4.800000000000000711e+00 1.360224266310397327e-02 -3.913663836539173387e-03
2.917343894501633894e+00 4.900000000000000355e+00 4.477520416322343377e-02 -1.059355290917789738e-01
2.917343894501633894e+00 5.000000000000000000e+00 1.262369828755504075e-01 -2.213331318056830921e-01
2.917343894501633894e+00 5.100000000000000533e+00 9.790800665924681567e-02 -1.081449805849081097e-01
2.917343894501633894e+00 5.200000000000000178e+00 2.797175520122306604e-03 -2.161842786230595143e-02
2.917343894501633894e+00 5.300000000000000711e+00 -2.227666973788289262e-03 3.142657010639742757e-04
2.917343894501633894e+00 5.400000000000000355e+00 1.277119408382157689e-03 5.579975826230499205e-04
2.917343894501633894e+00 5.500000000000000000e+00 -2.392700842768758201e-03 -8.600921038159603169e-03
2.917343894501633894e+00 5.600000000000000533e+00 -8.287604202364785844e-02 -1.700170388771258048e-02
2.917343894501633894e+00 5.700000000000000178e+00 -2.320768103971156404e-01 -5.109544570286152915e-02
2.917343894501633894e+00 5.800000000000000711e+00 -1.485954834279384906e-01 -8.160625489644626751e-02
2.917343894501633894e+00 5.900000000000000355e+00 -3.044567645082596474e-02 -2.381187882294584935e-03
2.917343894501633894e+00 6.000000000000000000e+00 9.517603666267718848e-06 2.848054220381688196e-03
2.917343894501633894e+00 6.100000000000000533e+00 6.482996455677330272e-04 -9.679401396419771595e-04
2.917343894501633894e+00 6.200000000000000178e+00 -5.541078427443829960e-03 1.297678367911442657e-03
2.917343894501633894e+00 6.300000000000000711e+00 -1.999491466993119897e-03 6.018086908042863392e-02
2.917343894501633894e+00 6.400000000000000355e+00 1.754739127775707674e-02 2.141215525966337074e-01
2.917343894501633894e+00 6.500000000000000000e+00 -4.626881749007017569e-02 1.850226048860958150e-01
2.917343894501633894e+00 6.600000000000000533e+00 3.552373186026489297e-04 4.223647215725595538e-02
2.917343894501633894e+00 6.700000000000000178e+00 3.774105881701170662e-03 4.130277866255141310e-04
2.917343894501633894e+00 6.800000000000000711e+00 -7.520882129335344519e-04 -7.354155146087554620e-04
2.917343894501633894e+00 6.900000000000000355e+00 5.839209641122704124e-04 3.656042942568685401e-03
2.917343894501633894e+00 7.000000000000000000e+00 4.129783357021617196e-02 -4.358738022810604122e-03
2.917343894501633894e+00 7.100000000000000533e+00 1.750415197456873517e-01 -6.832047853840816920e-02
2.917343894501633894e+00 7.200000000000000178e+00 2.074544260950828556e-01 -6.705578757849996532e-03
2.917343894501633894e+00 7.300000000000000711e+00 5.671134364138785688e-02 -7.391254006818135346e-03
2.917343894501633894e+00 7.400000000000000355e+00 1.010157683263938726e-03 -5.165646139141315089e-03
2.917343894501633894e+00 7.500000000000000000e+00 -8.405864041650405651e-04 5.897316654092907328e-04
2.917343894501633894e+00 7.600000000000000533e+00 2.479679633981791802e-03 -1.466996981212477405e-04
2.917343894501633894e+00 7.700000000000000178e+00 -5.831171203931503205e-03 -2.722782475281624454e-02
2.917343894501633894e+00 7.800000000000000711e+00 -9.599318759643024612e-02 -1.263847109409211300e-01
2.917343894501633894e+00 7.900000000000000355e+00 -6.999955555180130407e-02 -2.070376258609279707e-01
2.917343894501633894e+00 8.000000000000000000e+00 -2.108176890211826277e-02 -7.232810952227071433e-02
2.917343894501633894e+00 8.099999999999999645e+00 -7.268540014542485689e-03 -1.825595342543853694e-03
2.917343894501633894e+00 8.200000000000001066e+00 4.527026817024476144e-04 9.826429893348941069e-04
2.917343894501633894e+00 8.300000000000000711e+00 1.122567346159070634e-04 -1.733317941617312612e-03
2.917343894501633894e+00 8.400000000000000355e+00 -1.752482496675739770e-02 5.098773965088189940e-03
2.917343894501633894e+00 8.500000000000000000e+00 -7.935565230586762164e-02 1.020281851753150060e-01
2.917343894501633894e+00 8.599999999999999645e+00 -1.797598118292257630e-01 1.315092143466101426e-01
2.917343894501633894e+00 8.700000000000001066e+00 -8.577612974176472560e-02 4.342802480691121403e-02
2.917343894501633894e+00 8.800000000000000711e+00 -2.844353577740035052e-03 1.044771801258556274e-02
2.917343894501633894e+00 8.900000000000000355e+00 1.184337933955055154e-03 -3.164748733112863707e-04
2.917343894501633894e+00 9.000000000000000000e+00 -1.250630919372221986e-03 -2.653060934768932560e-04
2.917343894501633894e+00 9.099999999999999645e+00 3.716494430544487523e-03 1.117483433191815596e-02
2.917343894501633894e+00 9.200000000000001066e+00 9.246917422215292226e-02 4.157675303365465647e-02
2.917343894501633894e+00 9.300000000000000711e+00 1.779821670824967006e-01 1.288083117303385761e-01
2.917343894501633894e+00 9.400000000000000355e+00 7.476093271026608422e-02 9.202095838398552385e-02
2.917343894501633894e+00 9.500000000000000000e+00 1.520557388987143176e-02 3.902317221726421710e-03
2.917343894501633894e+00 9.600000000000001421e+00 -1.550044147250734651e-04 -1.476736268374164449e-03
2.917343894501633894e+00 9.700000000000001066e+00 -3.611829914515754460e-04 9.315324958710083153e-04
2.917343894501633894e+00 9.800000000000000711e+00 7.148745215249842008e-03 -2.412290683739146558e-03
2.917343894501633894e+00 9.900000000000000355e+00 1.587585765724817272e-02 -7.490874377699346942e-02
2.917343894501633894e+00 1.000000000000000000e+01 6.427133027694886813e-02 -1.997147200278827917e-01
2.917343894501633894e+00 1.010000000000000142e+01 8.522722881877985157e-02 -1.124526498050709700e-01
2.917343894501633894e+00 1.020000000000000107e+01 4.501835699946379540e-03 -2.214204285898923805e-02
2.917343894501633894e+00 1.030000000000000071e+01 -1.906296401890284539e-03 -6.266778329591412135e-05
2.917343894501633894e+00 1.040000000000000036e+01 7.147912077911973286e-04 4.316492840730181877e-04
2.917343894501633894e+00 1.050000000000000000e+01 -1.419454293418385840e-03 -4.633524551214223547e-03
2.917343894501633894e+00 1.060000000000000142e+01 -5.571565964109410907e-02 -1.263972533932070357e-03
2.917343894501633894e+00 1.070000000000000107e+01 -1.938159918372577284e-01 1.572198419985234219e-04
2.917343894501633894e+00 1.080000000000000071e+01 -1.501766208722872253e-01 -6.086781538391589086e-02
2.917343894501633894e+00 1.090000000000000036e+01 -3.180429675283634461e-02 -3.683240530412029787e-03
2.917343894501633894e+00 1.100000000000000000e+01 -3.784877637092726307e-04 2.545407140720567975e-03
2.917343894501633894e+00 1.110000000000000142e+01 4.962339718718138245e-04 -5.621149717669331495e-04
2.917343894501633894e+00 1.120000000000000107e+01 -3.066261201396150004e-03 7.447936853153627225e-04
2.917343894501633894e+00 1.130000000000000071e+01 5.162453506350564783e-03 3.881186023327404949e-02
2.917343894501633894e+00 1.140000000000000036e+01 5.214864247065555125e-02 1.650403969625642842e-01
2.917343894501633894e+00 1.150000000000000000e+01 -1.814371569933355757e-02 1.787083946893976427e-01
2.917343894501633894e+00 1.160000000000000142e+01 1.615769435422885708e-04 4.433621332600239107e-02
2.917343894501633894e+00 1.170000000000000107e+01 3.508116761731250050e-03 8.419042237089575898e-04
2.917343894501633894e+00 1.180000000000000071e+01 -4.478948515223821788e-04 -5.705136260990014514e-04
2.917343894501633894e+00 1.190000000000000036e+01 3.149088538821218845e-04 2.081758542712411862e-03
2.917343894501633894e+00 1.200000000000000000e+01 2.578458462852407235e-02 -6.749740452729580988e-03
2.917343894501633894e+00 1.210000000000000142e+01 1.232566588645195860e-01 -8.402314361450549662e-02
2.917343894501633894e+00 1.220000000000000107e+01 1.887086868689587804e-01 -3.813696528837816346e-02
2.917343894501633894e+00 1.230000000000000071e+01 5.892578902555389159e-02 -9.277647488234584683e-03
2.917343894501633894e+00 1.240000000000000036e+01 1.509557178127107812e-03 -4.976301711717433067e-03
2.917343894501633894e+00 1.250000000000000000e+01 -6.685937754574655884e-04 3.530348915800530672e-04
2.917343894501633894e+00 1.260000000000000142e+01 1.455221091752934492e-03 -5.371808446935588362e-05
2.917343894501633894e+00 1.270000000000000107e+01 -5.982700996116753836e-03 -1.662320185685903576e-02
2.917343894501633894e+00 1.280000000000000071e+01 -9.512993951474713050e-02 -7.949091746760077182e-02
2.917343894501633894e+00 1.290000000000000036e+01 -9.786485852678726560e-02 -1.738900673150503839e-01
2.917343894501633894e+00 1.300000000000000000e+01 -2.586942120947428869e-02 -7.327494469175098446e-02
2.917343894501633894e+00 1.310000000000000142e+01 -7.223013169423763563e-03 -2.403114994827693779e-03
2.917343894501633894e+00 1.320000000000000107e+01 2.608510640273833709e-04 8.063108814727928389e-04
2.917343894501633894e+00 1.330000000000000071e+01 1.026901228596715409e-04 -1.049621355760529040e-03
2.917343894501633894e+00 1.340000000000000036e+01 -1.056607132530829052e-02 4.472546032945781506e-03
2.917343894501633894e+00 1.350000000000000000e+01 -4.228506762796702817e-02 8.981295644378634035e-02
2.917343894501633894e+00 1.360000000000000142e+01 -1.343655812683737794e-01 1.483183667267315153e-01
2.917343894501633894e+00 1.370000000000000107e+01 -8.317416991022223705e-02 5.123073711034089456e-02
2.917343894501633894e+00 1.380000000000000071e+01 -3.467720497360422035e-03 1.064916095001169731e-02
2.917343894501633894e+00 1.390000000000000036e+01 1.002368380055929228e-03 -1.558452073595490968e-04
2.917343894501633894e+00 1.400000000000000000e+01 -7.818491671250139569e-04 -2.007723853335152805e-04
2.917343894501633894e+00 1.410000000000000142e+01 3.025355264669164594e-03 6.716787577194103381e-03
2.917343894501633894e+00 1.420000000000000107e+01 7.476665164045437351e-02 1.578579562837546801e-02
2.917343894501633894e+00 1.430000000000000071e+01 1.782520783346591142e-01 7.783091886383847191e-02
2.917343894501633894e+00 1.440000000000000036e+01 8.428589707375963580e-02 8.343601623490214114e-02
2.917343894501633894e+00 1.450000000000000000e+01 1.578457650945854635e-02 4.415386420869203514e-03
2.917343894501633894e+00 1.460000000000000142e+01 -1.311224517433141114e-05 -1.292419433128353876e-03
2.917343894501633894e+00 1.470000000000000107e+01 -2.677069510881181346e-04 6.022964290335470735e-04
2.917343894501633894e+00 1.480000000000000071e+01 4.322069136915820259e-03 -1.886712902331893257e-03
2.917343894501633894e+00 1.490000000000000036e+01 2.352211965963675795e-04 -5.667087619545138621e-02
2.917343894501633894e+00 1.500000000000000000e+01 1.598714878842497078e-02 -1.823836914764131456e-01
2.917343894501633894e+00 1.510000000000000142e+01 6.849972340652644986e-02 -1.206451110297552393e-01
2.917343894501633894e+00 1.520000000000000107e+01 4.592363406670772925e-03 -2.319742386762710731e-02
2.917343894501633894e+00 1.530000000000000071e+01 -1.723261339096579395e-03 -1.927577675322030210e-04
2.917343894501633894e+00 1.540000000000000036e+01 4.780624807637064242e-04 3.223061946084183156e-04
2.917343894501633894e+00 1.550000000000000000e+01 -1.098293366393159488e-03 -2.840153393324039346e-03
2.917343894501633894e+00 1.560000000000000142e+01 -3.993406903091830523e-02 6.923302042394135179e-03
2.917343894501633894e+00 1.570000000000000107e+01 -1.622320395279159833e-01 3.820289266177799570e-02
2.917343894501633894e+00 1.580000000000000071e+01 -1.524790809305192618e-01 -3.587205212392685638e-02
2.917343894501633894e+00 1.590000000000000036e+01 -3.328273133519236981e-02 -2.811838548370043482e-03
2.917343894501633894e+00 1.600000000000000000e+01 -4.996544620069578481e-04 2.372205232717419180e-03
2.917343894501633894e+00 1.610000000000000142e+01 3.785616230539761112e-04 -3.881986481427355260e-04
2.917343894501633894e+00 1.619999999999999929e+01 -1.916352202543012166e-03 5.868216790836038683e-04
2.917343894501633894e+00 1.630000000000000071e+01 8.737866054879708799e-03 2.662556883503130328e-02
2.917343894501633894e+00 1.640000000000000213e+01 7.533793228040529255e-02 1.257325420937032145e-01
2.917343894501633894e+00 1.650000000000000000e+01 1.227721757337336440e-02 1.703625015087330830e-01
2.917343894501633894e+00 1.660000000000000142e+01 2.704753288377095052e-03 4.583070718341579475e-02
2.917343894501633894e+00 1.669999999999999929e+01 3.364386392281125144e-03 9.574705772691240830e-04
2.917343894501633894e+00 1.680000000000000071e+01 -3.183755900853234050e-04 -4.468849260797509021e-04
2.917343894501633894e+00 1.690000000000000213e+01 2.661314086191323086e-04 1.330533885215044341e-03
2.917343894501633894e+00 1.700000000000000000e+01 1.710569653878070071e-02 -7.800824847981431207e-03
2.917343894501633894e+00 1.710000000000000142e+01 8.361612061396246631e-02 -9.225722014549141148e-02
2.917343894501633894e+00 1.719999999999999929e+01 1.666018863391775240e-01 -6.853130254343359207e-02
2.917343894501633894e+00 1.730000000000000071e+01 5.931832819246657396e-02 -1.423330332730559852e-02
2.917343894501633894e+00 1.740000000000000213e+01 1.602728925012344811e-03 -4.883734492511249484e-03
2.917343894501633894e+00 1.750000000000000000e+01 -5.392385557594220336e-04 2.566158353279107598e-04
2.917343894501633894e+00 1.760000000000000142e+01 9.534279281760387045e-04 -7.408759756783855205e-05
2.917343894501633894e+00 1.769999999999999929e+01 -5.957519086763988884e-03 -1.075279998426767296e-02
2.917343894501633894e+00 1.780000000000000071e+01 -9.110644421476749022e-02 -4.547574554755948878e-02
2.917343894501633894e+00 1.790000000000000213e+01 -1.210115027515516611e-01 -1.388992068965471949e-01
2.917343894501633894e+00 1.800000000000000000e+01 -3.344528878902239266e-02 -7.108264643015999029e-02
2.917343894501633894e+00 1.810000000000000142e+01 -7.246785732625647160e-03 -2.419918698391217756e-03
2.917343894501633894e+00 1.819999999999999929e+01 1.926254727347781416e-04 6.701323436415223970e-04
2.917343894501633894e+00 1.830000000000000071e+01 4.713370788539918756e-05 -7.082827632105270776e-04
2.917343894501633894e+00 1.840000000000000213e+01 -6.758096883688263085e-03 4.136909274640324617e-03
2.917343894501633894e+00 1.850000000000000000e+01 -1.661253882410781632e-02 7.859342892878574960e-02
2.917343894501633894e+00 1.860000000000000142e+01 -9.043016981861101700e-02 1.583581037191085228e-01
2.917343894501633894e+00 1.869999999999999929e+01 -7.595158474419694272e-02 6.069801628911040969e-02
2.917343894501633894e+00 1.880000000000000071e+01 -3.279811687659507560e-03 1.082082412039382310e-02
2.917343894501633894e+00 1.890000000000000213e+01 8.594757051328461624e-04 -1.113056746307612135e-04
2.917343894501633894e+00 1.900000000000000000e+01 -5.444709471817376885e-04 -1.233510819078480496e-04
2.917343894501633894e+00 1.910000000000000142e+01 2.694004374260251106e-03 4.275430082416670913e-03
2.917343894501633894e+00 1.920000000000000284e+01 6.083088024118699783e-02 -1.153459562315704325e-03
2.917343894501633894e+00 1.930000000000000071e+01 1.718699165953329333e-01 3.236440354542460818e-02
2.917343894501633894e+00 1.940000000000000213e+01 9.326754067378800750e-02 6.962067503001911906e-02
2.917343894501633894e+00 1.950000000000000000e+01 1.618363153862917292e-02 3.905866488485353321e-03
2.917343894501633894e+00 1.960000000000000142e+01 7.496132957671255946e-06 -1.142682825768009860e-03
2.917343894501633894e+00 1.970000000000000284e+01 -1.797739094218692060e-04 4.327860259383535697e-04
2.917343894501633894e+00 1.980000000000000071e+01 2.769143363481796696e-03 -1.649267968613432351e-03
2.917343894501633894e+00 1.990000000000000213e+01 -9.450662420970474056e-03 -4.339693340982590797e-02
2.917343894501633894e+00 2.000000000000000000e+01 -2.316493161511010840e-02 -1.611117115241304243e-01
2.917343894501633894e+00 2.010000000000000142e+01 4.752577116033531585e-02 -1.258731277780044122e-01
2.917343894501633894e+00 2.020000000000000284e+01 3.358308739545593120e-03 -2.379985086490747984e-02
2.917343894501633894e+00 2.030000000000000071e+01 -1.567691499976467309e-03 -1.809084722911719881e-04
2.917343894501633894e+00 2.040000000000000213e+01 3.561882687231548517e-04 2.288778147993102412e-04
2.917343894501633894e+00 2.050000000000000000e+01 -9.687178305035290277e-04 -1.848585065815186012e-03
2.917343894501633894e+00 2.060000000000000142e+01 -2.907905767337741129e-02 1.169034370658402454e-02
2.917343894501633894e+00 2.070000000000000284e+01 -1.309373622941963078e-01 6.614528902980006120e-02
2.917343894501633894e+00 2.080000000000000071e+01 -1.496468437113666061e-01 -8.607316429585452552e-03
2.917343894501633894e+00 2.090000000000000213e+01 -3.373694425161669064e-02 -2.129277786194048885e-04
2.917343894501633894e+00 2.100000000000000000e+01 -4.366237868664635583e-04 2.213423987794594771e-03
2.917343894501633894e+00 2.110000000000000142e+01 2.795996664774621446e-04 -3.015974276490270499e-04
2.917343894501633894e+00 2.120000000000000284e+01 -1.272211216054217574e-03 5.444561396159393806e-04
2.917343894501633894e+00 2.130000000000000071e+01 1.067549144209935068e-02 1.855952886667120924e-02
2.917343894501633894e+00 2.140000000000000213e+01 9.001058624341240488e-02 9.058160196366123185e-02
2.917343894501633894e+00 2.150000000000000000e+01 4.204359332773668911e-02 1.558204311676213982e-01
2.917343894501633894e+00 2.160000000000000142e+01 7.307134700085452135e-03 4.532189201366262216e-02
2.917343894501633894e+00 2.170000000000000284e+01 3.205297343239036333e-03 8.064453015379843956e-04
2.917343894501633894e+00 2.180000000000000071e+01 -2.596846233287085706e-04 -3.418882710700766941e-04
2.917343894501633894e+00 2.190000000000000213e+01 2.831351993139290821e-04 9.037315248511316968e-04
2.917343894501633894e+00 2.200000000000000000e+01 1.148352069250827175e-02 -8.368520917200569786e-03
2.917343894501633894e+00 2.210000000000000142e+01 5.057528219562985178e-02 -9.456904419295299180e-02
2.917343894501633894e+00 2.220000000000000284e+01 1.392584576735298729e-01 -9.458072223113231369e-02
2.917343894501633894e+00 2.230000000000000071e+01 5.667884332632314864e-02 -2.099982643740023677e-02
2.917343894501633894e+00 2.240000000000000213e+01 1.303307710796422665e-03 -4.741665140066558121e-03
2.917343894501633894e+00 2.250000000000000000e+01 -4.258863022407661006e-04 2.228802462114662885e-04
2.917343894501633894e+00 2.260000000000000142e+01 6.651056781485307481e-04 -1.209005997923672193e-04
2.917343894501633894e+00 2.270000000000000284e+01 -5.953697009524613719e-03 -7.027826064566890935e-03
2.917343894501633894e+00 2.280000000000000071e+01 -8.481847234373646183e-02 -1.840970517017928229e-02
2.917343894501633894e+00 2.290000000000000213e+01 -1.371383909458388228e-01 -1.008950019427873324e-01
2.917343894501633894e+00 2.300000000000000000e+01 -4.199447268316205267e-02 -6.439830710777683098e-02
2.917343894501633894e+00 2.310000000000000142e+01 -7.111281696049551876e-03 -1.884002549498358346e-03
2.917343894501633894e+00 2.320000000000000284e+01 1.833586461836088745e-04 5.456775109300360726e-04
2.917343894501633894e+00 2.330000000000000071e+01 -1.778020240854799377e-05 -5.076610772527620930e-04
2.917343894501633894e+00 2.340000000000000213e+01 -4.329510382115943010e-03 3.970706300593874506e-03
2.917343894501633894e+00 2.350000000000000000e+01 2.652093631068683753e-03 6.753186130765154171e-02
2.917343894501633894e+00 2.360000000000000142e+01 -4.788833542531643200e-02 1.600343011686667927e-01
2.917343894501633894e+00 2.370000000000000284e+01 -6.395338051178370287e-02 6.936306128704852747e-02
2.917343894501633894e+00 2.380000000000000071e+01 -2.365974735555423283e-03 1.070478816183145256e-02
2.917343894501633894e+00 2.390000000000000213e+01 7.207634648050071161e-04 -1.314343799383895222e-04
2.917343894501633894e+00 2.400000000000000000e+01 -4.020373000852183387e-04 -5.027457914037975693e-05
2.917343894501633894e+00 2.410000000000000142e+01 2.526365412913859822e-03 2.723285125847566077e-03
2.917343894501633894e+00 2.420000000000000284e+01 4.878988672023230194e-02 -1.331204284073530912e-02
2.917343894501633894e+00 2.430000000000000071e+01 1.585063672445646832e-01 -8.219742244674397430e-03
2.917343894501633894e+00 2.440000000000000213e+01 9.933616262986148804e-02 5.081503322101289105e-02
2.917343894501633894e+00 2.450000000000000000e+01 1.594412862403870798e-02 2.261700925295151432e-03
2.917343894501633894e+00 2.460000000000000142e+01 -5.489652386569185817e-05 -9.820741349031013746e-04
2.917343894501633894e+00 2.470000000000000284e+01 -1.005369683176686842e-04 3.306175925705016286e-04
2.917343894501633894e+00 2.480000000000000071e+01 1.769679607536512548e-03 -1.556173861270610057e-03
2.917343894501633894e+00 2.490000000000000213e+01 -1.634999083899146485e-02 -3.253841185114023093e-02
2.917343894501633894e+00 2.500000000000000000e+01 -5.566641397555138759e-02 -1.349281679355784913e-01
2.917343894501633894e+00 2.510000000000000142e+01 2.252414144909617444e-02 -1.250375754277558149e-01
2.917343894501633894e+00 2.520000000000000284e+01 6.753539729978795970e-04 -2.308179398056228043e-02
2.917343894501633894e+00 2.530000000000000071e+01 -1.374533305285748552e-03 -5.741504962045105014e-05
2.917343894501633894e+00 2.540000000000000213e+01 2.822863139974265034e-04 1.427349893412791133e-04
2.917343894501633894e+00 2.550000000000000000e+01 -9.411756434733631761e-04 -1.191707423183520527e-03
2.917343894501633894e+00 2.560000000000000142e+01 -2.040071476569075767e-02 1.507064506267391177e-02
2.917343894501633894e+00 2.570000000000000284e+01 -9.753621312843367697e-02 8.631739605350433053e-02
2.917343894501633894e+00 2.580000000000000071e+01 -1.386415954456008959e-01 1.930707853953327405e-02
2.917343894501633894e+00 2.590000000000000213e+01 -3.200086745175156899e-02 3.751148618264055993e-03
2.917343894501633894e+00 2.600000000000000000e+01 -2.201449088809937665e-04 1.977044659467688641e-03
2.917343894501633894e+00 2.610000000000000142e+01 1.858032910608954744e-04 -2.499913055578403408e-04
2.917343894501633894e+00 2.620000000000000284e+01 -8.343414166157438021e-04 5.580127058243969590e-04
2.917343894501633894e+00 2.630000000000000071e+01 1.197197460679149013e-02 1.224728009569482287e-02
2.917343894501633894e+00 2.640000000000000213e+01 9.718648743513473576e-02 5.676272847362705265e-02
2.917343894501633894e+00 2.650000000000000000e+01 6.774451036629737521e-02 1.335170122060673481e-01
2.917343894501633894e+00 2.660000000000000142e+01 1.262523159468846752e-02 4.190120016028162780e-02
2.917343894501633894e+00 2.670000000000000284e+01 2.921846375246778607e-03 4.610075928732531355e-04
2.917343894501633894e+00 2.680000000000000071e+01 -2.279526690141202956e-04 -2.405163000694942352e-04
2.917343894501633894e+00 2.690000000000000213e+01 3.191353057366879331e-04 6.079460316073954625e-04
2.917343894501633894e+00 2.700000000000000000e+01 7.160334856122769868e-03 -8.631727794925979705e-03
2.917343894501633894e+00 2.710000000000000142e+01 2.104668659071946488e-02 -9.123972658297871408e-02
2.917343894501633894e+00 2.720000000000000284e+01 1.065684858934211471e-01 -1.123698476925771850e-01
2.917343894501633894e+00 2.730000000000000071e+01 5.040115888971579555e-02 -2.740465175379888998e-02
2.917343894501633894e+00 2.740000000000000213e+01 7.507670518775180725e-04 -4.385995752930396153e-03
2.917343894501633894e+00 2.750000000000000000e+01 -3.134448433280477109e-04 2.109896014898626326e-04
2.917343894501633894e+00 2.760000000000000142e+01 4.614850325929635154e-04 -1.709664440859179574e-04
2.917343894501633894e+00 2.770000000000000284e+01 -5.859157678581697164e-03 -4.199034924508096740e-03
2.917343894501633894e+00 2.780000000000000071e+01 -7.512587000365697487e-02 4.091782712247298004e-03
2.917343894501633894e+00 2.790000000000000213e+01 -1.427753668846827029e-01 -6.152967384298536901e-02
2.917343894501633894e+00 2.800000000000000000e+01 -4.849658392731137635e-02 -5.370982061913620598e-02
2.917343894501633894e+00 2.810000000000000142e+01 -6.610523074890919080e-03 -9.762372846245095329e-04
2.917343894501633894e+00 2.820000000000000284e+01 1.970200701328190748e-04 4.147995965390018818e-04
2.917343894501633894e+00 2.830000000000000071e+01 -7.880002504928429301e-05 -3.631719249180054353e-04
2.917343894501633894e+00 2.840000000000000213e+01 -2.515054862158379919e-03 3.808720974623142855e-03
2.917343894501633894e+00 2.850000000000000000e+01 1.782745906874756703e-02 5.548336768155481130e-02
2.917343894501633894e+00 2.860000000000000142e+01 -8.110555960668928283e-03 1.516668222213369832e-01
2.917343894501633894e+00 2.870000000000000284e+01 -4.811232618218457685e-02 7.415559402931026778e-02
2.917343894501633894e+00 2.880000000000000071e+01 -9.503791619801203999e-04 9.988000062494601858e-03
2.917343894501633894e+00 2.890000000000000213e+01 5.683727576329679039e-04 -1.793907783082562791e-04
2.917343894501633894e+00 2.900000000000000000e+01 -2.992602061646213764e-04 1.651717898535469623e-05
2.917343894501633894e+00 2.910000000000000142e+01 2.408452765664814265e-03 1.571649071718943334e-03
2.917343894501633894e+00 2.920000000000000284e+01 3.709710546348007898e-02 -2.239267282647097387e-02
2.917343894501633894e+00 2.930000000000000071e+01 1.371269396071469193e-01 -4.261292146600076380e-02
2.917343894501633894e+00 2.940000000000000213e+01 9.940495088043339866e-02 2.965297340563712025e-02
2.917343894501633894e+00 2.950000000000000000e+01 1.472506861019671869e-02 9.079023354066333303e-05
2.917343894501633894e+00 2.960000000000000142e+01 -1.533106590610597221e-04 -7.952896433292285612e-04
2.917343894501633894e+00 2.970000000000000284e+01 -2.957805209705194002e-05 2.565290694335165228e-04
2.917343894501633894e+00 2.980000000000000071e+01 1.036851428183695623e-03 -1.495786541652863004e-03
2.917343894501633894e+00 2.990000000000000213e+01 -2.111138863479939190e-02 -2.291328567758456683e-02
2.917343894501633894e+00 3.000000000000000000e+01 -7.985004520005789530e-02 -1.054914236927635002e-01
2.917343894501633894e+00 3.010000000000000142e+01 -2.071804322521873364e-03 -1.180120931543938850e-01
2.917343894501633894e+00 3.020000000000000284e+01 -2.439043304816214050e-03 -2.114105854624306197e-02
2.917343894501633894e+00 3.030000000000000071e+01 -1.148729712490288365e-03 1.123662156445208910e-04
2.917343894501633894e+00 3.040000000000000213e+01 2.295942773417498917e-04 6.716178091446062205e-05
2.917343894501633894e+00 3.050000000000000000e+01 -9.259276547551337916e-04 -7.157311560116647910e-04
2.917343894501633894e+00 3.060000000000000142e+01 -1.311412461272306977e-02 1.706756738969675974e-02
2.917343894501633894e+00 3.070000000000000284e+01 -6.473695790786726523e-02 9.807445353187077552e-02
2.917343894501633894e+00 3.080000000000000071e+01 -1.219276047060442875e-01 4.352286106417919964e-02
2.917343894501633894e+00 3.090000000000000213e+01 -2.865048602785720891e-02 7.885727169558759755e-03
2.917343894501633894e+00 3.100000000000000000e+01 4.895109146022337993e-05 1.693446684187452497e-03
2.917343894501633894e+00 3.110000000000000142e+01 1.064603824437830842e-04 -2.137480076678846248e-04
2.917343894501633894e+00 3.120000000000000284e+01 -5.222930082512437181e-04 5.692700636571341186e-04
2.917343894501633894e+00 3.130000000000000071e+01 1.257385122097560287e-02 7.176329634630457949e-03
2.917343894501633894e+00 3.140000000000000213e+01 9.807006346096378002e-02 2.602622478379677459e-02
2.917343894501633894e+00 3.150000000000000000e+01 8.747591245041184960e-02 1.070035584252152228e-01
2.917343894501633894e+00 3.160000000000000142e+01 1.775201144964459743e-02 3.627553972735193116e-02
2.917343894501633894e+00 3.170000000000000284e+01 2.545867023519645268e-03 1.749478389771676025e-05
2.917343894501633894e+00 3.180000000000000071e+01 -2.075222055235103160e-04 -1.511193351016793028e-04
2.917343894501633894e+00 3.190000000000000213e+01 3.505035831799173905e-04 3.947721971435541881e-04
2.917343894501633894e+00 3.200000000000000000e+01 3.760101922845259913e-03 -8.646892054114882487e-03
2.917343894501633894e+00 3.210000000000000142e+01 -4.126138145461059545e-03 -8.410667105455382764e-02
2.917343894501633894e+00 3.220000000000000284e+01 7.232686922685938047e-02 -1.226494119744167138e-01
2.917343894501633894e+00 3.230000000000000426e+01 4.133191386982174725e-02 -3.275298002558767185e-02
2.917343894501633894e+00 3.239999999999999858e+01 5.821611531088606307e-05 -3.854694600184313796e-03
2.917343894501633894e+00 3.250000000000000000e+01 -2.109311698130550601e-04 2.071547149138520786e-04
2.917343894501633894e+00 3.260000000000000142e+01 3.135467806317186593e-04 -2.124783930115770796e-04
2.917343894501633894e+00 3.270000000000000284e+01 -5.678162129069469141e-03 -2.023520396601717619e-03
2.917343894501633894e+00 3.280000000000000426e+01 -6.402413363322957685e-02 2.219174554009213998e-02
2.917343894501633894e+00 3.289999999999999858e+01 -1.410759933583181913e-01 -2.477678777516467354e-02
2.917343894501633894e+00 3.300000000000000000e+01 -5.300083483568809178e-02 -4.078193815827734631e-02
2.917343894501633894e+00 3.310000000000000142e+01 -5.867377212113910646e-03 8.037528120164957358e-05
2.917343894501633894e+00 3.320000000000000284e+01 2.156116172448627720e-04 2.948200925521086632e-04
2.917343894501633894e+00 3.330000000000000426e+01 -1.260696178115320513e-04 -2.582292080782471345e-04
2.917343894501633894e+00 3.339999999999999858e+01 -1.111548503401012895e-03 3.634183469855958425e-03
2.917343894501633894e+00 3.350000000000000000e+01 2.945488945533845590e-02 4.319183578646264288e-02
2.917343894501633894e+00 3.360000000000000142e+01 2.648756983961425560e-02 1.366536872002903358e-01
2.917343894501633894e+00 3.370000000000000284e+01 -3.059851133160614023e-02 7.526416251169723570e-02
2.917343894501633894e+00 3.380000000000000426e+01 6.507790589623295777e-04 8.774999180645020116e-03
2.917343894501633894e+00 3.389999999999999858e+01 4.191577407832149603e-04 -2.258593557874058510e-04
2.917343894501633894e+00 3.400000000000000000e+01 -2.208288973823585610e-04 6.700463149266313104e-05
2.917343894501633894e+00 3.410000000000000142e+01 2.279173291124626799e-03 6.942848032979609006e-04
2.917343894501633894e+00 3.420000000000000284e+01 2.622225721778439003e-02 -2.870429544071329692e-02
2.917343894501633894e+00 3.430000000000000426e+01 1.127298460371629757e-01 -6.912620801782021207e-02
2.917343894501633894e+00 3.439999999999999858e+01 9.522628780260226911e-02 8.864184814609848972e-03
2.917343894501633894e+00 3.450000000000000000e+01 1.293732735205034047e-02 -2.143139315293892191e-03
2.917343894501633894e+00 3.460000000000000142e+01 -2.455454496753099085e-04 -6.109877919154163908e-04
2.917343894501633894e+00 3.470000000000000284e+01 2.553666045134904408e-05 1.990830527230294110e-04
2.917343894501633894e+00 3.480000000000000426e+01 4.668153949790003888e-04 -1.432060898412349046e-03
2.917343894501633894e+00 3.489999999999999858e+01 -2.407853228206827817e-02 -1.415216640820732980e-02
2.917343894501633894e+00 3.500000000000000000e+01 -9.601707517236353351e-02 -7.462980426991870642e-02
2.917343894501633894e+00 3.510000000000000142e+01 -2.429371575850476292e-02 -1.057322524131734109e-01
2.917343894501633894e+00 3.520000000000000284e+01 -5.522536468903932808e-03 -1.808489634716815495e-02
2.917343894501633894e+00 3.530000000000000426e+01 -8.986052214596024126e-04 2.728187914861176697e-04
2.917343894501633894e+00 3.539999999999999858e+01 1.852768932057302512e-04 7.445081935808468693e-06
2.917343894501633894e+00 3.550000000000000000e+01 -8.940823487803642184e-04 -3.467719173967999152e-04
2.917343894501633894e+00 3.560000000000000142e+01 -6.688969628029768286e-03 1.807554980066910372e-02
2.917343894501633894e+00 3.570000000000000284e+01 -3.383594638226624512e-02 1.027239211240015132e-01
2.917343894501633894e+00 3.580000000000000426e+01 -1.011780982948997515e-01 6.297575830959940835e-02
2.917343894501633894e+00 3.589999999999999858e+01 -2.392486050203744899e-02 1.161905929933688270e-02
2.917343894501633894e+00 3.600000000000000000e+01 3.103142968955099781e-04 1.363549958227964565e-03
2.917343894501633894e+00 3.610000000000000142e+01 4.000735608761483037e-05 -1.818852618759478855e-04
2.917343894501633894e+00 3.620000000000000284e+01 -2.771943678625206397e-04 5.683338991149169267e-04
2.917343894501633894e+00 3.630000000000000426e+01 1.264402616257011280e-02 2.741568856763626841e-03
2.917343894501633894e+00 3.639999999999999858e+01 9.365367601726393154e-02 -1.201802050944965122e-03
2.917343894501633894e+00 3.650000000000000000e+01 1.004335281490728038e-01 7.836786395468745003e-02
2.917343894501633894e+00 3.660000000000000142e+01 2.186285371231178401e-02 2.896861348777121301e-02
2.917343894501633894e+00 3.670000000000000284e+01 2.078286315393069669e-03 -4.113984123388431309e-04
2.917343894501633894e+00 3.680000000000000426e+01 -1.863692869634986490e-04 -7.409223731426632306e-05
2.917343894501633894e+00 3.689999999999999858e+01 3.669616594153486178e-04 2.258071417558264390e-04
2.917343894501633894e+00 3.700000000000000000e+01 8.238373755645913687e-04 -8.389717626493389813e-03
2.917343894501633894e+00 3.710000000000000142e+01 -2.534064749681632853e-02 -7.381054803289593957e-02
2.917343894501633894e+00 3.720000000000000284e+01 3.878095980715885738e-02 -1.254327835342462227e-01
2.917343894501633894e+00 3.730000000000000426e+01 3.067642380977599406e-02 -3.621909788270889774e-02
2.917343894501633894e+00 3.739999999999999858e+01 -6.058996069567860673e-04 -3.166136269658518555e-03
2.917343894501633894e+00 3.750000000000000000e+01 -1.195425892274410920e-04 1.977341702459410437e-04
2.917343894501633894e+00 3.760000000000000142e+01 1.924403511638086647e-04 -2.377791587072989590e-04
2.917343894501633894e+00 3.770000000000000284e+01 -5.354596601251388616e-03 -1.307660658219095425e-04
2.917343894501633894e+00 3.780000000000000426e+01 -5.100162025951042455e-02 3.643984844931975192e-02
2.917343894501633894e+00 3.789999999999999858e+01 -1.317782633351096688e-01 8.307824869451328753e-03
2.917343894501633894e+00 3.800000000000000000e+01 -5.414861970818112685e-02 -2.674565077269089666e-02
2.917343894501633894e+00 3.810000000000000142e+01 -4.846340757738524033e-03 1.053771958554841409e-03
2.917343894501633894e+00 3.820000000000000284e+01 2.208658126341098995e-04 1.843379219892595910e-04
2.917343894501633894e+00 3.830000000000000426e+01 -1.577752878856099089e-04 -1.695781654955362831e-04
2.917343894501633894e+00 3.840000000000000568e+01 6.064311673449389263e-05 3.377524042931047844e-03
2.917343894501633894e+00 3.850000000000000000e+01 3.797992111925790198e-02 3.059159384259651365e-02
2.917343894501633894e+00 3.860000000000000142e+01 5.463741073851336588e-02 1.171718337387209069e-01
2.917343894501633894e+00 3.870000000000000284e+01 -1.320752185794182854e-02 7.277537668987826835e-02
2.917343894501633894e+00 3.880000000000000426e+01 2.107657811906857911e-03 7.215147600707389960e-03
2.917343894501633894e+00 3.890000000000000568e+01 2.759663266924212641e-04 -2.561140436429675438e-04
2.917343894501633894e+00 3.900000000000000000e+01 -1.533444401591151573e-04 1.050989078384237689e-04
2.917343894501633894e+00 3.910000000000000142e+01 2.104721486699161377e-03 -6.851200946480359905e-05
2.917343894501633894e+00 3.920000000000000284e+01 1.524698647839539158e-02 -3.300888568085637298e-02
2.917343894501633894e+00 3.930000000000000426e+01 8.463805307267148470e-02 -8.872650075593170593e-02
2.917343894501633894e+00 3.940000000000000568e+01 8.613916506241994786e-02 -1.044119408753637658e-02
2.917343894501633894e+00 3.950000000000000000e+01 1.041405022063620310e-02 -4.100534274307914354e-03
2.917343894501633894e+00 3.960000000000000142e+01 -3.059661051269444939e-04 -4.176769500166623060e-04
2.917343894501633894e+00 3.970000000000000284e+01 6.583332234901880669e-05 1.448831433584911498e-04
2.917343894501633894e+00 3.980000000000000426e+01 -1.553613447837157231e-05 -1.316504122049239230e-03
2.917343894501633894e+00 3.990000000000000568e+01 -2.540942442302447646e-02 -5.789919306440119082e-03
2.917343894501633894e+00 4.000000000000000000e+01 -1.042692814034981708e-01 -4.441661498062210445e-02
2.917343894501633894e+00 4.010000000000000142e+01 -4.207139808863501196e-02 -8.954807673037061544e-02
2.917343894501633894e+00 4.020000000000000284e+01 -7.862437277987608525e-03 -1.432580699367017388e-02
2.917343894501633894e+00 4.030000000000000426e+01 -6.451592619598090633e-04 3.841739878269377845e-04
2.917343894501633894e+00 4.040000000000000568e+01 1.426037413565093474e-04 -3.787745556768471492e-05
2.917343894501633894e+00 4.050000000000000000e+01 -8.404472877536837538e-04 -3.264597327535598953e-05
2.917343894501633894e+00 4.060000000000000142e+01 -6.428880964795776788e-04 1.812769027920753742e-02
2.917343894501633894e+00 4.070000000000000284e+01 -4.620272184240767528e-03 1.015240184699024162e-01
2.917343894501633894e+00 4.080000000000000426e+01 -7.758389782720107042e-02 7.689542196850089606e-02
2.917343894501633894e+00 4.090000000000000568e+01 -1.824864201548285006e-02 1.433016346284649370e-02
2.917343894501633894e+00 4.100000000000000000e+01 5.161742468470966860e-04 9.904925236353329457e-04
2.917343894501633894e+00 4.110000000000000142e+01 -1.331056454759245414e-05 -1.462604933853713486e-04
2.917343894501633894e+00 4.120000000000000284e+01 -5.732120041663099971e-05 5.450299282534751049e-04
2.917343894501633894e+00 4.130000000000000426e+01 1.204798213533929928e-02 -1.402401705321828021e-03
2.917343894501633894e+00 4.140000000000000568e+01 8.430987687235044770e-02 -2.565014211923411988e-02
2.917343894501633894e+00 4.150000000000000000e+01 1.058853775932573210e-01 4.890368573893311144e-02
2.917343894501633894e+00 4.160000000000000142e+01 2.399577147296810126e-02 2.065918346963344435e-02
2.917343894501633894e+00 4.170000000000000284e+01 1.537378676147388131e-03 -7.224885385319155390e-04
2.917343894501633894e+00 4.180000000000000426e+01 -1.563771708565125831e-04 -1.225896277263181111e-05
2.917343894501633894e+00 4.190000000000000568e+01 3.594070615660611241e-04 7.697665734934595243e-05
2.917343894501633894e+00 4.200000000000000000e+01 -1.795404655655993701e-03 -7.684226933263053373e-03
2.917343894501633894e+00 4.210000000000000142e+01 -4.261796222209139617e-02 -6.025020881268489115e-02
2.917343894501633894e+00 4.220000000000000284e+01 8.578221340458798763e-03 -1.206605710887332233e-01
2.917343894501633894e+00 4.230000000000000426e+01 2.003259890098717591e-02 -3.698884300921873730e-02
2.917343894501633894e+00 4.240000000000000568e+01 -1.093108506046863672e-03 -2.389094003337696465e-03
2.917343894501633894e+00 4.250000000000000000e+01 -4.410169738316961440e-05 1.754261931241760315e-04
2.917343894501633894e+00 4.260000000000000142e+01 8.656072491987260888e-05 -2.453566144118095836e-04
2.917343894501633894e+00 4.270000000000000284e+01 -4.781717198437040670e-03 1.556191359800538059e-03
2.917343894501633894e+00 4.280000000000000426e+01 -3.644767543114282859e-02 4.736456907116221721e-02
2.917343894501633894e+00 4.290000000000000568e+01 -1.169800059723961339e-01 3.662168949764947612e-02
2.917343894501633894e+00 4.300000000000000000e+01 -5.224358050782659108e-02 -1.292757664386246473e-02
2.917343894501633894e+00 4.310000000000000142e+01 -3.625909788673887992e-03 1.812894412272344092e-03
2.917343894501633894e+00 4.320000000000000284e+01 2.066008888945289812e-04 8.522277577872842545e-05
2.917343894501633894e+00 4.330000000000000426e+01 -1.738167855885146545e-04 -8.800811427471545159e-05
2.917343894501633894e+00 4.340000000000000568e+01 1.145109757310192478e-03 2.939889616731776543e-03
2.917343894501633894e+00 4.350000000000000000e+01 4.349258293888952354e-02 1.701211282352518145e-02
2.917343894501633894e+00 4.360000000000000142e+01 7.643913956362229090e-02 9.312297758916439350e-02
2.917343894501633894e+00 4.370000000000000284e+01 2.845058548372640835e-03 6.586657407772612827e-02
2.917343894501633894e+00 4.380000000000000426e+01 3.124330475370102039e-03 5.322211205601548242e-03
2.917343894501633894e+00 4.390000000000000568e+01 1.444198351908281594e-04 -2.533089204292018719e-04
2.917343894501633894e+00 4.400000000000000000e+01 -8.865201130267979796e-05 1.259560013792128093e-04
2.917343894501633894e+00 4.410000000000000142e+01 1.809977978360941681e-03 -7.506493551920778327e-04
2.917343894501633894e+00 4.420000000000000284e+01 4.161302471303849650e-03 -3.483642058795324847e-02
2.917343894501633894e+00 4.430000000000000426e+01 5.564733830765882655e-02 -1.005682476700617139e-01
2.917343894501633894e+00 4.440000000000000568e+01 7.343377123094046999e-02 -2.643528503397339635e-02
2.917343894501633894e+00 4.450000000000000000e+01 7.549703988497314874e-03 -5.397169648956031546e-03
2.917343894501633894e+00 4.460000000000000142e+01 -3.234222121347502172e-04 -2.396196803206464135e-04
2.917343894501633894e+00 4.470000000000000284e+01 9.260499935703436444e-05 9.158885735479488366e-05
2.917343894501633894e+00 4.480000000000000426e+01 -4.503510889432228346e-04 -1.136199195956136363e-03
2.917343894501633894e+00 4.490000000000000568e+01 -2.524537863511016125e-02 2.612993797516105325e-03
2.917343894501633894e+00 4.500000000000000000e+01 -1.060307696222250740e-01 -1.425904572801676810e-02
2.917343894501633894e+00 4.510000000000000142e+01 -5.547043079860079773e-02 -7.019142406974948623e-02
2.917343894501633894e+00 4.520000000000000284e+01 -9.298271516209068860e-03 -1.005217142706724132e-02
2.917343894501633894e+00 4.530000000000000426e+01 -3.865151300733447631e-04 4.330709215606282363e-04
2.917343894501633894e+00 4.540000000000000568e+01 9.642378352016339044e-05 -6.970165318946923080e-05
2.917343894501633894e+00 4.550000000000000000e+01 -7.282102800352907145e-04 2.571118417230066960e-04
2.917343894501633894e+00 4.560000000000000142e+01 5.310258373209929099e-03 1.693583005296931884e-02
2.917343894501633894e+00 4.570000000000000284e+01 2.239909973553455905e-02 9.395075060720606275e-02
2.917343894501633894e+00 4.580000000000000426e+01 -5.210024770220399171e-02 8.445822771698358045e-02
2.917343894501633894e+00 4.590000000000000568e+01 -1.191172621566706155e-02 1.544752532603189260e-02
2.917343894501633894e+00 4.600000000000000000e+01 6.094692455313287368e-04 6.099524088667481608e-04
2.917343894501633894e+00 4.610000000000000142e+01 -5.232451471985381846e-05 -1.037796888445885718e-04
2.917343894501633894e+00 4.620000000000000284e+01 1.397983076449600768e-04 4.780535930209664649e-04
2.917343894501633894e+00 4.630000000000000426e+01 1.062621667061658046e-02 -5.453404853831714770e-03
2.917343894501633894e+00 4.640000000000000568e+01 7.005789361592461295e-02 -4.711784417457828139e-02
2.917343894501633894e+00 4.650000000000000000e+01 1.044650860647830665e-01 1.978818800163152300e-02
2.917343894501633894e+00 4.660000000000000142e+01 2.407835726128076947e-02 1.192471887561906765e-02
2.917343894501633894e+00 4.670000000000000284e+01 9.521193983729732500e-04 -8.922939047412393413e-04
2.917343894501633894e+00 4.680000000000000426e+01 -1.165375931088612584e-04 3.666958823456948382e-05
2.917343894501633894e+00 4.690000000000000568e+01 3.234965828055544616e-04 -6.547067639013973411e-05
2.917343894501633894e+00 4.700000000000000000e+01 -4.445898251051031737e-03 -6.391555513473809631e-03
2.917343894501633894e+00 4.710000000000000142e+01 -5.699493609790035747e-02 -4.277492193091845391e-02
2.917343894501633894e+00 4.720000000000000284e+01 -2.030645450977367622e-02 -1.091283858151990832e-01
2.917343894501633894e+00 4.730000000000000426e+01 8.499902044379134200e-03 -3.483338853233353127e-02
2.917343894501633894e+00 4.740000000000000568e+01 -1.363374257635969946e-03 -1.484283635012015497e-03
2.917343894501633894e+00 4.750000000000000000e+01 1.965246823303223951e-05 1.374047923990372156e-04
2.917343894501633894e+00 4.760000000000000142e+01 -1.936855074684505957e-05 -2.286907228305333918e-04
2.917343894501633894e+00 4.770000000000000284e+01 -3.777488812836121614e-03 3.223473698555405498e-03
2.917343894501633894e+00 4.780000000000000426e+01 -1.899032165570981034e-02 5.504271421177980156e-02
2.917343894501633894e+00 4.790000000000000568e+01 -9.561552230798142649e-02 6.044778074290871328e-02
2.917343894501633894e+00 4.800000000000000000e+01 -4.629905562748584669e-02 4.981777849322851148e-04
2.917343894501633894e+00 4.810000000000000142e+01 -2.257561398152567282e-03 2.176338825077495792e-03
2.917343894501633894e+00 4.820000000000000284e+01 1.692054081294218500e-04 7.040419209395589881e-07
2.917343894501633894e+00 4.830000000000000426e+01 -1.690533078318670753e-04 -7.574240045869028425e-06
2.917343894501633894e+00 4.840000000000000568e+01 2.197667061215957587e-03 2.228409445540469741e-03
2.917343894501633894e+00 4.850000000000000000e+01 4.593500820601601614e-02 1.563875434760851179e-03
2.917343894501633894e+00 4.860000000000000142e+01 9.135587717787320428e-02 6.481195855866055122e-02
2.917343894501633894e+00 4.870000000000000284e+01 1.672647161704610141e-02 5.504686779048455214e-02
2.917343894501633894e+00 4.880000000000000426e+01 3.565759566309961975e-03 3.262051762867044895e-03
2.917343894501633894e+00 4.890000000000000568e+01 2.744698929727259595e-05 -2.164299163412093977e-04
2.917343894501633894e+00 4.900000000000000000e+01 -2.352839509038649233e-05 1.294514793488134004e-04
2.917343894501633894e+00 4.910000000000000142e+01 1.331974931174699506e-03 -1.425252488978391531e-03
2.917343894501633894e+00 4.920000000000000284e+01 -8.468842422441731632e-03 -3.391581740787424221e-02
2.917343894501633894e+00 4.930000000000000426e+01 2.366010500006682227e-02 -1.049494991620255474e-01
2.917343894501633894e+00 4.940000000000000568e+01 5.627789118215012487e-02 -3.904778604781731360e-02
2.917343894501633894e+00 4.950000000000000000e+01 4.386929205714719913e-03 -5.839369228900758227e-03
2.917343894501633894e+00 4.960000000000000142e+01 -2.877968079311150700e-04 -6.926127103578311802e-05
2.917343894501633894e+00 4.970000000000000284e+01 1.024493314764752502e-04 3.441521641988230166e-05
2.917343894501633894e+00 4.980000000000000426e+01 -8.838982193888393840e-04 -8.136278482124433518e-04
2.917343894501633894e+00 4.990000000000000568e+01 -2.256850534778459538e-02 1.192354953641590158e-02
2.917343894501633894e+00 5.000000000000000000e+01 -9.936974380434436538e-02 1.660749284724928956e-02
2.917343894501633894e+00 5.010000000000000142e+01 -6.350535817308844422e-02 -4.683296531668895701e-02
2.917343894501633894e+00 5.020000000000000284e+01 -9.385038666394718981e-03 -5.322004727379213256e-03
2.917343894501633894e+00 5.030000000000000426e+01 -1.374027101563097717e-04 3.993069246913664343e-04
2.917343894501633894e+00 5.040000000000000568e+01 4.481111274070314780e-05 -8.502108456215682177e-05
2.917343894501633894e+00 5.050000000000000000e+01 -5.193008027972978143e-04 5.396274182089135603e-04
2.917343894501633894e+00 5.060000000000000142e+01 1.149790728589952793e-02 1.375077125553120401e-02
2.917343894501633894e+00 5.070000000000000284e+01 4.686575361523486610e-02 7.896842782515643699e-02
2.917343894501633894e+00 5.080000000000000426e+01 -2.553994600909064577e-02 8.490953402748971368e-02
2.917343894501633894e+00 5.090000000000000568e+01 -5.571870396434360634e-03 1.465622336555610049e-02
2.917343894501633894e+00 5.100000000000000000e+01 5.786825887964007009e-04 2.460137318342722236e-04
2.917343894501633894e+00 5.110000000000000142e+01 -7.353044563852416567e-05 -5.614256401983979691e-05
2.917343894501633894e+00 5.120000000000000284e+01 3.253166964940018774e-04 3.534783293115066724e-04
2.917343894501633894e+00 5.130000000000000426e+01 7.838386015335646953e-03 -9.466021941354905295e-03
2.917343894501633894e+00 5.140000000000000568e+01 5.028418504993816679e-02 -6.398126505390065721e-02
2.917343894501633894e+00 5.150000000000000000e+01 9.595206832332749125e-02 -7.033080855170848779e-03
2.917343894501633894e+00 5.160000000000000142e+01 2.171539008690809985e-02 3.767098005447776319e-03
2.917343894501633894e+00 5.170000000000000284e+01 4.135532997619311411e-04 -8.698215165280013660e-04
2.917343894501633894e+00 5.180000000000000426e+01 -6.917469644355438239e-05 6.626573477993378679e-05
2.917343894501633894e+00 5.190000000000000568e+01 2.451756637819088157e-04 -1.971840153429231816e-04
2.917343894501633894e+00 5.200000000000000000e+01 -6.951045380217553936e-03 -4.187302300786663323e-03
2.917343894501633894e+00 5.210000000000000142e+01 -6.677102179375994651e-02 -2.154934935209203498e-02
2.917343894501633894e+00 5.220000000000000284e+01 -4.510641603146542389e-02 -9.109462158629542949e-02
2.917343894501633894e+00 5.230000000000000426e+01 -1.687881359341111137e-03 -2.973616730167678510e-02
2.917343894501633894e+00 5.240000000000000568e+01 -1.342844765141317214e-03 -6.321562346393508466e-04
2.917343894501633894e+00 5.250000000000000000e+01 6.144221519497488921e-05 8.679581434528281481e-05
2.917343894501633894e+00 5.260000000000000142e+01 -1.201099009310849008e-04 -1.799786544500767496e-04
2.917343894501633894e+00 5.270000000000000284e+01 -2.080825096104866809e-03 4.797492345080664120e-03
2.917343894501633894e+00 5.280000000000000426e+01 1.726949520341269613e-03 5.797703498596086524e-02
2.917343894501633894e+00 5.290000000000000568e+01 -6.815572885589198104e-02 7.825141745385270908e-02
2.917343894501633894e+00 5.300000000000000000e+01 -3.679910365008390999e-02 1.189329949740447132e-02
2.917343894501633894e+00 5.310000000000000142e+01 -9.467517049680564947e-04 2.104558520998257420e-03
2.917343894501633894e+00 5.320000000000000284e+01 1.113889160223329220e-04 -5.760559495101378328e-05
2.917343894501633894e+00 5.330000000000000426e+01 -1.356800623578801733e-04 6.991668978320959491e-05
2.917343894501633894e+00 5.340000000000000568e+01 3.091695053005800910e-03 1.048967203230649148e-03
2.917343894501633894e+00 5.350000000000000000e+01 4.370089080969999373e-02 -1.538654068970580525e-02
2.917343894501633894e+00 5.360000000000000142e+01 9.842681238105159547e-02 3.257796393162844251e-02
2.917343894501633894e+00 5.370000000000000284e+01 2.704979982063410865e-02 4.029228018043266857e-02
2.917343894501633894e+00 5.380000000000000426e+01 3.320854226483112900e-03 1.258250383111607579e-03
2.917343894501633894e+00 5.390000000000000568e+01 -5.340891020986913333e-05 -1.491344559198390580e-04
2.917343894501633894e+00 5.400000000000000000e+01 3.900008068988278714e-05 1.092718398973507290e-04
2.917343894501633894e+00 5.410000000000000142e+01 5.432508178611507700e-04 -1.956690358685504554e-03
2.917343894501633894e+00 5.420000000000000284e+01 -2.098657544748622553e-02 -2.887416526775916578e-02
2.917343894501633894e+00 5.430000000000000426e+01 -7.604719458824583597e-03 -1.002892671089651438e-01
2.917343894501633894e+00 5.440000000000000568e+01 3.691597449900967803e-02 -4.567657430237377636e-02
2.917343894501633894e+00 5.450000000000000000e+01 1.572418108466256716e-03 -5.257638544835175481e-03
2.917343894501633894e+00 5.460000000000000142e+01 -2.086954717004558017e-04 4.697481484582389366e-05
2.917343894501633894e+00 5.470000000000000284e+01 9.131227988179705551e-05 -1.812773460508024467e-05
2.917343894501633894e+00 5.480000000000000426e+01 -1.207150671166115673e-03 -3.110946501318825603e-04
2.917343894501633894e+00 5.490000000000000568e+01 -1.685229152452789869e-02 2.042362667181104111e-02
2.917343894501633894e+00 5.500000000000000000e+01 -8.574720483590261844e-02 4.297542976379706281e-02
2.917343894501633894e+00 5.510000000000000142e+01 -6.506018661478146781e-02 -2.412375100838438577e-02
2.917343894501633894e+00 5.520000000000000284e+01 -8.176988749279839180e-03 -1.386118907465118443e-03
2.917343894501633894e+00 5.530000000000000426e+01 3.909483725667376315e-05 3.005328785876711507e-04
2.917343894501633894e+00 5.540000000000000568e+01 -3.272951281541030467e-06 -8.117699133413589776e-05
2.917343894501633894e+00 5.550000000000000000e+01 -2.017782604648982170e-04 7.555633190258307123e-04
2.917343894501633894e+00 5.560000000000000142e+01 1.719011404584449773e-02 8.408983276687907044e-03
2.917343894501633894e+00 5.570000000000000284e+01 6.778869622056943323e-02 5.763799770020654190e-02
2.917343894501633894e+00 5.580000000000000426e+01 3.644108786926417761e-04 7.831501216890278394e-02
2.917343894501633894e+00 5.590000000000000568e+01 -3.995231967748593224e-05 1.208999688268978627e-02
2.917343894501633894e+00 5.600000000000000000e+01 4.448644202861397681e-04 -2.914651882547392124e-05
2.917343894501633894e+00 5.610000000000000142e+01 -7.540346727330272958e-05 -7.369103479644717339e-06
2.917343894501633894e+00 5.620000000000000284e+01 4.757229147614091820e-04 1.350327298108759753e-04
2.917343894501633894e+00 5.630000000000000426e+01 3.094913575664611817e-03 -1.284949434464588772e-02
2.917343894501633894e+00 5.640000000000000568e+01 2.509749970901667057e-02 -7.556353236328683387e-02
2.917343894501633894e+00 5.650000000000000000e+01 8.000494842182490074e-02 -3.143058479348429662e-02
2.917343894501633894e+00 5.660000000000000142e+01 1.703068889636200067e-02 -3.055089374016575505e-03
2.917343894501633894e+00 5.670000000000000284e+01 -1.581722738668558928e-05 -6.756898464061255683e-04
2.917343894501633894e+00 5.680000000000000426e+01 -1.851715904456203475e-05 7.290798702372209791e-05
2.917343894501633894e+00 5.690000000000000568e+01 1.031452037599900573e-04 -2.986942039442433395e-04
2.917343894501633894e+00 5.700000000000000000e+01 -8.765120000585687257e-03 -5.944336772131389793e-04
2.917343894501633894e+00 5.710000000000000142e+01 -6.930361881341658148e-02 3.091647228225463586e-03
2.917343894501633894e+00 5.720000000000000284e+01 -6.339703476639949042e-02 -6.650164827838005166e-02
2.917343894501633894e+00 5.730000000000000426e+01 -9.210981091749025074e-03 -2.184177253174452923e-02
2.917343894501633894e+00 5.740000000000000568e+01 -1.035829993862953788e-03 1.617329423161069355e-05
2.917343894501633894e+00 5.750000000000000000e+01 7.436185011798573344e-05 3.122948478087605485e-05
2.917343894501633894e+00 5.760000000000000142e+01 -1.933875412585549269e-04 -8.555802693925893898e-05
2.917343894501633894e+00 5.770000000000000284e+01 4.120596158962009487e-04 5.708542395792388056e-03
2.917343894501633894e+00 5.780000000000000426e+01 2.288399669666114911e-02 5.406022384230532024e-02
2.917343894501633894e+00 5.790000000000000568e+01 -3.782735713599496424e-02 8.721472149977979593e-02
2.917343894501633894e+00 5.800000000000000000e+01 -2.481710349514824540e-02 1.890973340171344524e-02
2.917343894501633894e+00 5.810000000000000142e+01 4.556570051753702555e-05 1.610365799664199979e-03
2.917343894501633894e+00 5.820000000000000284e+01 4.832834911152339712e-05 -7.990485761435918031e-05
2.917343894501633894e+00 5.830000000000000426e+01 -7.246227721172484627e-05 1.288014932434834129e-04
2.917343894501633894e+00 5.840000000000000568e+01 3.565568552480182993e-03 -6.704710791411508386e-04
2.917343894501633894e+00 5.850000000000000000e+01 3.542878595019378907e-02 -3.192243968442436131e-02
2.917343894501633894e+00 5.860000000000000142e+01 9.566503172002320532e-02 1.054726244194512672e-03
2.917343894501633894e+00 5.870000000000000284e+01 3.170373308782136607e-02 2.426463025645246574e-02
2.917343894501633894e+00 5.880000000000000426e+01 2.526981572730509912e-03 -1.515719432941822970e-04
2.917343894501633894e+00 5.890000000000000568e+01 -8.964452960737746823e-05 -7.291632689028769735e-05
2.917343894501633894e+00 5.900000000000000000e+01 8.705359331340965486e-05 6.384965474095908623e-05
2.917343894501633894e+00 5.910000000000000142e+01 -5.720951326888891767e-04 -2.173319659769469472e-03
2.917343894501633894e+00 5.920000000000000284e+01 -3.211206812367358582e-02 -1.915629699716657822e-02
2.917343894501633894e+00 5.930000000000000426e+01 -3.586479605274228710e-02 -8.760720700766397306e-02
2.917343894501633894e+00 5.940000000000000568e+01 1.749136218633154383e-02 -4.644637535049381954e-02
2.917343894501633894e+00 5.950000000000000000e+01 -5.108490858435971648e-04 -3.927131257028354701e-03
2.917343894501633894e+00 5.960000000000000142e+01 -1.090938422887724821e-04 1.059216049937207477e-04
2.917343894501633894e+00 5.970000000000000284e+01 5.828712629374810974e-05 -6.034402348677342251e-05
2.917343894501633894e+00 5.980000000000000426e+01 -1.321524313332726004e-03 4.051172437885992568e-04
2.917343894501633894e+00 5.990000000000000568e+01 -7.281201227438539522e-03 2.745526968151658365e-02
