7.779583718671023718e+00 0.000000000000000000e+00 1.000000000000000000e+00 -0.000000000000000000e+00
7.779583718671023718e+00 1.000000000000000056e-01 -5.121838231759965332e-01 -1.928642926672436420e-01
7.779583718671023718e+00 2.000000000000000111e-01 1.059113517797210802e-01 1.220162621340099007e-01
7.779583718671023718e+00 3.000000000000000444e-01 -8.807869834280423679e-03 -5.544610475818564921e-02
7.779583718671023718e+00 4.000000000000000222e-01 -1.511982313275749175e-02 4.638812499277700924e-02
7.779583718671023718e+00 5.000000000000000000e-01 8.356257241730430385e-02 -6.231376760635470857e-02
7.779583718671023718e+00 6.000000000000000888e-01 -2.342629591154275215e-01 -5.766936748141209684e-02
7.779583718671023718e+00 7.000000000000000666e-01 6.718294263317893533e-02 2.845983921875569478e-01
7.779583718671023718e+00 8.000000000000000444e-01 1.366025190335495576e-01 -6.625392398152861462e-02
7.779583718671023718e+00 9.000000000000000222e-01 -1.439533005694402026e-02 -3.527533503237723772e-02
7.779583718671023718e+00 1.000000000000000000e+00 -7.054435406714403868e-03 5.399519170674682046e-03
7.779583718671023718e+00 1.100000000000000089e+00 6.016742258178146667e-03 1.166177173762598506e-03
7.779583718671023718e+00 1.200000000000000178e+00 -7.551923143770103777e-03 -1.530790187054863714e-02
7.779583718671023718e+00 1.300000000000000044e+00 -5.525740033059624301e-02 4.049732411467306392e-02
7.779583718671023718e+00 1.400000000000000133e+00 5.935519236666515069e-02 1.240760370354313941e-01
7.779583718671023718e+00 1.500000000000000000e+00 1.017312578849276644e-01 -1.558466776567151574e-02
7.779583718671023718e+00 1.600000000000000089e+00 6.741386952087370134e-03 -2.987897694457525635e-02
7.779583718671023718e+00 1.700000000000000178e+00 -6.015229871896008926e-03 -1.201062228194015469e-03
7.779583718671023718e+00 1.800000000000000044e+00 1.275745755623597768e-03 2.617957747853993759e-03
7.779583718671023718e+00 1.900000000000000133e+00 2.651934870065368165e-03 -6.234543910278554299e-03
7.779583718671023718e+00 2.000000000000000000e+00 -3.217671813513017093e-02 -6.058621268040200424e-03
7.779583718671023718e+00 2.100000000000000089e+00 -4.250314462653381753e-02 8.033023032402200614e-02
7.779583718671023718e+00 2.200000000000000178e+00 5.248940457567356083e-02 7.304859866363674903e-02
7.779583718671023718e+00 2.300000000000000266e+00 3.183623986982365983e-02 -4.508159364164043836e-03
7.779583718671023718e+00 2.400000000000000355e+00 3.707104294490096310e-05 -6.062465349630549727e-03
7.779583718671023718e+00 2.500000000000000000e+00 -1.729032634969429822e-03 1.073019954315734652e-03
7.779583718671023718e+00 2.600000000000000089e+00 3.434384726814603255e-03 8.189182501571502792e-04
7.779583718671023718e+00 2.700000000000000178e+00 -1.791120438536848757e-03 -1.787583515472269610e-02
7.779583718671023718e+00 2.800000000000000266e+00 -6.371322247916565151e-02 -1.190175226571871595e-02
7.779583718671023718e+00 2.900000000000000355e+00 -5.540224248572420823e-02 6.205780448964411111e-02
7.779583718671023718e+00 3.000000000000000000e+00 1.052439269063670454e-02 3.483920802682985429e-02
7.779583718671023718e+00 3.100000000000000089e+00 6.972862621904391510e-03 -2.701322841277986612e-07
7.779583718671023718e+00 3.200000000000000178e+00 -7.514749234808027010e-04 -1.573504374403366475e-03
7.779583718671023718e+00 3.300000000000000266e+00 -6.385504361377370265e-04 2.033775764810728456e-03
7.779583718671023718e+00 3.400000000000000355e+00 1.023403425876193845e-02 -1.685856528455366172e-03
7.779583718671023718e+00 3.500000000000000000e+00 2.181084140213258339e-03 -4.656409155750208806e-02
7.779583718671023718e+00 3.600000000000000089e+00 -6.215778280055228588e-02 -4.553359698424355728e-02
7.779583718671023718e+00 3.700000000000000178e+00 -3.942682263089747341e-02 1.380874814292107518e-02
7.779583718671023718e+00 3.800000000000000266e+00 -6.756395177008049820e-04 8.624789420215418778e-03
7.779583718671023718e+00 3.900000000000000355e+00 1.673801207130097514e-03 -3.898297460821178637e-04
7.779583718671023718e+00 4.000000000000000000e+00 -1.254308904908241424e-03 -7.068557419075375148e-04
7.779583718671023718e+00 4.100000000000000533e+00 5.204898816984263564e-04 6.134103386003540020e-03
7.779583718671023718e+00 4.200000000000000178e+00 3.300334859800042875e-02 5.088624884288147623e-04
7.779583718671023718e+00 4.299999999999999822e+00 4.001752617993747235e-02 -5.741755861119274967e-02
7.779583718671023718e+00 4.400000000000000355e+00 -1.453492272384630975e-02 -4.508074320430305315e-02
7.779583718671023718e+00 4.500000000000000000e+00 -1.090452098188880552e-02 -2.209931274551104989e-03
7.779583718671023718e+00 4.600000000000000533e+00 -8.743759003285931893e-05 1.880634835793980634e-03
7.779583718671023718e+00 4.700000000000000178e+00 7.822560062779085853e-04 -7.387294787714966584e-04
7.779583718671023718e+00 4.800000000000000711e+00 -3.728004932334348220e-03 -3.708335826109595765e-04
7.779583718671023718e+00 4.900000000000000355e+00 -1.510128554779726837e-03 2.275619301258782409e-02
7.779583718671023718e+00 5.000000000000000000e+00 4.968364965799931809e-02 3.666159217655517305e-02
7.779583718671023718e+00 5.100000000000000533e+00 5.087343085181084135e-02 -1.244953981248470010e-02
7.779583718671023718e+00 5.200000000000000178e+00 4.919439378898214296e-03 -1.360105689124248979e-02
7.779583718671023718e+00 5.300000000000000711e+00 -2.099026096447550397e-03 -7.738017464522593380e-04
7.779583718671023718e+00 5.400000000000000355e+00 3.384505821099361681e-04 8.187597598709575640e-04
7.779583718671023718e+00 5.500000000000000000e+00 8.440552792298529122e-04 -2.194199747880077721e-03
7.779583718671023718e+00 5.600000000000000533e+00 -1.507940766323286226e-02 -2.864902717168013677e-03
7.779583718671023718e+00 5.700000000000000178e+00 -3.403456629913992337e-02 4.016410200499253430e-02
7.779583718671023718e+00 5.800000000000000711e+00 7.543625346995496556e-03 5.560558495299475906e-02
7.779583718671023718e+00 5.900000000000000355e+00 1.628467208110580614e-02 9.148263938994465744e-03
7.779583718671023718e+00 6.000000000000000000e+00 1.764215090770208591e-03 -2.206228991461233174e-03
7.779583718671023718e+00 6.100000000000000533e+00 -8.012021695792819224e-04 -1.395848422469113040e-05
7.779583718671023718e+00 6.200000000000000178e+00 1.168947217622924714e-03 9.954015108327380137e-04
7.779583718671023718e+00 6.300000000000000711e+00 3.682647246299519672e-03 -9.392247624777366397e-03
7.779583718671023718e+00 6.400000000000000355e+00 -2.993732671670638543e-02 -3.121926618947457391e-02
7.779583718671023718e+00 6.500000000000000000e+00 -5.807047510603594725e-02 3.211106165968853599e-04
7.779583718671023718e+00 6.600000000000000533e+00 -1.510186037392066867e-02 1.823509099941131306e-02
7.779583718671023718e+00 6.700000000000000178e+00 2.012095206091082337e-03 3.130261409155675988e-03
7.779583718671023718e+00 6.800000000000000711e+00 3.497254011467963394e-04 -7.112432455445701030e-04
7.779583718671023718e+00 6.900000000000000355e+00 -9.409075283311492790e-04 4.758193913627044433e-04
7.779583718671023718e+00 7.000000000000000000e+00 5.300732026405301396e-03 3.784285536698267505e-03
7.779583718671023718e+00 7.100000000000000533e+00 2.770732385231759742e-02 -2.003278051202564067e-02
7.779583718671023718e+00 7.200000000000000178e+00 8.212604490043644637e-03 -5.737287744625456376e-02
7.779583718671023718e+00 7.300000000000000711e+00 -1.850154881081495992e-02 -2.261854690067790011e-02
7.779583718671023718e+00 7.400000000000000355e+00 -4.873124835310446192e-03 1.238288773518999653e-03
7.779583718671023718e+00 7.500000000000000000e+00 5.190291649302249209e-04 6.751689076321682869e-04
7.779583718671023718e+00 7.600000000000000533e+00 -1.835598727649379321e-05 -7.686408449413551771e-04
7.779583718671023718e+00 7.700000000000000178e+00 -3.326287997297512622e-03 2.505287388138144160e-03
7.779583718671023718e+00 7.800000000000000711e+00 1.131806710356651410e-02 2.340450563690265121e-02
7.779583718671023718e+00 7.900000000000000355e+00 5.318031278057071265e-02 1.673120495609181635e-02
7.779583718671023718e+00 8.000000000000000000e+00 3.099751548928839431e-02 -1.609096082832695354e-02
7.779583718671023718e+00 8.099999999999999645e+00 4.419836370606296315e-04 -6.850316674803690747e-03
7.779583718671023718e+00 8.200000000000001066e+00 -9.684702495459950088e-04 1.824262975526229943e-04
7.779583718671023718e+00 8.300000000000000711e+00 5.374328573625484834e-04 2.680890550986993670e-04
7.779583718671023718e+00 8.400000000000000355e+00 -7.550453277198324780e-04 -2.554530470571015916e-03
7.779583718671023718e+00 8.500000000000000000e+00 -1.849354493629564236e-02 4.475079927056499138e-03
7.779583718671023718e+00 8.599999999999999645e+00 -2.392772923899020091e-02 4.576750631300054856e-02
7.779583718671023718e+00 8.700000000000001066e+00 1.035820768849709909e-02 3.894594765948846543e-02
7.779583718671023718e+00 8.800000000000000711e+00 8.708332407074213799e-03 3.394860745887046116e-03
7.779583718671023718e+00 8.900000000000000355e+00 3.375213141000824469e-04 -1.166719430328172708e-03
7.779583718671023718e+00 9.000000000000000000e+00 -4.194302493175046170e-04 2.820801525552914615e-04
7.779583718671023718e+00 9.099999999999999645e+00 1.711400486201666675e-03 2.081388034494213517e-04
7.779583718671023718e+00 9.200000000000001066e+00 2.085457457028868939e-04 -1.343396636110237227e-02
7.779583718671023718e+00 9.300000000000000711e+00 -3.603001310657409639e-02 -2.869833425383323464e-02
7.779583718671023718e+00 9.400000000000000355e+00 -4.483256270300056689e-02 1.481700038290613376e-03
7.779583718671023718e+00 9.500000000000000000e+00 -7.798119973109371786e-03 9.844779192356515815e-03
7.779583718671023718e+00 9.600000000000001421e+00 1.160352698694606640e-03 1.064278460505811534e-03
7.779583718671023718e+00 9.700000000000001066e+00 -2.484576173623904741e-05 -4.591073068656804836e-04
7.779583718671023718e+00 9.800000000000000711e+00 -6.211209049817121436e-04 9.590961688877518675e-04
7.779583718671023718e+00 9.900000000000000355e+00 8.753503834993651631e-03 2.808205818535460148e-03
7.779583718671023718e+00 1.000000000000000000e+01 3.048558912233123933e-02 -2.516093151735081593e-02
7.779583718671023718e+00 1.010000000000000142e+01 9.589342500330401073e-03 -4.714542419346057223e-02
7.779583718671023718e+00 1.020000000000000107e+01 -9.409308492626076992e-03 -1.356000706408617626e-02
7.779583718671023718e+00 1.030000000000000071e+01 -1.973394479238314240e-03 7.769523776550237059e-04
7.779583718671023718e+00 1.040000000000000036e+01 3.960326995864725660e-04 2.195263712098918709e-04
7.779583718671023718e+00 1.050000000000000000e+01 -3.754461402528960854e-04 -6.887076548796546190e-04
7.779583718671023718e+00 1.060000000000000142e+01 -3.678942824331077506e-03 4.901625854646250204e-03
7.779583718671023718e+00 1.070000000000000107e+01 1.444295897447538980e-02 2.925572684907901816e-02
7.779583718671023718e+00 1.080000000000000071e+01 4.498487468059297195e-02 2.118642913004962700e-02
7.779583718671023718e+00 1.090000000000000036e+01 2.007849086230473548e-02 -6.487886861589395315e-03
7.779583718671023718e+00 1.100000000000000000e+01 1.808589451948677362e-04 -2.921345476166822223e-03
7.779583718671023718e+00 1.110000000000000142e+01 -4.222194328469508723e-04 2.304147358064535204e-04
7.779583718671023718e+00 1.120000000000000107e+01 5.643126445083312265e-04 1.898891754616763069e-05
7.779583718671023718e+00 1.130000000000000071e+01 -2.075564824711675915e-03 -3.432428876841481756e-03
7.779583718671023718e+00 1.140000000000000036e+01 -2.531786287429906718e-02 5.336057402069901631e-03
7.779583718671023718e+00 1.150000000000000000e+01 -3.137241613466291990e-02 3.841959596501103719e-02
7.779583718671023718e+00 1.160000000000000142e+01 4.452036348556836750e-04 2.610146557086756580e-02
7.779583718671023718e+00 1.170000000000000107e+01 3.617299878636861220e-03 1.914517542802293259e-03
7.779583718671023718e+00 1.180000000000000071e+01 3.514630179119418603e-05 -5.472026465075694813e-04
7.779583718671023718e+00 1.190000000000000036e+01 -2.447386596311730751e-04 3.545061913539172870e-04
7.779583718671023718e+00 1.200000000000000000e+01 2.579006583273792119e-03 -3.119476221848058194e-04
7.779583718671023718e+00 1.210000000000000142e+01 1.412001008793841491e-03 -1.971208663431756394e-02
7.779583718671023718e+00 1.220000000000000107e+01 -2.838702076550789211e-02 -3.827612427864073019e-02
7.779583718671023718e+00 1.230000000000000071e+01 -3.001455731898345844e-02 -8.537848942775743549e-03
7.779583718671023718e+00 1.240000000000000036e+01 -4.446303890990698296e-03 3.589543498004827641e-03
7.779583718671023718e+00 1.250000000000000000e+01 5.372898948738213509e-04 3.935137098100388825e-04
7.779583718671023718e+00 1.260000000000000142e+01 -1.295409817453706909e-04 -3.249324798046008341e-04
7.779583718671023718e+00 1.270000000000000107e+01 -5.747733579480512932e-04 1.582612924218607846e-03
7.779583718671023718e+00 1.280000000000000071e+01 1.348173980789997735e-02 5.375429088896594224e-03
7.779583718671023718e+00 1.290000000000000036e+01 4.104052720745304805e-02 -1.644046719642272558e-02
7.779583718671023718e+00 1.300000000000000000e+01 1.962549332867632654e-02 -3.014301773918962382e-02
7.779583718671023718e+00 1.310000000000000142e+01 -2.251446933781827732e-03 -7.581349323475131477e-03
7.779583718671023718e+00 1.320000000000000107e+01 -7.911554571383412702e-04 3.198775841577724882e-04
7.779583718671023718e+00 1.330000000000000071e+01 2.960220993265938851e-04 7.327903406954777525e-05
7.779583718671023718e+00 1.340000000000000036e+01 -7.249084809800269849e-04 -8.327968871041737699e-04
7.779583718671023718e+00 1.350000000000000000e+01 -6.816299034294777577e-03 7.699350844701636533e-03
7.779583718671023718e+00 1.360000000000000142e+01 4.416471330219800227e-03 3.933433756579026580e-02
7.779583718671023718e+00 1.370000000000000107e+01 2.556097205051257107e-02 3.078088497945772467e-02
7.779583718671023718e+00 1.380000000000000071e+01 1.070033841974861281e-02 8.887610314719117301e-04
7.779583718671023718e+00 1.390000000000000036e+01 1.896814468807252435e-04 -1.128654264687496299e-03
7.779583718671023718e+00 1.400000000000000000e+01 -2.173462756978703381e-04 1.862365464333198676e-04
7.779583718671023718e+00 1.410000000000000142e+01 7.315769584065683583e-04 -1.233851249420591387e-04
7.779583718671023718e+00 1.420000000000000107e+01 -3.235261274676164318e-03 -6.297020006042712732e-03
7.779583718671023718e+00 1.430000000000000071e+01 -3.362579733054817110e-02 -5.525778895397760564e-03
7.779583718671023718e+00 1.440000000000000036e+01 -3.958288226157014034e-02 1.650045904358257015e-02
7.779583718671023718e+00 1.450000000000000000e+01 -6.286304567851421637e-03 1.278312568938336398e-02
7.779583718671023718e+00 1.460000000000000142e+01 1.215524678499295755e-03 1.009769342332263869e-03
7.779583718671023718e+00 1.470000000000000107e+01 -1.929912109342289282e-05 -2.885089395657217028e-04
7.779583718671023718e+00 1.480000000000000071e+01 -2.063814600894470382e-04 4.720726762104621665e-04
7.779583718671023718e+00 1.490000000000000036e+01 4.723208769908717082e-03 -2.807475337841644123e-04
7.779583718671023718e+00 1.500000000000000000e+01 1.277523243518658216e-02 -2.521350999837241105e-02
7.779583718671023718e+00 1.510000000000000142e+01 -3.990858402057982299e-03 -4.434395954264766515e-02
7.779583718671023718e+00 1.520000000000000107e+01 -1.248510052621546081e-02 -1.345621896964159861e-02
7.779583718671023718e+00 1.530000000000000071e+01 -2.080526719100170979e-03 8.045650868251298009e-04
7.779583718671023718e+00 1.540000000000000036e+01 2.639753590276071836e-04 1.729783107362973800e-04
7.779583718671023718e+00 1.550000000000000000e+01 -1.962383770594282231e-04 -3.202326148353265784e-04
7.779583718671023718e+00 1.560000000000000142e+01 -1.188827613755541988e-03 2.874192319183035277e-03
7.779583718671023718e+00 1.570000000000000107e+01 1.599792839126730828e-02 1.594756202014635874e-02
7.779583718671023718e+00 1.580000000000000071e+01 4.361711410136955708e-02 9.236537037094200500e-03
7.779583718671023718e+00 1.590000000000000036e+01 2.106266481584875838e-02 -8.848244365260786795e-03
7.779583718671023718e+00 1.600000000000000000e+01 3.484566938882250622e-04 -3.154299978464921231e-03
7.779583718671023718e+00 1.610000000000000142e+01 -3.437003859182853984e-04 1.307899481264963653e-04
7.779583718671023718e+00 1.619999999999999929e+01 2.881791687265865829e-04 2.374132215659479535e-05
7.779583718671023718e+00 1.630000000000000071e+01 -1.296989889273316354e-03 -1.558067106891115536e-03
7.779583718671023718e+00 1.640000000000000213e+01 -1.556794449198120080e-02 7.722146953592801989e-03
7.779583718671023718e+00 1.650000000000000000e+01 -2.069697635657235732e-02 3.778599348973712274e-02
7.779583718671023718e+00 1.660000000000000142e+01 1.577578974646374295e-03 2.740931870752455132e-02
7.779583718671023718e+00 1.669999999999999929e+01 3.777734323048219291e-03 2.465990782080427698e-03
7.779583718671023718e+00 1.680000000000000071e+01 1.165431428261963574e-04 -4.396379223077881860e-04
7.779583718671023718e+00 1.690000000000000213e+01 -1.590006573033007800e-04 1.750793678769857866e-04
7.779583718671023718e+00 1.700000000000000000e+01 1.302645966120554279e-03 -2.144171545185564825e-04
7.779583718671023718e+00 1.710000000000000142e+01 -1.383954533521427298e-03 -1.282565916963725530e-02
7.779583718671023718e+00 1.719999999999999929e+01 -2.821844638160346530e-02 -2.865364206173905137e-02
7.779583718671023718e+00 1.730000000000000071e+01 -3.051377121771699924e-02 -8.608164159228505127e-03
7.779583718671023718e+00 1.740000000000000213e+01 -5.358706701402792157e-03 3.319772777734276634e-03
7.779583718671023718e+00 1.750000000000000000e+01 3.798094775215250839e-04 4.514215440181466388e-04
7.779583718671023718e+00 1.760000000000000142e+01 -3.632605281301558205e-05 -2.027933535515859785e-04
7.779583718671023718e+00 1.769999999999999929e+01 -3.290270923646861773e-04 7.969294115097937288e-04
7.779583718671023718e+00 1.780000000000000071e+01 8.835573851995596681e-03 2.579631853240693141e-03
7.779583718671023718e+00 1.790000000000000213e+01 3.230402430962620031e-02 -1.661976545163076566e-02
7.779583718671023718e+00 1.800000000000000000e+01 2.033540008131316107e-02 -2.914220858340189554e-02
7.779583718671023718e+00 1.810000000000000142e+01 -1.217993803266536734e-03 -8.575634089280921579e-03
7.779583718671023718e+00 1.819999999999999929e+01 -7.916054508512401517e-04 8.979680297304531988e-05
7.779583718671023718e+00 1.830000000000000071e+01 1.695396200861680859e-04 9.194291131655811359e-05
7.779583718671023718e+00 1.840000000000000213e+01 -3.285542925557488310e-04 -4.746643654319170611e-04
7.779583718671023718e+00 1.850000000000000000e+01 -4.018006583901261725e-03 4.967141058563613598e-03
7.779583718671023718e+00 1.860000000000000142e+01 5.288482268102957969e-03 3.123105388742996799e-02
7.779583718671023718e+00 1.869999999999999929e+01 2.261987424800952426e-02 3.094576979657967172e-02
7.779583718671023718e+00 1.880000000000000071e+01 1.117891854593832703e-02 3.080791522065870827e-03
7.779583718671023718e+00 1.890000000000000213e+01 5.018236681752559925e-04 -9.932650964570811578e-04
7.779583718671023718e+00 1.900000000000000000e+01 -1.795704445038081003e-04 7.396401106576859356e-05
7.779583718671023718e+00 1.910000000000000142e+01 3.973456814755340553e-04 6.671609360877983390e-06
7.779583718671023718e+00 1.920000000000000284e+01 -1.829599042089986556e-03 -3.892213750516919282e-03
7.779583718671023718e+00 1.930000000000000071e+01 -2.629324534276879233e-02 -4.262599496398622456e-03
7.779583718671023718e+00 1.940000000000000213e+01 -3.830702829331389392e-02 1.178222948904469707e-02
7.779583718671023718e+00 1.950000000000000000e+01 -9.372931464715012276e-03 1.184465267556550870e-02
7.779583718671023718e+00 1.960000000000000142e+01 8.207231954460941867e-04 1.355840584009833415e-03
7.779583718671023718e+00 1.970000000000000284e+01 6.018655076842953719e-05 -2.009809258858476363e-04
7.779583718671023718e+00 1.980000000000000071e+01 -1.744855863761275250e-04 2.266675255049504850e-04
7.779583718671023718e+00 1.990000000000000213e+01 2.836589929814827167e-03 1.402708347851315746e-04
7.779583718671023718e+00 2.000000000000000000e+01 1.048234355500377024e-02 -1.883565514994663126e-02
7.779583718671023718e+00 2.010000000000000142e+01 1.230157376567084758e-03 -4.057708851473947748e-02
7.779583718671023718e+00 2.020000000000000284e+01 -9.359336826813823354e-03 -1.658632275749520948e-02
7.779583718671023718e+00 2.030000000000000071e+01 -2.275893995970916170e-03 4.196569069686199800e-05
7.779583718671023718e+00 2.040000000000000213e+01 1.368964711406544968e-04 2.006981482423236037e-04
7.779583718671023718e+00 2.050000000000000000e+01 -5.021188045052691582e-05 -2.104199343015856886e-04
7.779583718671023718e+00 2.060000000000000142e+01 -9.834623896229665371e-04 1.562720716931591865e-03
7.779583718671023718e+00 2.070000000000000284e+01 1.089223629011509993e-02 1.288538302234951832e-02
7.779583718671023718e+00 2.080000000000000071e+01 3.727231111060778229e-02 1.384119989893631449e-02
7.779583718671023718e+00 2.090000000000000213e+01 2.300248479174433688e-02 -3.069195899298185221e-03
7.779583718671023718e+00 2.100000000000000000e+01 1.509328353804765968e-03 -2.900903680720505820e-03
7.779583718671023718e+00 2.110000000000000142e+01 -2.973429648810162044e-04 -1.722014457608415147e-05
7.779583718671023718e+00 2.120000000000000284e+01 1.566208633039714972e-04 7.559997316913299851e-05
7.779583718671023718e+00 2.130000000000000071e+01 -5.290048137988839858e-04 -1.075754263883616944e-03
7.779583718671023718e+00 2.140000000000000213e+01 -1.203458761127085969e-02 4.145889715653459928e-03
7.779583718671023718e+00 2.150000000000000000e+01 -2.337969867158613477e-02 2.961612857460067458e-02
7.779583718671023718e+00 2.160000000000000142e+01 -6.026822998862788744e-03 2.655576500323821379e-02
7.779583718671023718e+00 2.170000000000000284e+01 2.715457031201043599e-03 3.750837801476596383e-03
7.779583718671023718e+00 2.180000000000000071e+01 2.466754820346616630e-04 -2.943857720550053570e-04
7.779583718671023718e+00 2.190000000000000213e+01 -1.350820650270124124e-04 6.229855338519986582e-05
7.779583718671023718e+00 2.200000000000000000e+01 7.789082935903179948e-04 7.876590699092277819e-05
7.779583718671023718e+00 2.210000000000000142e+01 5.541786537702591805e-04 -9.248386320971522731e-03
7.779583718671023718e+00 2.220000000000000284e+01 -1.942418212604571023e-02 -2.865578870080891932e-02
7.779583718671023718e+00 2.230000000000000071e+01 -2.604061002805233005e-02 -1.652939506533898650e-02
7.779583718671023718e+00 2.240000000000000213e+01 -6.320841635075808568e-03 1.173989085192301629e-03
7.779583718671023718e+00 2.250000000000000000e+01 1.267837587804202188e-04 5.011254907414269301e-04
7.779583718671023718e+00 2.260000000000000142e+01 3.351444296943323364e-05 -1.311769679982104162e-04
7.779583718671023718e+00 2.270000000000000284e+01 -3.342896149203408674e-04 3.975522910951902341e-04
7.779583718671023718e+00 2.280000000000000071e+01 5.793294528758876141e-03 2.948668907384422149e-03
7.779583718671023718e+00 2.290000000000000213e+01 2.961310929411766282e-02 -8.585722613963188074e-03
7.779583718671023718e+00 2.300000000000000000e+01 2.653543411083111522e-02 -2.075742101455825897e-02
7.779583718671023718e+00 2.310000000000000142e+01 2.138483764162010629e-03 -8.484729537306948816e-03
7.779583718671023718e+00 2.320000000000000284e+01 -6.729743917581774504e-04 -2.375722982371678395e-04
7.779583718671023718e+00 2.330000000000000071e+01 7.649056850152703062e-05 1.083503641098939056e-04
7.779583718671023718e+00 2.340000000000000213e+01 -8.700681072770755607e-05 -3.391642437245624849e-04
7.779583718671023718e+00 2.350000000000000000e+01 -3.545785260435725152e-03 2.691801085735000872e-03
7.779583718671023718e+00 2.360000000000000142e+01 -1.110567347099467462e-03 2.640170830444900710e-02
7.779583718671023718e+00 2.370000000000000284e+01 1.153822904273558818e-02 3.394200116281171492e-02
7.779583718671023718e+00 2.380000000000000071e+01 9.121898694927531998e-03 7.119062736304764341e-03
7.779583718671023718e+00 2.390000000000000213e+01 8.108749981494692760e-04 -6.128556515255157615e-04
7.779583718671023718e+00 2.400000000000000000e+01 -1.383612613268197882e-04 -1.020732648233163353e-05
7.779583718671023718e+00 2.410000000000000142e+01 2.256450756133203319e-04 9.453361071286367349e-05
7.779583718671023718e+00 2.420000000000000284e+01 -5.234450145195189289e-04 -2.914874838021343315e-03
7.779583718671023718e+00 2.430000000000000071e+01 -2.022723392781090174e-02 -8.242817070722038841e-03
7.779583718671023718e+00 2.440000000000000213e+01 -3.694099997933649598e-02 -2.574774554983366281e-04
7.779583718671023718e+00 2.450000000000000000e+01 -1.298543206091838306e-02 7.221566033909430395e-03
7.779583718671023718e+00 2.460000000000000142e+01 1.293706495782958460e-04 1.467140061396687454e-03
7.779583718671023718e+00 2.470000000000000284e+01 1.078845705917329056e-04 -1.123746402130382553e-04
7.779583718671023718e+00 2.480000000000000071e+01 -1.564504774566452734e-04 8.719456760497421759e-05
7.779583718671023718e+00 2.490000000000000213e+01 1.826437524706852169e-03 6.278672732079194473e-04
7.779583718671023718e+00 2.500000000000000000e+01 1.183868582467618481e-02 -1.272699549086879489e-02
7.779583718671023718e+00 2.510000000000000142e+01 1.240370502883906233e-02 -3.455824061618511384e-02
7.779583718671023718e+00 2.520000000000000284e+01 -1.991685845403969469e-03 -1.834527429421632660e-02
7.779583718671023718e+00 2.530000000000000071e+01 -1.927540854026755937e-03 -9.266395187652954127e-04
7.779583718671023718e+00 2.540000000000000213e+01 2.093459070523256128e-05 1.862585717099784761e-04
7.779583718671023718e+00 2.550000000000000000e+01 2.403598778704749630e-05 -1.367204637882052474e-04
7.779583718671023718e+00 2.560000000000000142e+01 -9.531638745374208148e-04 8.087716651688234629e-04
7.779583718671023718e+00 2.570000000000000284e+01 5.911334321579850282e-03 1.202324136414974036e-02
7.779583718671023718e+00 2.580000000000000071e+01 2.749603275147037562e-02 2.210464549210129290e-02
7.779583718671023718e+00 2.590000000000000213e+01 2.119547399073960434e-02 6.249310424057852309e-03
7.779583718671023718e+00 2.600000000000000000e+01 2.521078181368488318e-03 -1.747627545515100401e-03
7.779583718671023718e+00 2.610000000000000142e+01 -1.970033669652234917e-04 -1.308775351877037522e-04
7.779583718671023718e+00 2.620000000000000284e+01 7.156468441262093193e-05 8.935865952303412047e-05
7.779583718671023718e+00 2.630000000000000071e+01 -9.191145957051928929e-05 -8.002410272858694572e-04
7.779583718671023718e+00 2.640000000000000213e+01 -1.001118336500600101e-02 4.807527405773133759e-04
7.779583718671023718e+00 2.650000000000000000e+01 -2.798788719416312604e-02 1.773567222131882531e-02
7.779583718671023718e+00 2.660000000000000142e+01 -1.581438414499911072e-02 1.996209959285582744e-02
7.779583718671023718e+00 2.670000000000000284e+01 4.166702862463765979e-04 4.338577791950236871e-03
7.779583718671023718e+00 2.680000000000000071e+01 2.931305374351141600e-04 -9.821347073732564182e-05
7.779583718671023718e+00 2.690000000000000213e+01 -9.911178898653989961e-05 -6.920929626608837742e-06
7.779583718671023718e+00 2.700000000000000000e+01 4.581685372177464791e-04 2.525283056041159255e-04
7.779583718671023718e+00 2.710000000000000142e+01 2.854299379650855704e-03 -6.553902937517560451e-03
7.779583718671023718e+00 2.720000000000000284e+01 -6.312353914184361606e-03 -2.960835158220724225e-02
7.779583718671023718e+00 2.730000000000000071e+01 -1.426705868307037890e-02 -2.497681109793785034e-02
7.779583718671023718e+00 2.740000000000000213e+01 -5.655606345699091403e-03 -2.243693455182595338e-03
7.779583718671023718e+00 2.750000000000000000e+01 -1.423793274609972965e-04 4.070653477057456721e-04
7.779583718671023718e+00 2.760000000000000142e+01 6.555929350260667257e-05 -6.644101445529115412e-05
7.779583718671023718e+00 2.770000000000000284e+01 -3.134082606833266419e-04 1.440141770465411177e-04
7.779583718671023718e+00 2.780000000000000071e+01 3.256631146771776439e-03 3.776516562693609316e-03
7.779583718671023718e+00 2.790000000000000213e+01 2.627398963753694097e-02 3.944563551788836733e-03
7.779583718671023718e+00 2.800000000000000000e+01 3.081647596998941113e-02 -3.988075954699022742e-03
7.779583718671023718e+00 2.810000000000000142e+01 6.430834529638730299e-03 -5.298382157967252044e-03
7.779583718671023718e+00 2.820000000000000284e+01 -3.315609794999513664e-04 -5.214196464429571775e-04
7.779583718671023718e+00 2.830000000000000071e+01 2.176288600433973008e-07 9.469888300491521946e-05
7.779583718671023718e+00 2.840000000000000213e+01 6.228042015923862529e-05 -2.294392199322296106e-04
7.779583718671023718e+00 2.850000000000000000e+01 -3.310312473761119027e-03 7.159372136824842907e-04
7.779583718671023718e+00 2.860000000000000142e+01 -1.130383243963899685e-02 1.967647024241039530e-02
7.779583718671023718e+00 2.870000000000000284e+01 -7.894670686790512815e-03 3.187566603958458950e-02
7.779583718671023718e+00 2.880000000000000071e+01 2.679589046928735653e-03 1.061143633124667432e-02
7.779583718671023718e+00 2.890000000000000213e+01 8.868732571515890216e-04 4.299677917805881818e-05
7.779583718671023718e+00 2.900000000000000000e+01 -7.428332988402879184e-05 -6.929449801997561854e-05
7.779583718671023718e+00 2.910000000000000142e+01 9.342049920577937179e-05 1.383946646977739171e-04
7.779583718671023718e+00 2.920000000000000284e+01 7.480421454634698063e-04 -2.092638746940940920e-03
7.779583718671023718e+00 2.930000000000000071e+01 -1.117721812407743327e-02 -1.498533652802256332e-02
7.779583718671023718e+00 2.940000000000000213e+01 -2.734575610163070963e-02 -1.973729270296382954e-02
7.779583718671023718e+00 2.950000000000000000e+01 -1.378441393130665563e-02 -2.873252921028573038e-03
7.779583718671023718e+00 2.960000000000000142e+01 -8.043936081123011098e-04 1.041523176056716226e-03
7.779583718671023718e+00 2.970000000000000284e+01 1.183549840250282893e-04 -1.001842300726862528e-05
7.779583718671023718e+00 2.980000000000000071e+01 -1.242990348472347681e-04 -1.480492239183696165e-05
7.779583718671023718e+00 2.990000000000000213e+01 8.929466102648298117e-04 1.143134743304156800e-03
7.779583718671023718e+00 3.000000000000000000e+01 1.442966346503993941e-02 -3.555336281353235501e-03
7.779583718671023718e+00 3.010000000000000142e+01 2.807004448711025377e-02 -1.817482488967529439e-02
7.779583718671023718e+00 3.020000000000000284e+01 1.045848038430754502e-02 -1.378703937605684458e-02
7.779583718671023718e+00 3.030000000000000071e+01 -5.746866790172795031e-04 -1.839497909586337507e-03
7.779583718671023718e+00 3.040000000000000213e+01 -9.537859648657495703e-05 1.103219294993165484e-04
7.779583718671023718e+00 3.050000000000000000e+01 7.779071631335437466e-05 -5.912986132037896823e-05
7.779583718671023718e+00 3.060000000000000142e+01 -9.319313528266770464e-04 3.156329401302054990e-05
7.779583718671023718e+00 3.070000000000000284e+01 -2.501503960380905851e-03 1.116045079028200881e-02
7.779583718671023718e+00 3.080000000000000071e+01 5.882065679724575794e-03 3.184420307996457117e-02
7.779583718671023718e+00 3.090000000000000213e+01 9.655844797425998730e-03 1.847560851140984950e-02
7.779583718671023718e+00 3.100000000000000000e+01 2.729322710088920127e-03 6.811189648258803020e-04
7.779583718671023718e+00 3.110000000000000142e+01 -2.823022621191684947e-05 -1.872637231691037416e-04
7.779583718671023718e+00 3.120000000000000284e+01 -8.561848259825016613e-06 8.168939352431053315e-05
7.779583718671023718e+00 3.130000000000000071e+01 3.353626133882760632e-04 -4.992810127047048749e-04
7.779583718671023718e+00 3.140000000000000213e+01 -6.587779171652759051e-03 -5.261696947542350740e-03
7.779583718671023718e+00 3.150000000000000000e+01 -2.957649911148746771e-02 -6.453541847848486869e-03
7.779583718671023718e+00 3.160000000000000142e+01 -2.410308683192389362e-02 8.635910866306782500e-04
7.779583718671023718e+00 3.170000000000000284e+01 -2.966096696429977152e-03 2.749704606745456779e-03
7.779583718671023718e+00 3.180000000000000071e+01 2.096703302214455555e-04 1.503599807397103109e-04
7.779583718671023718e+00 3.190000000000000213e+01 -4.292905194800219646e-05 -6.019288056361908032e-05
7.779583718671023718e+00 3.200000000000000000e+01 1.042486629705951926e-04 3.805532693657439030e-04
7.779583718671023718e+00 3.210000000000000142e+01 5.577955882900081930e-03 -2.300512694560553385e-03
7.779583718671023718e+00 3.220000000000000284e+01 1.608683887928983106e-02 -2.237709143279510357e-02
7.779583718671023718e+00 3.230000000000000426e+01 1.037562635961919444e-02 -2.517910401199128720e-02
7.779583718671023718e+00 3.239999999999999858e+01 -1.290206954133901783e-03 -5.568163049126006320e-03
7.779583718671023718e+00 3.250000000000000000e+01 -3.489723221899159334e-04 9.854496887251742261e-05
7.779583718671023718e+00 3.260000000000000142e+01 6.973011152581704908e-05 1.128180465863973337e-05
7.779583718671023718e+00 3.270000000000000284e+01 -2.409718224567982303e-04 -1.089003133103806956e-04
7.779583718671023718e+00 3.280000000000000426e+01 -4.734993190424322852e-04 4.170097181114893262e-03
7.779583718671023718e+00 3.289999999999999858e+01 1.239122961228690013e-02 2.054256770145876723e-02
7.779583718671023718e+00 3.300000000000000000e+01 1.985090127135376997e-02 2.163565847890429675e-02
7.779583718671023718e+00 3.310000000000000142e+01 7.472332988687075718e-03 2.528135136479023326e-03
7.779583718671023718e+00 3.320000000000000284e+01 2.389461969743173896e-04 -4.786756600922611993e-04
7.779583718671023718e+00 3.330000000000000426e+01 -6.040659373969504108e-05 3.943654843046562569e-05
7.779583718671023718e+00 3.339999999999999858e+01 1.689100372278830558e-04 -6.250494399691391902e-05
7.779583718671023718e+00 3.350000000000000000e+01 -2.160066695106342260e-03 -1.863883265108190598e-03
7.779583718671023718e+00 3.360000000000000142e+01 -2.045053508770337466e-02 3.038172610490918243e-03
7.779583718671023718e+00 3.370000000000000284e+01 -2.884162068726296366e-02 1.056162976764313255e-02
7.779583718671023718e+00 3.380000000000000426e+01 -7.458188988035447872e-03 7.224908560634913865e-03
7.779583718671023718e+00 3.389999999999999858e+01 3.518206316626984139e-04 7.138225588482291105e-04
7.779583718671023718e+00 3.400000000000000000e+01 1.412017430564731211e-05 -7.901547633344412536e-05
7.779583718671023718e+00 3.410000000000000142e+01 -4.374012403697791164e-05 1.189732098555071452e-04
7.779583718671023718e+00 3.420000000000000284e+01 1.755557299836441954e-03 -5.672858034801878200e-04
7.779583718671023718e+00 3.430000000000000426e+01 4.813997626374947984e-03 -1.624302396559126546e-02
7.779583718671023718e+00 3.439999999999999858e+01 1.137694537099385441e-03 -3.147469059521990076e-02
7.779583718671023718e+00 3.450000000000000000e+01 -4.132326278000671496e-03 -1.252107498944398344e-02
7.779583718671023718e+00 3.460000000000000142e+01 -1.145837992135837922e-03 -1.943969597890668271e-04
7.779583718671023718e+00 3.470000000000000284e+01 5.118802514729075593e-05 7.864706686446334191e-05
7.779583718671023718e+00 3.480000000000000426e+01 -3.956288462689508449e-05 -8.756946009306643011e-05
7.779583718671023718e+00 3.489999999999999858e+01 -3.588487440796124224e-04 1.155835000947117190e-03
7.779583718671023718e+00 3.500000000000000000e+01 1.019471157348374006e-02 8.686722340591944425e-03
7.779583718671023718e+00 3.510000000000000142e+01 2.804884003397527248e-02 1.332749797896390712e-02
7.779583718671023718e+00 3.520000000000000284e+01 1.633928591183342327e-02 2.610559358797553443e-03
7.779583718671023718e+00 3.530000000000000426e+01 1.241657373025242383e-03 -1.255446728933417222e-03
7.779583718671023718e+00 3.539999999999999858e+01 -1.168848626343560378e-04 -1.929902069400858225e-05
7.779583718671023718e+00 3.550000000000000000e+01 7.093204929983339883e-05 2.384651452310217900e-05
7.779583718671023718e+00 3.560000000000000142e+01 -4.790159046492990552e-04 -6.073726694633234391e-04
7.779583718671023718e+00 3.570000000000000284e+01 -9.371243151619438813e-03 4.310448507370587962e-03
7.779583718671023718e+00 3.580000000000000426e+01 -2.120364530762194541e-02 2.146783418008661390e-02
7.779583718671023718e+00 3.589999999999999858e+01 -9.961839295360210358e-03 1.663114579415451641e-02
7.779583718671023718e+00 3.600000000000000000e+01 6.789790349022003981e-04 2.418395194807017139e-03
7.779583718671023718e+00 3.610000000000000142e+01 1.175724027207334890e-04 -9.739585697038914041e-05
7.779583718671023718e+00 3.620000000000000284e+01 -5.669060863694839081e-05 2.830757930226912049e-05
7.779583718671023718e+00 3.630000000000000426e+01 4.997029058539062974e-04 -2.059347521803631988e-05
7.779583718671023718e+00 3.639999999999999858e+01 2.921280512954828410e-04 -7.556765391723761077e-03
7.779583718671023718e+00 3.650000000000000000e+01 -1.077110115019568222e-02 -2.574215419814136069e-02
7.779583718671023718e+00 3.660000000000000142e+01 -1.229607457396826586e-02 -1.880440186696450897e-02
7.779583718671023718e+00 3.670000000000000284e+01 -3.527121522590593011e-03 -1.197292199543304814e-03
7.779583718671023718e+00 3.680000000000000426e+01 -1.312669822121290199e-05 2.145611820505294038e-04
7.779583718671023718e+00 3.689999999999999858e+01 1.865493757433873444e-05 -5.383957662085741652e-05
7.779583718671023718e+00 3.700000000000000000e+01 -1.916294074221711866e-04 2.578143538397259472e-04
7.779583718671023718e+00 3.710000000000000142e+01 4.701785755187213971e-03 2.697355491995970245e-03
7.779583718671023718e+00 3.720000000000000284e+01 2.567251795466131067e-02 -1.062615485504865955e-03
7.779583718671023718e+00 3.730000000000000426e+01 2.455655535595626521e-02 -5.576436043868869194e-03
7.779583718671023718e+00 3.739999999999999858e+01 3.555422391965916244e-03 -3.713564821244640362e-03
7.779583718671023718e+00 3.750000000000000000e+01 -2.306729407526136573e-04 -1.877120832449316807e-04
7.779583718671023718e+00 3.760000000000000142e+01 2.616745562886612354e-05 4.735283299249810223e-05
7.779583718671023718e+00 3.770000000000000284e+01 -6.024999848878026938e-05 -2.058469890121734350e-04
7.779583718671023718e+00 3.780000000000000426e+01 -3.103405475923069669e-03 2.147961256731232074e-03
7.779583718671023718e+00 3.789999999999999858e+01 -6.579908283888766425e-03 2.149543566984085316e-02
7.779583718671023718e+00 3.800000000000000000e+01 -4.030514020220180363e-03 2.650131433848669157e-02
7.779583718671023718e+00 3.810000000000000142e+01 2.148297257674024446e-03 6.598006904868019933e-03
7.779583718671023718e+00 3.820000000000000284e+01 4.298277103992061252e-04 -7.590760143253302502e-05
7.779583718671023718e+00 3.830000000000000426e+01 -5.350457729949170693e-05 -1.668231963359506764e-05
7.779583718671023718e+00 3.840000000000000568e+01 1.313991278758940169e-04 6.396728252203975874e-05
7.779583718671023718e+00 3.850000000000000000e+01 -1.625519252337963262e-04 -2.508348399646329139e-03
7.779583718671023718e+00 3.860000000000000142e+01 -1.432080667778230440e-02 -1.257820457948551594e-02
7.779583718671023718e+00 3.870000000000000284e+01 -2.418690548814890484e-02 -1.496500013468167467e-02
7.779583718671023718e+00 3.880000000000000426e+01 -9.235184840291251959e-03 -1.543850291966300569e-03
7.779583718671023718e+00 3.890000000000000568e+01 -3.003323902114696871e-04 5.901871254778838808e-04
7.779583718671023718e+00 3.900000000000000000e+01 5.362682951828777705e-05 -3.158979186087980384e-05
7.779583718671023718e+00 3.910000000000000142e+01 -9.469691317910915553e-05 4.152642107592858920e-05
7.779583718671023718e+00 3.920000000000000284e+01 1.484995177732009036e-03 7.401192169770551580e-04
7.779583718671023718e+00 3.930000000000000426e+01 1.393307397775357150e-02 -7.324835261632830011e-03
7.779583718671023718e+00 3.940000000000000568e+01 2.247996170620870926e-02 -1.864156374148669831e-02
7.779583718671023718e+00 3.950000000000000000e+01 6.277730999957313596e-03 -1.014438391294177760e-02
7.779583718671023718e+00 3.960000000000000142e+01 -5.299999622978946541e-04 -8.034931277835268828e-04
7.779583718671023718e+00 3.970000000000000284e+01 -1.205172110856987537e-05 7.078070495868770795e-05
7.779583718671023718e+00 3.980000000000000426e+01 2.097568945554907402e-05 -7.288874369212063303e-05
7.779583718671023718e+00 3.990000000000000568e+01 -9.102857978022694955e-04 5.629208835629550709e-04
7.779583718671023718e+00 4.000000000000000000e+01 1.625732102498117157e-03 1.248410282236601943e-02
7.779583718671023718e+00 4.010000000000000142e+01 1.005228669569651831e-02 2.697641591040882483e-02
7.779583718671023718e+00 4.020000000000000284e+01 8.375326050029942640e-03 1.195406886881375357e-02
7.779583718671023718e+00 4.030000000000000426e+01 1.424113701987526556e-03 2.308035439070789684e-05
7.779583718671023718e+00 4.040000000000000568e+01 -5.269915715718486717e-05 -7.139845982955557305e-05
7.779583718671023718e+00 4.050000000000000000e+01 2.936232068137313328e-05 5.200945542669647341e-05
7.779583718671023718e+00 4.060000000000000142e+01 2.635005162065684925e-05 -6.910318043130138062e-04
7.779583718671023718e+00 4.070000000000000284e+01 -9.233061861410622392e-03 -2.976751165270524399e-03
7.779583718671023718e+00 4.080000000000000426e+01 -2.799142098802049825e-02 1.039435334212111231e-04
7.779583718671023718e+00 4.090000000000000568e+01 -1.716214142622637245e-02 3.517997658447437337e-03
7.779583718671023718e+00 4.100000000000000000e+01 -1.112813757776789708e-03 1.788018766403315103e-03
7.779583718671023718e+00 4.110000000000000142e+01 1.182162915157173487e-04 1.123215470027068908e-05
7.779583718671023718e+00 4.120000000000000284e+01 -4.902287527314410986e-05 -1.148029792011394635e-05
7.779583718671023718e+00 4.130000000000000426e+01 3.571843659879438094e-04 2.697280710182754109e-04
7.779583718671023718e+00 4.140000000000000568e+01 4.698555989505510608e-03 -5.544453539142354427e-03
7.779583718671023718e+00 4.150000000000000000e+01 8.381842079054858605e-03 -2.478868131057897217e-02
7.779583718671023718e+00 4.160000000000000142e+01 3.363393399932454453e-03 -1.989769804673375761e-02
7.779583718671023718e+00 4.170000000000000284e+01 -1.477579964830762291e-03 -2.655335790334243783e-03
7.779583718671023718e+00 4.180000000000000426e+01 -1.102399171614717554e-04 1.169399946317701476e-04
7.779583718671023718e+00 4.190000000000000568e+01 3.684298663210832628e-05 -2.464361212779610455e-05
7.779583718671023718e+00 4.200000000000000000e+01 -2.735283520906877557e-04 8.512429764168764359e-05
7.779583718671023718e+00 4.210000000000000142e+01 2.074349407395213122e-03 4.708180337318576027e-03
7.779583718671023718e+00 4.220000000000000284e+01 1.831559845966953745e-02 1.511113016682181717e-02
7.779583718671023718e+00 4.230000000000000426e+01 1.905270172589777072e-02 1.212801211269394323e-02
7.779583718671023718e+00 4.240000000000000568e+01 4.282328722447128339e-03 1.831547958833736590e-05
7.779583718671023718e+00 4.250000000000000000e+01 -2.249228120209683279e-05 -2.279317794645105790e-04
7.779583718671023718e+00 4.260000000000000142e+01 -8.671632141449327823e-06 4.132493162662855674e-05
7.779583718671023718e+00 4.270000000000000284e+01 7.297678319370777750e-05 -1.719959334908485130e-04
7.779583718671023718e+00 4.280000000000000426e+01 -3.553381071260878262e-03 -3.778096249032191780e-04
7.779583718671023718e+00 4.290000000000000568e+01 -1.841938343959780011e-02 1.043240805109107994e-02
7.779583718671023718e+00 4.300000000000000000e+01 -1.988367488768837468e-02 1.448165898098232457e-02
7.779583718671023718e+00 4.310000000000000142e+01 -2.665886505542742774e-03 5.272537460310043438e-03
7.779583718671023718e+00 4.320000000000000284e+01 2.860880242345974992e-04 1.794322405662290593e-04
7.779583718671023718e+00 4.330000000000000426e+01 -2.516657482170603477e-05 -3.503710373815703837e-05
7.779583718671023718e+00 4.340000000000000568e+01 6.019623000317528950e-05 1.119823363564347154e-04
7.779583718671023718e+00 4.350000000000000000e+01 1.330545628129003706e-03 -2.050594193973106442e-03
7.779583718671023718e+00 4.360000000000000142e+01 -3.573071544980774630e-03 -1.793375884720350283e-02
7.779583718671023718e+00 4.370000000000000284e+01 -8.040190075613675921e-03 -2.466788431151027347e-02
7.779583718671023718e+00 4.380000000000000426e+01 -5.057499627724436689e-03 -6.001907460219987889e-03
7.779583718671023718e+00 4.390000000000000568e+01 -4.490497865269342157e-04 2.094391877069231233e-04
7.779583718671023718e+00 4.400000000000000000e+01 4.596596045242224945e-05 3.184282726032296485e-06
7.779583718671023718e+00 4.410000000000000142e+01 -8.740732661454534455e-05 -1.473372428493006384e-05
7.779583718671023718e+00 4.420000000000000284e+01 8.085099892268847671e-04 1.392090053664087838e-03
7.779583718671023718e+00 4.430000000000000426e+01 1.503240225817744843e-02 1.941615535966163212e-03
7.779583718671023718e+00 4.440000000000000568e+01 2.645238951655226253e-02 1.439028848560909384e-04
7.779583718671023718e+00 4.450000000000000000e+01 9.663091202061173737e-03 -2.837375257668129942e-03
7.779583718671023718e+00 4.460000000000000142e+01 9.913993926382959668e-05 -7.210675156345951750e-04
7.779583718671023718e+00 4.470000000000000284e+01 -3.784338519175176909e-05 3.632451342205551440e-05
7.779583718671023718e+00 4.480000000000000426e+01 4.997757487657009362e-05 -3.961001466288214357e-05
7.779583718671023718e+00 4.490000000000000568e+01 -1.032447075737536390e-03 -2.064690859905030191e-05
7.779583718671023718e+00 4.500000000000000000e+01 -6.155820034703747903e-03 1.044932603213675169e-02
7.779583718671023718e+00 4.510000000000000142e+01 -9.584036787025367390e-03 2.468670812612108398e-02
7.779583718671023718e+00 4.520000000000000284e+01 -1.886600302844398643e-03 1.247250890584837395e-02
7.779583718671023718e+00 4.530000000000000426e+01 8.144848302688272989e-04 7.269950821151009886e-04
7.779583718671023718e+00 4.540000000000000568e+01 6.020904284353357903e-07 -6.462658563421073662e-05
7.779583718671023718e+00 4.550000000000000000e+01 -4.723966697873101872e-06 4.876595696731746686e-05
7.779583718671023718e+00 4.560000000000000142e+01 3.897483912881455305e-04 -5.319847632242772836e-04
7.779583718671023718e+00 4.570000000000000284e+01 -5.459628787229034788e-03 -7.715920182262936758e-03
7.779583718671023718e+00 4.580000000000000426e+01 -1.961422611520029571e-02 -1.716090288010057099e-02
7.779583718671023718e+00 4.590000000000000568e+01 -1.316053117356466400e-02 -7.986679589407096047e-03
7.779583718671023718e+00 4.600000000000000000e+01 -1.553768799566849438e-03 4.996543942764429666e-04
7.779583718671023718e+00 4.610000000000000142e+01 6.500471555801700361e-05 5.365576017748031038e-05
7.779583718671023718e+00 4.620000000000000284e+01 -2.723527223365550557e-05 -2.945139585129979130e-05
7.779583718671023718e+00 4.630000000000000426e+01 1.488253586790676741e-04 3.948304755401920081e-04
7.779583718671023718e+00 4.640000000000000568e+01 6.945055548180931529e-03 -1.539909475360838696e-03
7.779583718671023718e+00 4.650000000000000000e+01 2.137237985060702963e-02 -1.251672576078274868e-02
7.779583718671023718e+00 4.660000000000000142e+01 1.415020496944984288e-02 -1.118968627692695783e-02
7.779583718671023718e+00 4.670000000000000284e+01 4.226860668710503348e-04 -2.353112919871156328e-03
7.779583718671023718e+00 4.680000000000000426e+01 -1.108001471398914267e-04 2.629791359262172938e-05
7.779583718671023718e+00 4.690000000000000568e+01 3.450476213432113437e-05 -1.840064549858086315e-06
7.779583718671023718e+00 4.700000000000000000e+01 -2.595505345416794138e-04 -6.644827478479893037e-05
7.779583718671023718e+00 4.710000000000000142e+01 -9.784500519758314741e-04 5.016934530657659978e-03
7.779583718671023718e+00 4.720000000000000284e+01 4.090206463047584527e-03 2.226125048353366428e-02
7.779583718671023718e+00 4.730000000000000426e+01 5.591734622420702766e-03 1.962464929576109365e-02
7.779583718671023718e+00 4.740000000000000568e+01 2.659456516516974737e-03 2.202175117963195428e-03
7.779583718671023718e+00 4.750000000000000000e+01 7.268774774861834454e-05 -1.465171671061761256e-04
7.779583718671023718e+00 4.760000000000000142e+01 -2.069924563533226435e-05 2.460894250749218301e-05
7.779583718671023718e+00 4.770000000000000284e+01 1.379710311575551033e-04 -1.047522777876894331e-04
7.779583718671023718e+00 4.780000000000000426e+01 -2.762474080562085654e-03 -2.236681982041928592e-03
7.779583718671023718e+00 4.790000000000000568e+01 -1.972918634219114967e-02 -3.711945957785059511e-03
7.779583718671023718e+00 4.800000000000000000e+01 -2.203447821005331125e-02 -2.939179052255251438e-03
7.779583718671023718e+00 4.810000000000000142e+01 -4.590794071535672823e-03 1.660856587457365139e-03
7.779583718671023718e+00 4.820000000000000284e+01 9.284591982590485238e-05 2.291384351598257224e-04
7.779583718671023718e+00 4.830000000000000426e+01 -2.760455341021009988e-06 -3.291508753745035743e-05
7.779583718671023718e+00 4.840000000000000568e+01 -5.465035207202844595e-06 1.169903465412022584e-04
7.779583718671023718e+00 4.850000000000000000e+01 2.273443578082482049e-03 -8.965405997275592044e-04
7.779583718671023718e+00 4.860000000000000142e+01 8.760047624830492874e-03 -1.512971126655269366e-02
7.779583718671023718e+00 4.870000000000000284e+01 1.088887473426942629e-02 -2.071835046861074045e-02
7.779583718671023718e+00 4.880000000000000426e+01 6.650733235426775332e-04 -6.492508109309571077e-03
7.779583718671023718e+00 4.890000000000000568e+01 -3.587210138456635444e-04 -1.028150881515675044e-04
7.779583718671023718e+00 4.900000000000000000e+01 2.817011806494272667e-05 2.310957751466459831e-05
7.779583718671023718e+00 4.910000000000000142e+01 -6.301228277364141555e-05 -5.373493264511984926e-05
7.779583718671023718e+00 4.920000000000000284e+01 -1.632900410254789568e-04 1.648591389377952222e-03
7.779583718671023718e+00 4.930000000000000426e+01 1.012013888750053388e-02 1.102865486751874492e-02
7.779583718671023718e+00 4.940000000000000568e+01 1.781044542994708255e-02 1.633259403017226982e-02
7.779583718671023718e+00 4.950000000000000000e+01 7.439632490006687845e-03 3.622739640787247736e-03
7.779583718671023718e+00 4.960000000000000142e+01 3.846004364054439787e-04 -3.747077504873450688e-04
7.779583718671023718e+00 4.970000000000000284e+01 -4.008483851676710678e-05 7.195565637191074486e-06
7.779583718671023718e+00 4.980000000000000426e+01 5.858496447819956258e-05 -1.263211828582357340e-05
7.779583718671023718e+00 4.990000000000000568e+01 -9.349948561297945259e-04 -5.668293906402735232e-04
7.779583718671023718e+00 5.000000000000000000e+01 -1.117904151203756753e-02 5.201802584453379952e-03
7.779583718671023718e+00 5.010000000000000142e+01 -2.060495675279663125e-02 1.346556069578877003e-02
7.779583718671023718e+00 5.020000000000000284e+01 -7.213817426393526362e-03 7.514739749119984241e-03
7.779583718671023718e+00 5.030000000000000426e+01 2.344278201032687120e-04 7.415293176363746625e-04
7.779583718671023718e+00 5.040000000000000568e+01 2.019225222254336348e-05 -4.179745663889265295e-05
7.779583718671023718e+00 5.050000000000000000e+01 -2.023125795510954318e-05 3.829563293753097117e-05
7.779583718671023718e+00 5.060000000000000142e+01 6.043797757969504927e-04 -3.316505730471257674e-04
7.779583718671023718e+00 5.070000000000000284e+01 -9.902951494022928149e-04 -9.636694703821422486e-03
7.779583718671023718e+00 5.080000000000000426e+01 -6.450523623697424977e-03 -2.333283417945845525e-02
7.779583718671023718e+00 5.090000000000000568e+01 -5.519826927031886397e-03 -1.163316581744159792e-02
7.779583718671023718e+00 5.100000000000000000e+01 -1.156750220038477465e-03 -2.592272246997493704e-04
7.779583718671023718e+00 5.110000000000000142e+01 2.689410480802094226e-05 5.296284768566137578e-05
7.779583718671023718e+00 5.120000000000000284e+01 -1.414281979593587935e-05 -3.059054143528351302e-05
7.779583718671023718e+00 5.130000000000000426e+01 -2.629010514141645813e-05 4.242961869782146001e-04
7.779583718671023718e+00 5.140000000000000568e+01 6.900982427559370670e-03 2.152274406441468616e-03
7.779583718671023718e+00 5.150000000000000000e+01 2.304185842324776162e-02 1.099074221063258208e-03
7.779583718671023718e+00 5.160000000000000142e+01 1.519489231133980787e-02 -6.129071623175940363e-04
7.779583718671023718e+00 5.170000000000000284e+01 1.185234785211329621e-03 -1.313682760116336020e-03
7.779583718671023718e+00 5.180000000000000426e+01 -8.059462392822949717e-05 -1.914877564016461840e-05
7.779583718671023718e+00 5.190000000000000568e+01 2.928929815269664072e-05 8.081990975846322134e-06
7.779583718671023718e+00 5.200000000000000000e+01 -2.412053406233546416e-04 -1.544743693717428397e-04
7.779583718671023718e+00 5.210000000000000142e+01 -3.183055616083362450e-03 4.364387658482299023e-03
7.779583718671023718e+00 5.220000000000000284e+01 -6.623140735640631327e-03 2.034893513894167269e-02
7.779583718671023718e+00 5.230000000000000426e+01 -4.281784313376303490e-03 1.663247553942361068e-02
7.779583718671023718e+00 5.240000000000000568e+01 8.902493653900761268e-04 2.363425130557936585e-03
7.779583718671023718e+00 5.250000000000000000e+01 8.845793649603463430e-05 -7.200946265372305246e-05
7.779583718671023718e+00 5.260000000000000142e+01 -2.278684755211985157e-05 1.477899803981887806e-05
7.779583718671023718e+00 5.270000000000000284e+01 1.756858642227225153e-04 -6.884927344671915679e-05
7.779583718671023718e+00 5.280000000000000426e+01 -2.185096435770426341e-03 -3.378509596872093877e-03
7.779583718671023718e+00 5.290000000000000568e+01 -1.746502833266093402e-02 -9.874265213264069724e-03
7.779583718671023718e+00 5.300000000000000000e+01 -1.719885463710387613e-02 -8.361242622556705473e-03
7.779583718671023718e+00 5.310000000000000142e+01 -3.419192637922023083e-03 2.764607669907728879e-04
7.779583718671023718e+00 5.320000000000000284e+01 2.956843631348923311e-05 1.519366996412646587e-04
7.779583718671023718e+00 5.330000000000000426e+01 6.850868804221319589e-07 -2.476172187439533480e-05
7.779583718671023718e+00 5.340000000000000568e+01 -1.580176880199700253e-05 1.169832311805859469e-04
7.779583718671023718e+00 5.350000000000000000e+01 2.630242699805879127e-03 -5.248231196626863349e-04
7.779583718671023718e+00 5.360000000000000142e+01 1.268772443797199466e-02 -1.200845883212196472e-02
7.779583718671023718e+00 5.370000000000000284e+01 1.457119628309995647e-02 -1.494090387269637540e-02
7.779583718671023718e+00 5.380000000000000426e+01 1.616262150228557713e-03 -4.586275037131983152e-03
7.779583718671023718e+00 5.390000000000000568e+01 -2.207218850267127534e-04 -8.152415699751259311e-05
7.779583718671023718e+00 5.400000000000000000e+01 2.073946284037740581e-05 1.557782654321415830e-05
7.779583718671023718e+00 5.410000000000000142e+01 -6.155238387024061721e-05 -5.280315212037784735e-05
7.779583718671023718e+00 5.420000000000000284e+01 -3.384541844121417213e-04 1.786472013945632946e-03
7.779583718671023718e+00 5.430000000000000426e+01 7.283843525642227576e-03 1.284722535143074419e-02
7.779583718671023718e+00 5.440000000000000568e+01 1.071130620326110269e-02 1.830590153190448863e-02
7.779583718671023718e+00 5.450000000000000000e+01 4.612724497574486292e-03 4.162507221937511957e-03
7.779583718671023718e+00 5.460000000000000142e+01 2.845749380728967081e-04 -1.927839689385460974e-04
7.779583718671023718e+00 5.470000000000000284e+01 -2.846602609604540062e-05 4.040641030650604187e-06
7.779583718671023718e+00 5.480000000000000426e+01 5.727317517141681960e-05 -1.088258249289559442e-05
7.779583718671023718e+00 5.490000000000000568e+01 -9.917434852654328798e-04 -7.442873559280509732e-04
7.779583718671023718e+00 5.500000000000000000e+01 -1.239663698622354808e-02 2.651601078213907531e-03
7.779583718671023718e+00 5.510000000000000142e+01 -2.124756070623121107e-02 6.189944405224236286e-03
7.779583718671023718e+00 5.520000000000000284e+01 -6.976798276140624457e-03 3.999497415795992550e-03
7.779583718671023718e+00 5.530000000000000426e+01 5.210486092006778077e-05 5.049524787896676617e-04
7.779583718671023718e+00 5.540000000000000568e+01 1.506047448020808192e-05 -2.797782114209932040e-05
7.779583718671023718e+00 5.550000000000000000e+01 -1.794305119727039249e-05 3.584933492268665934e-05
7.779583718671023718e+00 5.560000000000000142e+01 7.147592449115614411e-04 -2.979147220407694398e-04
7.779583718671023718e+00 5.570000000000000284e+01 1.179058793904256544e-03 -1.007045307458660950e-02
7.779583718671023718e+00 5.580000000000000426e+01 1.587608211443234676e-04 -2.242225679425463233e-02
7.779583718671023718e+00 5.590000000000000568e+01 -1.841640193982009566e-03 -1.013951321406481726e-02
7.779583718671023718e+00 5.600000000000000000e+01 -7.397692790458355221e-04 -2.729514120779310865e-04
7.779583718671023718e+00 5.610000000000000142e+01 1.978522916987149625e-05 3.590077012915698462e-05
7.779583718671023718e+00 5.620000000000000284e+01 -1.680659011853771948e-05 -2.799455606405036574e-05
7.779583718671023718e+00 5.630000000000000426e+01 1.784201370306332150e-05 5.168700959380380074e-04
7.779583718671023718e+00 5.640000000000000568e+01 7.562587146916685370e-03 2.553279090210620970e-03
7.779583718671023718e+00 5.650000000000000000e+01 2.098091638739600640e-02 3.819248990425697533e-03
7.779583718671023718e+00 5.660000000000000142e+01 1.187739635490732068e-02 1.040801754056496766e-03
7.779583718671023718e+00 5.670000000000000284e+01 8.163487041600030365e-04 -7.734421736933153177e-04
7.779583718671023718e+00 5.680000000000000426e+01 -5.104265325744216920e-05 -9.382870313498226236e-06
7.779583718671023718e+00 5.690000000000000568e+01 2.597594307592381930e-05 3.467719319652203243e-06
7.779583718671023718e+00 5.700000000000000000e+01 -2.953626668530275729e-04 -1.556280889188257205e-04
7.779583718671023718e+00 5.710000000000000142e+01 -3.776337301537347011e-03 4.935740602379467580e-03
7.779583718671023718e+00 5.720000000000000284e+01 -7.792318838191023000e-03 1.947614226362317028e-02
7.779583718671023718e+00 5.730000000000000426e+01 -4.370607341514303260e-03 1.354678324140112106e-02
7.779583718671023718e+00 5.740000000000000568e+01 7.031063555924541367e-04 1.486936489073672953e-03
7.779583718671023718e+00 5.750000000000000000e+01 4.147218293063681681e-05 -5.402688491826393116e-05
7.779583718671023718e+00 5.760000000000000142e+01 -1.330077988756476195e-05 1.687313970769404144e-05
7.779583718671023718e+00 5.770000000000000284e+01 1.666205695088417789e-04 -1.182757270307300678e-04
7.779583718671023718e+00 5.780000000000000426e+01 -2.531705171614998667e-03 -3.585969884870373204e-03
7.779583718671023718e+00 5.790000000000000568e+01 -1.534771069369162029e-02 -1.097284516935175328e-02
7.779583718671023718e+00 5.800000000000000000e+01 -1.291375006161367411e-02 -9.174752325946902709e-03
7.779583718671023718e+00 5.810000000000000142e+01 -2.362429804426847274e-03 -3.271131851546081815e-05
7.779583718671023718e+00 5.820000000000000284e+01 2.849186808742492326e-05 9.376901137935625473e-05
7.779583718671023718e+00 5.830000000000000426e+01 -4.749943357880847862e-06 -2.003073733039797676e-05
7.779583718671023718e+00 5.840000000000000568e+01 1.262117763375677569e-05 1.401853798901104718e-04
7.779583718671023718e+00 5.850000000000000000e+01 3.097372460096902563e-03 -1.051513392065612194e-03
7.779583718671023718e+00 5.860000000000000142e+01 1.249710849040473054e-02 -1.210274106632742291e-02
7.779583718671023718e+00 5.870000000000000284e+01 1.247576486151337656e-02 -1.195415211275807806e-02
7.779583718671023718e+00 5.880000000000000426e+01 1.023819777391857949e-03 -3.011474525430481771e-03
7.779583718671023718e+00 5.890000000000000568e+01 -1.290790991169133686e-04 -3.196166418041155742e-05
7.779583718671023718e+00 5.900000000000000000e+01 1.685005147317421973e-05 8.037280588035612227e-06
7.779583718671023718e+00 5.910000000000000142e+01 -7.612936297357741238e-05 -4.304549617698395867e-05
7.779583718671023718e+00 5.920000000000000284e+01 -2.263501416874859351e-04 2.161023962626873376e-03
7.779583718671023718e+00 5.930000000000000426e+01 6.718797880339210694e-03 1.364152909870467931e-02
7.779583718671023718e+00 5.940000000000000568e+01 8.108795547137385984e-03 1.708481705330107750e-02
7.779583718671023718e+00 5.950000000000000000e+01 3.332202386968603249e-03 3.077685602472094058e-03
7.779583718671023718e+00 5.960000000000000142e+01 1.498285149286974897e-04 -1.460816937737019255e-04
7.779583718671023718e+00 5.970000000000000284e+01 -1.823583328139118849e-05 9.892485733955789823e-06
7.779583718671023718e+00 5.980000000000000426e+01 5.375734508990453531e-05 -3.222687335287251724e-05
7.779583718671023718e+00 5.990000000000000568e+01 -1.370588554973220649e-03 -6.288373369799541779e-04
