3.646679868127042479e+00 0.000000000000000000e+00 1.000000000000000000e+00 -0.000000000000000000e+00
3.646679868127042479e+00 1.000000000000000056e-01 4.491668365886435366e-01 -2.058148358698443647e-01
3.646679868127042479e+00 2.000000000000000111e-01 3.261565394455422009e-03 -7.923473649227655291e-02
3.646679868127042479e+00 3.000000000000000444e-01 -1.076791055355110112e-02 5.270754964365246403e-03
3.646679868127042479e+00 4.000000000000000222e-01 9.785708526868875518e-03 1.237978732158304942e-03
3.646679868127042479e+00 5.000000000000000000e-01 -2.114480056118366383e-02 -4.516141861838993826e-02
3.646679868127042479e+00 6.000000000000000888e-01 -2.767328935872258033e-01 -6.457681593225086079e-03
3.646679868127042479e+00 7.000000000000000666e-01 -4.939696879866672941e-01 9.936317213827949857e-02
3.646679868127042479e+00 8.000000000000000444e-01 -2.578779290797767465e-01 8.294468155063301762e-02
3.646679868127042479e+00 9.000000000000000222e-01 -2.105019963160345564e-02 4.053846977560540688e-02
3.646679868127042479e+00 1.000000000000000000e+00 5.791820299726054347e-03 1.316840952301972199e-03
3.646679868127042479e+00 1.100000000000000089e+00 -2.498415044872290269e-03 -2.944568146252233686e-03
3.646679868127042479e+00 1.200000000000000178e+00 -4.498967944433293273e-03 1.910484091782758270e-02
3.646679868127042479e+00 1.300000000000000044e+00 1.160911002841900214e-01 8.105877262443730857e-02
3.646679868127042479e+00 1.400000000000000133e+00 3.164785981697783579e-01 1.265472591784418677e-01
3.646679868127042479e+00 1.500000000000000000e+00 2.121752869463761348e-01 8.609628947316905201e-02
3.646679868127042479e+00 1.600000000000000089e+00 4.367418512410951165e-02 -8.693068496147560512e-03
3.646679868127042479e+00 1.700000000000000178e+00 -1.371688204078411535e-03 -4.911645439667268812e-03
3.646679868127042479e+00 1.800000000000000044e+00 -9.150663597875625596e-04 2.127152753219030325e-03
3.646679868127042479e+00 1.900000000000000133e+00 9.225616390406811765e-03 -3.359684967449317206e-03
3.646679868127042479e+00 2.000000000000000000e+00 -1.121627523148074380e-02 -8.257220425070185832e-02
3.646679868127042479e+00 2.100000000000000089e+00 -1.117850317269710320e-01 -2.358034595115675591e-01
3.646679868127042479e+00 2.200000000000000178e+00 -7.976603655622642453e-02 -2.045065253405270178e-01
3.646679868127042479e+00 2.300000000000000266e+00 -3.620211980471291918e-02 -3.590831723734111414e-02
3.646679868127042479e+00 2.400000000000000355e+00 -4.243749832199012612e-03 3.446802374119254352e-03
3.646679868127042479e+00 2.500000000000000000e+00 1.718428320597464301e-03 9.736693566182100105e-05
3.646679868127042479e+00 2.600000000000000089e+00 -4.004651075973050464e-03 -3.836198037109675007e-03
3.646679868127042479e+00 2.700000000000000178e+00 -3.669488188875712903e-02 3.607263653002497350e-02
3.646679868127042479e+00 2.800000000000000266e+00 -7.457427221203408174e-02 1.929430686209521462e-01
3.646679868127042479e+00 2.900000000000000355e+00 -9.855577526202276284e-02 1.941132617175296560e-01
3.646679868127042479e+00 3.000000000000000000e+00 -1.209669073266676255e-02 6.047174296004596827e-02
3.646679868127042479e+00 3.100000000000000089e+00 5.802257401768107399e-03 3.119101845192785542e-03
3.646679868127042479e+00 3.200000000000000178e+00 -3.652093569426468462e-04 -1.429710767407938680e-03
3.646679868127042479e+00 3.300000000000000266e+00 -1.235380098313895334e-03 3.163309781646776817e-03
3.646679868127042479e+00 3.400000000000000355e+00 3.145107186103932029e-02 6.860747477922237748e-03
3.646679868127042479e+00 3.500000000000000000e+00 1.536827668632762545e-01 -5.692136218264585296e-02
3.646679868127042479e+00 3.600000000000000089e+00 2.089653684254692279e-01 -5.431597314516577873e-02
3.646679868127042479e+00 3.700000000000000178e+00 6.956413981750134146e-02 -2.924186727351154799e-02
3.646679868127042479e+00 3.800000000000000266e+00 7.433138747697367937e-04 -8.464384449706765026e-03
3.646679868127042479e+00 3.900000000000000355e+00 -1.212220473092222046e-03 7.270753345643700101e-04
3.646679868127042479e+00 4.000000000000000000e+00 2.226156193002074360e-03 5.416789972978921234e-05
3.646679868127042479e+00 4.100000000000000533e+00 -6.261278298352152341e-03 -1.915650006399617633e-02
3.646679868127042479e+00 4.200000000000000178e+00 -1.107721714253399325e-01 -6.351832582609209799e-02
3.646679868127042479e+00 4.299999999999999822e+00 -1.751986754907425836e-01 -1.176581372906691930e-01
3.646679868127042479e+00 4.400000000000000355e+00 -7.753398196077056215e-02 -4.856640664248812467e-02
3.646679868127042479e+00 4.500000000000000000e+00 -1.075162168056777515e-02 3.791520223377521821e-03
3.646679868127042479e+00 4.600000000000000533e+00 1.094014188557465789e-03 1.005297124826180473e-03
3.646679868127042479e+00 4.700000000000000178e+00 -4.491881290910255172e-04 -1.494914865740960006e-03
3.646679868127042479e+00 4.800000000000000711e+00 -8.741894442269146706e-03 9.078416416229844604e-03
3.646679868127042479e+00 4.900000000000000355e+00 1.430080880603627064e-02 9.597935243085067847e-02
3.646679868127042479e+00 5.000000000000000000e+00 2.712576492380774570e-02 2.000386955004135880e-01
3.646679868127042479e+00 5.100000000000000533e+00 7.957076748296879748e-03 1.084061786700710739e-01
3.646679868127042479e+00 5.200000000000000178e+00 1.110078315356187624e-02 1.095857580697912233e-02
3.646679868127042479e+00 5.300000000000000711e+00 7.348627334539795976e-04 -1.522549228388283974e-03
3.646679868127042479e+00 5.400000000000000355e+00 -9.778530688957457612e-04 6.468408052197548944e-04
3.646679868127042479e+00 5.500000000000000000e+00 7.506314028346400789e-03 2.461722998163730011e-03
3.646679868127042479e+00 5.600000000000000533e+00 5.048869849461538883e-02 -5.081210002487100696e-02
3.646679868127042479e+00 5.700000000000000178e+00 1.228491223317626641e-01 -1.426046551897142134e-01
3.646679868127042479e+00 5.800000000000000711e+00 9.411393651491216372e-02 -8.347504059923309405e-02
3.646679868127042479e+00 5.900000000000000355e+00 6.285502441668747685e-03 -2.049861190454998691e-02
3.646679868127042479e+00 6.000000000000000000e+00 -2.036426025666581308e-03 -2.942109938921461999e-04
3.646679868127042479e+00 6.100000000000000533e+00 7.173028752132900362e-04 6.177608212655048966e-04
3.646679868127042479e+00 6.200000000000000178e+00 -4.826999189578561620e-04 -4.972794857024403700e-03
3.646679868127042479e+00 6.300000000000000711e+00 -5.053489443773787060e-02 -8.730761962290589304e-03
3.646679868127042479e+00 6.400000000000000355e+00 -1.706105028061978557e-01 1.559060096425307976e-03
3.646679868127042479e+00 6.500000000000000000e+00 -1.392370705876292414e-01 -2.457328895972097499e-02
3.646679868127042479e+00 6.600000000000000533e+00 -2.859959732170474361e-02 6.190719176793943977e-03
3.646679868127042479e+00 6.700000000000000178e+00 4.755135900799647617e-04 2.603732678364445007e-03
3.646679868127042479e+00 6.800000000000000711e+00 3.557705604794138472e-04 -7.429952249222114818e-04
3.646679868127042479e+00 6.900000000000000355e+00 -2.856333191706314847e-03 1.476934102284803299e-03
3.646679868127042479e+00 7.000000000000000000e+00 1.416281658834203129e-02 3.269780394971017606e-02
3.646679868127042479e+00 7.100000000000000533e+00 9.904643416251857069e-02 1.127028104683702320e-01
3.646679868127042479e+00 7.200000000000000178e+00 7.552633324389200487e-02 1.343441117721081712e-01
3.646679868127042479e+00 7.300000000000000711e+00 2.686457088760344988e-02 2.867671484163358125e-02
3.646679868127042479e+00 7.400000000000000355e+00 3.073253437978713809e-03 -1.788685195103300631e-03
3.646679868127042479e+00 7.500000000000000000e+00 -7.598063978862568428e-04 -1.446515367445405046e-04
3.646679868127042479e+00 7.600000000000000533e+00 1.565175820075297196e-03 1.439157728213018034e-03
3.646679868127042479e+00 7.700000000000000178e+00 1.388786835961893298e-02 -1.968149186826994787e-02
3.646679868127042479e+00 7.800000000000000711e+00 1.913111623673250175e-02 -1.263235793099072857e-01
3.646679868127042479e+00 7.900000000000000355e+00 5.707392347477216465e-02 -1.525526012185846603e-01
3.646679868127042479e+00 8.000000000000000000e+00 1.280484330786000463e-02 -4.995320590872624755e-02
3.646679868127042479e+00 8.099999999999999645e+00 -3.858081016046588287e-03 -3.068612410809056987e-03
3.646679868127042479e+00 8.200000000000001066e+00 5.500802431989134191e-05 7.808749224310451535e-04
3.646679868127042479e+00 8.300000000000000711e+00 5.950074998356217216e-04 -1.331635015126119391e-03
3.646679868127042479e+00 8.400000000000000355e+00 -1.583048948772793757e-02 -1.597206272823184503e-03
3.646679868127042479e+00 8.500000000000000000e+00 -9.059430592729608711e-02 5.344543575182773842e-02
3.646679868127042479e+00 8.599999999999999645e+00 -1.566246285576346764e-01 5.771067952075008278e-02
3.646679868127042479e+00 8.700000000000001066e+00 -6.198694039414835710e-02 2.209712514427186053e-02
3.646679868127042479e+00 8.800000000000000711e+00 -1.869563476751330338e-03 6.713886260110335687e-03
3.646679868127042479e+00 8.900000000000000355e+00 8.046102863883424937e-04 -2.788462268260514512e-04
3.646679868127042479e+00 9.000000000000000000e+00 -1.040167174864176569e-03 -1.256854311287977286e-04
3.646679868127042479e+00 9.099999999999999645e+00 3.825010417994080970e-03 9.595117251053306845e-03
3.646679868127042479e+00 9.200000000000001066e+00 7.781160221906985308e-02 3.057823378273046358e-02
3.646679868127042479e+00 9.300000000000000711e+00 1.456000253195679217e-01 7.951092932119685486e-02
3.646679868127042479e+00 9.400000000000000355e+00 6.669401439698977030e-02 4.670944079696060652e-02
3.646679868127042479e+00 9.500000000000000000e+00 9.815872326115434796e-03 -1.564117438887055456e-03
3.646679868127042479e+00 9.600000000000001421e+00 -5.644532633322077355e-04 -8.142343789816553542e-04
3.646679868127042479e+00 9.700000000000001066e+00 1.270340922328819125e-04 7.846244117513882354e-04
3.646679868127042479e+00 9.800000000000000711e+00 4.501378456502713558e-03 -4.881341319620866211e-03
3.646679868127042479e+00 9.900000000000000355e+00 -1.686519126001060839e-02 -6.186767178183320837e-02
3.646679868127042479e+00 1.000000000000000000e+01 -3.506555824482198574e-02 -1.560503426116121028e-01
3.646679868127042479e+00 1.010000000000000142e+01 -2.845244520956389817e-03 -9.743429048408684678e-02
3.646679868127042479e+00 1.020000000000000107e+01 -8.212039172017123606e-03 -1.152255989816405521e-02
3.646679868127042479e+00 1.030000000000000071e+01 -7.680637431684444625e-04 9.537758298825001983e-04
3.646679868127042479e+00 1.040000000000000036e+01 5.843627907724121238e-04 -2.647343754494062415e-04
3.646679868127042479e+00 1.050000000000000000e+01 -4.030829321523835863e-03 -1.385022483642909868e-03
3.646679868127042479e+00 1.060000000000000142e+01 -3.020033325955987294e-02 3.663467878287023083e-02
3.646679868127042479e+00 1.070000000000000107e+01 -8.814585639762456681e-02 1.207448322537307273e-01
3.646679868127042479e+00 1.080000000000000071e+01 -8.706850629871824843e-02 7.180959104936171511e-02
3.646679868127042479e+00 1.090000000000000036e+01 -8.852872967192901635e-03 1.786075951433599082e-02
3.646679868127042479e+00 1.100000000000000000e+01 1.484569136401812624e-03 5.812440972978973530e-04
3.646679868127042479e+00 1.110000000000000142e+01 -3.483622349592409837e-04 -4.303283505892550593e-04
3.646679868127042479e+00 1.120000000000000107e+01 1.424767843271560071e-04 2.755786119642026841e-03
3.646679868127042479e+00 1.130000000000000071e+01 3.377841818111464167e-02 3.508188439673959758e-03
3.646679868127042479e+00 1.140000000000000036e+01 1.349437615593876427e-01 -1.133372320481151885e-02
3.646679868127042479e+00 1.150000000000000000e+01 1.237772355853432593e-01 2.538043683050416818e-02
3.646679868127042479e+00 1.160000000000000142e+01 2.753118304873788946e-02 -1.673824520239650376e-03
3.646679868127042479e+00 1.170000000000000107e+01 1.003741729882613683e-04 -2.162821652640968279e-03
3.646679868127042479e+00 1.180000000000000071e+01 -3.065042605536003203e-04 4.109951276752144131e-04
3.646679868127042479e+00 1.190000000000000036e+01 1.672988697974119726e-03 -7.151623559434904832e-04
3.646679868127042479e+00 1.200000000000000000e+01 -1.032044839390481618e-02 -2.115339774019864977e-02
3.646679868127042479e+00 1.210000000000000142e+01 -8.408719974818777698e-02 -8.376607437198055339e-02
3.646679868127042479e+00 1.220000000000000107e+01 -6.473621744841381864e-02 -1.207494557459480589e-01
3.646679868127042479e+00 1.230000000000000071e+01 -2.138750206550458360e-02 -3.049256328855767806e-02
3.646679868127042479e+00 1.240000000000000036e+01 -2.898415305313827278e-03 9.117138405994475560e-04
3.646679868127042479e+00 1.250000000000000000e+01 4.713031321226935472e-04 1.953200157333965126e-04
3.646679868127042479e+00 1.260000000000000142e+01 -8.236916028098136607e-04 -9.201653324767873360e-04
3.646679868127042479e+00 1.270000000000000107e+01 -8.859537687177461429e-03 1.316048390377104992e-02
3.646679868127042479e+00 1.280000000000000071e+01 -9.305189038587482336e-03 1.001604827025879274e-01
3.646679868127042479e+00 1.290000000000000036e+01 -5.227354209004948099e-02 1.340211224023461212e-01
3.646679868127042479e+00 1.300000000000000000e+01 -1.820341271016202855e-02 4.538507948084315874e-02
3.646679868127042479e+00 1.310000000000000142e+01 2.753730865301970941e-03 3.372234328532629048e-03
3.646679868127042479e+00 1.320000000000000107e+01 7.744154189997361703e-05 -5.395160802576253909e-04
3.646679868127042479e+00 1.330000000000000071e+01 -4.461207756915809455e-04 7.481820468131878885e-04
3.646679868127042479e+00 1.340000000000000036e+01 1.039749003207117613e-02 1.066525207565247133e-03
3.646679868127042479e+00 1.350000000000000000e+01 6.880402899580702336e-02 -4.525359588535964039e-02
3.646679868127042479e+00 1.360000000000000142e+01 1.377690787373559433e-01 -4.945014450241456971e-02
3.646679868127042479e+00 1.370000000000000107e+01 6.062835192225284747e-02 -1.372275816864306636e-02
3.646679868127042479e+00 1.380000000000000071e+01 2.907943150185336896e-03 -5.598580231913726640e-03
3.646679868127042479e+00 1.390000000000000036e+01 -6.175623704299653413e-04 7.216381345789440766e-05
3.646679868127042479e+00 1.400000000000000000e+01 6.236862876060269168e-04 1.633096984025321139e-04
3.646679868127042479e+00 1.410000000000000142e+01 -2.386361956041626979e-03 -6.339754249953015279e-03
3.646679868127042479e+00 1.420000000000000107e+01 -6.130098418601673260e-02 -2.152993366383364540e-02
3.646679868127042479e+00 1.430000000000000071e+01 -1.265973065249055285e-01 -7.006579009646217437e-02
3.646679868127042479e+00 1.440000000000000036e+01 -5.744281179047500824e-02 -5.052881219403091567e-02
3.646679868127042479e+00 1.450000000000000000e+01 -9.146517997723381185e-03 -3.613005609891482557e-04
3.646679868127042479e+00 1.460000000000000142e+01 2.849000811806721967e-04 7.005219677816861262e-04
3.646679868127042479e+00 1.470000000000000107e+01 -5.617676576983210608e-06 -5.050209410213355203e-04
3.646679868127042479e+00 1.480000000000000071e+01 -3.081738638607832079e-03 3.086011291097584021e-03
3.646679868127042479e+00 1.490000000000000036e+01 1.421490227592825395e-02 4.743975108456025686e-02
3.646679868127042479e+00 1.500000000000000000e+01 3.007016780477725706e-02 1.354068473648481485e-01
3.646679868127042479e+00 1.510000000000000142e+01 -6.402025285065104758e-03 9.061856139205548555e-02
3.646679868127042479e+00 1.520000000000000107e+01 5.509016203482329337e-03 1.196601515753216612e-02
3.646679868127042479e+00 1.530000000000000071e+01 7.577745384163570843e-04 -6.066179613962466256e-04
3.646679868127042479e+00 1.540000000000000036e+01 -4.057560779759531778e-04 1.108604769521525832e-04
3.646679868127042479e+00 1.550000000000000000e+01 2.600527635118869869e-03 1.061860705775582482e-03
3.646679868127042479e+00 1.560000000000000142e+01 2.276090811904335834e-02 -2.838866863589003739e-02
3.646679868127042479e+00 1.570000000000000107e+01 7.616971452284150568e-02 -1.039919513673074614e-01
3.646679868127042479e+00 1.580000000000000071e+01 8.620491315851255831e-02 -5.885562758988167192e-02
3.646679868127042479e+00 1.590000000000000036e+01 1.113899370654111015e-02 -1.499978309706818946e-02
3.646679868127042479e+00 1.600000000000000000e+01 -1.086544081735426638e-03 -7.236844551997659476e-04
3.646679868127042479e+00 1.610000000000000142e+01 1.837359648734351934e-04 3.268842350761047913e-04
3.646679868127042479e+00 1.619999999999999929e+01 3.664843896680939988e-05 -1.829871911147028544e-03
3.646679868127042479e+00 1.630000000000000071e+01 -2.571498277745653746e-02 -2.567432743806113190e-03
3.646679868127042479e+00 1.640000000000000213e+01 -1.156854138270010518e-01 9.358275642708049208e-03
3.646679868127042479e+00 1.650000000000000000e+01 -1.113170209303384617e-01 -3.261675719637679993e-02
3.646679868127042479e+00 1.660000000000000142e+01 -2.577333645536602352e-02 -2.845292927161819242e-03
3.646679868127042479e+00 1.669999999999999929e+01 -4.624865477400109167e-04 1.762903911234947217e-03
3.646679868127042479e+00 1.680000000000000071e+01 2.610570560771342330e-04 -2.453562955588915566e-04
3.646679868127042479e+00 1.690000000000000213e+01 -1.156548274094971194e-03 3.804495320839109914e-04
3.646679868127042479e+00 1.700000000000000000e+01 7.688529473576765846e-03 1.607591501088986852e-02
3.646679868127042479e+00 1.710000000000000142e+01 7.157442141081649112e-02 7.171331179514006671e-02
3.646679868127042479e+00 1.719999999999999929e+01 5.047286210579977200e-02 1.141555260405765909e-01
3.646679868127042479e+00 1.730000000000000071e+01 1.515405307738378754e-02 3.153166200694035304e-02
3.646679868127042479e+00 1.740000000000000213e+01 2.602426951679980179e-03 -2.500879888587252838e-04
3.646679868127042479e+00 1.750000000000000000e+01 -3.080748393841618187e-04 -1.994290518868563203e-04
3.646679868127042479e+00 1.760000000000000142e+01 4.920806418354835158e-04 6.714242536222812720e-04
3.646679868127042479e+00 1.769999999999999929e+01 6.871633147558567183e-03 -9.733808766081894145e-03
3.646679868127042479e+00 1.780000000000000071e+01 8.662022440575116444e-03 -8.500591665178454381e-02
3.646679868127042479e+00 1.790000000000000213e+01 5.572731478263016208e-02 -1.178646989793723787e-01
3.646679868127042479e+00 1.800000000000000000e+01 2.342492194255515678e-02 -3.938818873887091343e-02
3.646679868127042479e+00 1.810000000000000142e+01 -1.771458647527123127e-03 -3.382129075814248754e-03
3.646679868127042479e+00 1.819999999999999929e+01 -1.304180955901882550e-04 3.825460402342099994e-04
3.646679868127042479e+00 1.830000000000000071e+01 3.599643960759978437e-04 -4.739644846878603266e-04
3.646679868127042479e+00 1.840000000000000213e+01 -7.751143091531795433e-03 -1.023712574787329901e-03
3.646679868127042479e+00 1.850000000000000000e+01 -5.854636972179464577e-02 3.767362016077339254e-02
3.646679868127042479e+00 1.860000000000000142e+01 -1.268972006189022506e-01 3.643398582934335994e-02
3.646679868127042479e+00 1.869999999999999929e+01 -5.783968162152403752e-02 4.240860214972336749e-03
3.646679868127042479e+00 1.880000000000000071e+01 -3.523182243913521028e-03 4.361889940182062282e-03
3.646679868127042479e+00 1.890000000000000213e+01 4.728287428530256816e-04 3.533723153293277710e-05
3.646679868127042479e+00 1.900000000000000000e+01 -4.143856762026787823e-04 -1.636921606518472710e-04
3.646679868127042479e+00 1.910000000000000142e+01 1.561626451089431853e-03 4.783891301545816280e-03
3.646679868127042479e+00 1.920000000000000284e+01 5.122135787917574123e-02 1.900442906101355162e-02
3.646679868127042479e+00 1.930000000000000071e+01 1.094730098828948367e-01 7.014518762406120322e-02
3.646679868127042479e+00 1.940000000000000213e+01 4.610348129633164149e-02 5.426321762101869728e-02
3.646679868127042479e+00 1.950000000000000000e+01 8.017767045457944997e-03 1.952849356949317534e-03
3.646679868127042479e+00 1.960000000000000142e+01 -1.135396929326112317e-04 -5.803817067566665764e-04
3.646679868127042479e+00 1.970000000000000284e+01 -4.323111825043024031e-05 3.509218514240859893e-04
3.646679868127042479e+00 1.980000000000000071e+01 2.414985952992484541e-03 -2.155219026399226440e-03
3.646679868127042479e+00 1.990000000000000213e+01 -1.090717934969307433e-02 -4.001240046319461119e-02
3.646679868127042479e+00 2.000000000000000000e+01 -1.951342909955670196e-02 -1.227048331450643209e-01
3.646679868127042479e+00 2.010000000000000142e+01 1.735363047500619246e-02 -8.253129108860449148e-02
3.646679868127042479e+00 2.020000000000000284e+01 -2.825038084531078086e-03 -1.160354483529303475e-02
3.646679868127042479e+00 2.030000000000000071e+01 -6.849259013133383823e-04 3.610137266767711461e-04
3.646679868127042479e+00 2.040000000000000213e+01 2.982746651845242809e-04 -3.766861359972274818e-05
3.646679868127042479e+00 2.050000000000000000e+01 -1.873202395037882858e-03 -9.158960888818400668e-04
3.646679868127042479e+00 2.060000000000000142e+01 -1.959496802712484137e-02 2.324034942140225379e-02
3.646679868127042479e+00 2.070000000000000284e+01 -7.318874680931368448e-02 8.903269615370773549e-02
3.646679868127042479e+00 2.080000000000000071e+01 -8.562747554584478060e-02 4.373786423545093782e-02
3.646679868127042479e+00 2.090000000000000213e+01 -1.247190473690399856e-02 1.153400814405975382e-02
3.646679868127042479e+00 2.100000000000000000e+01 7.539732862072125652e-04 7.437124161288764714e-04
3.646679868127042479e+00 2.110000000000000142e+01 -9.794971253616428775e-05 -2.537342188691476120e-04
3.646679868127042479e+00 2.120000000000000284e+01 -1.254364871801451667e-04 1.352342192233574629e-03
3.646679868127042479e+00 2.130000000000000071e+01 2.130151357636449541e-02 2.746025753280234225e-03
3.646679868127042479e+00 2.140000000000000213e+01 1.035091881699955058e-01 -2.808202752795470585e-03
3.646679868127042479e+00 2.150000000000000000e+01 9.768567928032993730e-02 4.206526450138640266e-02
3.646679868127042479e+00 2.160000000000000142e+01 2.261474638268444123e-02 6.823872234482462884e-03
3.646679868127042479e+00 2.170000000000000284e+01 6.551536783229649705e-04 -1.352529817381782802e-03
3.646679868127042479e+00 2.180000000000000071e+01 -2.171623831633446590e-04 1.496284480427320499e-04
3.646679868127042479e+00 2.190000000000000213e+01 8.754444874932037525e-04 -2.122332769567726325e-04
3.646679868127042479e+00 2.200000000000000000e+01 -5.854081924196938291e-03 -1.349728402159683545e-02
3.646679868127042479e+00 2.210000000000000142e+01 -5.988885219888284706e-02 -6.720200005353714479e-02
3.646679868127042479e+00 2.220000000000000284e+01 -3.337713806706382735e-02 -1.093439392821518447e-01
3.646679868127042479e+00 2.230000000000000071e+01 -8.356085117240149088e-03 -3.080557490204795593e-02
3.646679868127042479e+00 2.240000000000000213e+01 -2.184132368595769879e-03 -2.180527012288405566e-04
3.646679868127042479e+00 2.250000000000000000e+01 2.030231367590337147e-04 1.836523152290319739e-04
3.646679868127042479e+00 2.260000000000000142e+01 -3.193124041116200164e-04 -5.301187680764062916e-04
3.646679868127042479e+00 2.270000000000000284e+01 -5.994144838111458568e-03 7.724852482646406282e-03
3.646679868127042479e+00 2.280000000000000071e+01 -1.196059134292263605e-02 7.496981969342209062e-02
3.646679868127042479e+00 2.290000000000000213e+01 -6.344547380199952458e-02 1.006555622991087001e-01
3.646679868127042479e+00 2.300000000000000000e+01 -2.770302726827629167e-02 3.153818831501048470e-02
3.646679868127042479e+00 2.310000000000000142e+01 8.874310602509747226e-04 3.122263657901340732e-03
3.646679868127042479e+00 2.320000000000000284e+01 1.454415145016510057e-04 -2.699974298679537433e-04
3.646679868127042479e+00 2.330000000000000071e+01 -3.009961057039557230e-04 3.233820098708185061e-04
3.646679868127042479e+00 2.340000000000000213e+01 6.284352424455653778e-03 1.193240875550680060e-03
3.646679868127042479e+00 2.350000000000000000e+01 5.397252188759608937e-02 -2.982281219612606740e-02
3.646679868127042479e+00 2.360000000000000142e+01 1.191629539371400759e-01 -1.905577448759545114e-02
3.646679868127042479e+00 2.370000000000000284e+01 5.285746004884695620e-02 5.862780266352697438e-03
3.646679868127042479e+00 2.380000000000000071e+01 3.755645877442477781e-03 -3.067364880617315989e-03
3.646679868127042479e+00 2.390000000000000213e+01 -3.545217779860234254e-04 -8.866010806043567573e-05
3.646679868127042479e+00 2.400000000000000000e+01 2.949799384274129897e-04 1.567304453903483534e-04
3.646679868127042479e+00 2.410000000000000142e+01 -1.023310572645162557e-03 -3.992247643911875192e-03
3.646679868127042479e+00 2.420000000000000284e+01 -4.419001008103649875e-02 -2.001659864848923803e-02
3.646679868127042479e+00 2.430000000000000071e+01 -9.188743944791964713e-02 -7.543457796385229230e-02
3.646679868127042479e+00 2.440000000000000213e+01 -3.250709963346447989e-02 -5.662716015930533558e-02
3.646679868127042479e+00 2.450000000000000000e+01 -6.493670616252063266e-03 -3.142155920363051171e-03
3.646679868127042479e+00 2.460000000000000142e+01 5.864535368902419481e-06 4.638786945474783745e-04
3.646679868127042479e+00 2.470000000000000284e+01 6.450399003146107071e-05 -2.599524205118221754e-04
3.646679868127042479e+00 2.480000000000000071e+01 -2.093393070588081637e-03 1.615045159238536919e-03
3.646679868127042479e+00 2.490000000000000213e+01 6.990164655563731871e-03 3.617703095925408480e-02
3.646679868127042479e+00 2.500000000000000000e+01 3.967320159094425876e-03 1.139531057757494636e-01
3.646679868127042479e+00 2.510000000000000142e+01 -2.982166929339085878e-02 7.160237752490637708e-02
3.646679868127042479e+00 2.520000000000000284e+01 1.363715317994831520e-04 1.060475469002964376e-02
3.646679868127042479e+00 2.530000000000000071e+01 5.974962279824623220e-04 -1.724808292979719299e-04
3.646679868127042479e+00 2.540000000000000213e+01 -2.281364020765984553e-04 -4.226779882550135614e-06
3.646679868127042479e+00 2.550000000000000000e+01 1.450754444155977685e-03 8.806806282126184316e-04
3.646679868127042479e+00 2.560000000000000142e+01 1.918764282003531871e-02 -1.890880615197187281e-02
3.646679868127042479e+00 2.570000000000000284e+01 7.758756287894656711e-02 -7.224112880914759782e-02
3.646679868127042479e+00 2.580000000000000071e+01 8.572005541453704691e-02 -2.453484769931741152e-02
3.646679868127042479e+00 2.590000000000000213e+01 1.329035224920615751e-02 -7.462496876110437556e-03
3.646679868127042479e+00 2.600000000000000000e+01 -4.702650105379707623e-04 -7.314277171776280371e-04
3.646679868127042479e+00 2.610000000000000142e+01 4.200854224042809736e-05 2.036220060342958213e-04
3.646679868127042479e+00 2.620000000000000284e+01 2.273886716067874078e-04 -1.072314657520412459e-03
3.646679868127042479e+00 2.630000000000000071e+01 -1.851330073275886737e-02 -4.426981052970549793e-03
3.646679868127042479e+00 2.640000000000000213e+01 -9.475517137476754947e-02 -1.066009129774092914e-02
3.646679868127042479e+00 2.650000000000000000e+01 -8.146318124099886926e-02 -5.633412689407110707e-02
3.646679868127042479e+00 2.660000000000000142e+01 -1.852112211492037627e-02 -1.075704246163387487e-02
3.646679868127042479e+00 2.670000000000000284e+01 -7.812129179232998573e-04 9.752640127106706157e-04
3.646679868127042479e+00 2.680000000000000071e+01 1.858096876641968760e-04 -8.539419493700612859e-05
3.646679868127042479e+00 2.690000000000000213e+01 -7.239537588364555309e-04 8.416918140970579298e-05
3.646679868127042479e+00 2.700000000000000000e+01 3.765455608677347691e-03 1.245200330216310325e-02
3.646679868127042479e+00 2.710000000000000142e+01 4.619083558815105517e-02 6.959925294809364560e-02
3.646679868127042479e+00 2.720000000000000284e+01 1.080608854691381300e-02 1.057639434217758218e-01
3.646679868127042479e+00 2.730000000000000071e+01 7.797797864160532387e-04 2.916729357022661631e-02
3.646679868127042479e+00 2.740000000000000213e+01 1.756310737273127391e-03 6.039983893083618197e-04
3.646679868127042479e+00 2.750000000000000000e+01 -1.307098117685270302e-04 -1.705255324593699280e-04
3.646679868127042479e+00 2.760000000000000142e+01 1.972880654450991816e-04 4.597521477504166228e-04
3.646679868127042479e+00 2.770000000000000284e+01 6.083881996731702567e-03 -6.203833068058977468e-03
3.646679868127042479e+00 2.780000000000000071e+01 2.084367753066031226e-02 -6.724588334855333138e-02
3.646679868127042479e+00 2.790000000000000213e+01 7.615244540176967225e-02 -8.096593454998193828e-02
3.646679868127042479e+00 2.800000000000000000e+01 3.142516551947278219e-02 -2.228286239614920422e-02
3.646679868127042479e+00 2.810000000000000142e+01 -1.283513074266869091e-04 -2.765722989812951626e-03
3.646679868127042479e+00 2.820000000000000284e+01 -1.541528623747712406e-04 1.867789541876516547e-04
3.646679868127042479e+00 2.830000000000000071e+01 2.790811110506402344e-04 -2.247340534222404067e-04
3.646679868127042479e+00 2.840000000000000213e+01 -5.366126405003275417e-03 -1.728278557078277797e-03
3.646679868127042479e+00 2.850000000000000000e+01 -5.367925750126887469e-02 2.038501520645988330e-02
3.646679868127042479e+00 2.860000000000000142e+01 -1.128189790202426823e-01 -3.114744818381816327e-03
3.646679868127042479e+00 2.870000000000000284e+01 -4.611284657528599840e-02 -1.616142227009801161e-02
3.646679868127042479e+00 2.880000000000000071e+01 -3.730481530400380635e-03 1.828145589177307189e-03
3.646679868127042479e+00 2.890000000000000213e+01 2.636750009783158429e-04 1.235514165014316883e-04
3.646679868127042479e+00 2.900000000000000000e+01 -2.176026299133609822e-04 -1.579517004036532673e-04
3.646679868127042479e+00 2.910000000000000142e+01 4.678786657368099399e-04 3.588303023450218482e-03
3.646679868127042479e+00 2.920000000000000284e+01 3.836995821095207093e-02 2.405595255928354853e-02
3.646679868127042479e+00 2.930000000000000071e+01 7.173424960272410666e-02 8.491750746720438947e-02
3.646679868127042479e+00 2.940000000000000213e+01 1.761610456412295717e-02 5.742527267208433206e-02
3.646679868127042479e+00 2.950000000000000000e+01 4.837606652651149641e-03 3.943317407173527536e-03
3.646679868127042479e+00 2.960000000000000142e+01 6.904879732337581416e-05 -3.648512921627199818e-04
3.646679868127042479e+00 2.970000000000000284e+01 -8.119252976817581120e-05 1.976951208397704650e-04
3.646679868127042479e+00 2.980000000000000071e+01 1.984256267785030475e-03 -1.175554261332168674e-03
3.646679868127042479e+00 2.990000000000000213e+01 -2.103744155465515301e-03 -3.430511930769702261e-02
3.646679868127042479e+00 3.000000000000000000e+01 1.472988167876542950e-02 -1.053440262157362833e-01
3.646679868127042479e+00 3.010000000000000142e+01 4.096375505175440385e-02 -5.829955698297219907e-02
3.646679868127042479e+00 3.020000000000000284e+01 1.888753036119834080e-03 -8.977659249233721148e-03
3.646679868127042479e+00 3.030000000000000071e+01 -4.929935875783361936e-04 4.854323931356311966e-05
3.646679868127042479e+00 3.040000000000000213e+01 1.789632641487941473e-04 2.723149739331358286e-05
3.646679868127042479e+00 3.050000000000000000e+01 -1.165411532511719276e-03 -8.972270100115152785e-04
3.646679868127042479e+00 3.060000000000000142e+01 -1.988257010797233812e-02 1.541511525608297434e-02
3.646679868127042479e+00 3.070000000000000284e+01 -8.262955411557296181e-02 5.485668302268166541e-02
3.646679868127042479e+00 3.080000000000000071e+01 -8.165457362576770961e-02 5.495367745729953617e-03
3.646679868127042479e+00 3.090000000000000213e+01 -1.273684698802843816e-02 3.821391070811603913e-03
3.646679868127042479e+00 3.100000000000000000e+01 2.651134322922577436e-04 6.426072783339878110e-04
3.646679868127042479e+00 3.110000000000000142e+01 -1.264737039666468539e-05 -1.643499752808556900e-04
3.646679868127042479e+00 3.120000000000000284e+01 -2.854739580801039225e-04 9.061821837412884113e-04
3.646679868127042479e+00 3.130000000000000071e+01 1.674781573425548550e-02 5.946920739888838202e-03
3.646679868127042479e+00 3.140000000000000213e+01 8.664056136922344831e-02 2.313936984406128258e-02
3.646679868127042479e+00 3.150000000000000000e+01 6.321710156110613155e-02 6.511221725977785202e-02
3.646679868127042479e+00 3.160000000000000142e+01 1.377550224137038919e-02 1.252158929471581215e-02
3.646679868127042479e+00 3.170000000000000284e+01 7.505439007455716634e-04 -6.588619370318280584e-04
3.646679868127042479e+00 3.180000000000000071e+01 -1.522938851803042591e-04 4.913070391655401862e-05
3.646679868127042479e+00 3.190000000000000213e+01 6.255817073477345841e-04 -1.721706178346397992e-05
3.646679868127042479e+00 3.200000000000000000e+01 -2.409819803316956468e-03 -1.191288090895603440e-02
3.646679868127042479e+00 3.210000000000000142e+01 -3.400043154387268063e-02 -7.092021320941543916e-02
3.646679868127042479e+00 3.220000000000000284e+01 8.527127356307661124e-03 -9.769433010162811848e-02
3.646679868127042479e+00 3.230000000000000426e+01 4.363657399188227565e-03 -2.513740938530396873e-02
3.646679868127042479e+00 3.239999999999999858e+01 -1.298272080670660527e-03 -7.091259839550143745e-04
3.646679868127042479e+00 3.250000000000000000e+01 8.620953530988623560e-05 1.437359000224472274e-04
3.646679868127042479e+00 3.260000000000000142e+01 -1.401129593781015549e-04 -4.040223019901621271e-04
3.646679868127042479e+00 3.270000000000000284e+01 -6.110870865473529666e-03 5.345340759764978002e-03
3.646679868127042479e+00 3.280000000000000426e+01 -2.741524750722719797e-02 6.070322595714984504e-02
3.646679868127042479e+00 3.289999999999999858e+01 -8.199900397428205867e-02 6.130679568827009096e-02
3.646679868127042479e+00 3.300000000000000000e+01 -3.068628879377297350e-02 1.395006645782337004e-02
3.646679868127042479e+00 3.310000000000000142e+01 -2.307462905460729485e-04 2.194998784822026032e-03
3.646679868127042479e+00 3.320000000000000284e+01 1.307288167315344668e-04 -1.318435305481277335e-04
3.646679868127042479e+00 3.330000000000000426e+01 -2.441212783775229672e-04 1.765528564065843879e-04
3.646679868127042479e+00 3.339999999999999858e+01 4.955909621733896667e-03 1.900629861522221001e-03
3.646679868127042479e+00 3.350000000000000000e+01 5.287646935308978891e-02 -1.398156612480165595e-02
3.646679868127042479e+00 3.360000000000000142e+01 1.021402016599443768e-01 1.982128373212132047e-02
3.646679868127042479e+00 3.370000000000000284e+01 3.722913547789529626e-02 2.174249286871752715e-02
3.646679868127042479e+00 3.380000000000000426e+01 3.212952339678207259e-03 -9.798779991156494635e-04
3.646679868127042479e+00 3.389999999999999858e+01 -1.923957425389712995e-04 -1.131246118452318921e-04
3.646679868127042479e+00 3.400000000000000000e+01 1.749149103121148312e-04 1.405873689932685177e-04
3.646679868127042479e+00 3.410000000000000142e+01 -2.819493785307977782e-04 -3.385815305763237130e-03
3.646679868127042479e+00 3.420000000000000284e+01 -3.469422785982027857e-02 -2.626409605503448805e-02
3.646679868127042479e+00 3.430000000000000426e+01 -5.444987691142611635e-02 -8.769739588339917069e-02
3.646679868127042479e+00 3.439999999999999858e+01 -6.805341425862431598e-03 -5.263611967539513076e-02
3.646679868127042479e+00 3.450000000000000000e+01 -3.409931897063752434e-03 -3.624997458982777594e-03
3.646679868127042479e+00 3.460000000000000142e+01 -7.175239092130665107e-05 2.703542117027406722e-04
3.646679868127042479e+00 3.470000000000000284e+01 6.985018161091596615e-05 -1.615792520154207042e-04
3.646679868127042479e+00 3.480000000000000426e+01 -1.875294042876695256e-03 1.077628872462146328e-03
3.646679868127042479e+00 3.489999999999999858e+01 -1.657039122813508132e-04 3.306164942380344918e-02
3.646679868127042479e+00 3.500000000000000000e+01 -2.663271375406452146e-02 9.541007514248241173e-02
3.646679868127042479e+00 3.510000000000000142e+01 -4.443769397200081350e-02 4.506225763260099382e-02
3.646679868127042479e+00 3.520000000000000284e+01 -2.488659436704503125e-03 6.989955569530732424e-03
3.646679868127042479e+00 3.530000000000000426e+01 3.720798196873103636e-04 -1.118271160996085191e-05
3.646679868127042479e+00 3.539999999999999858e+01 -1.449411850883835780e-04 -2.394703098390869595e-05
3.646679868127042479e+00 3.550000000000000000e+01 1.088447524974397052e-03 8.386210588138508226e-04
3.646679868127042479e+00 3.560000000000000142e+01 2.017855907988145778e-02 -1.406870722165539690e-02
3.646679868127042479e+00 3.570000000000000284e+01 8.301944921459818161e-02 -4.278168433991037106e-02
3.646679868127042479e+00 3.580000000000000426e+01 7.274956383367196799e-02 5.715431603474665188e-03
3.646679868127042479e+00 3.589999999999999858e+01 1.056815186024581341e-02 -1.851961523109691473e-03
3.646679868127042479e+00 3.600000000000000000e+01 -1.725781495150738244e-04 -4.866005514657154420e-04
3.646679868127042479e+00 3.610000000000000142e+01 1.176726724606260331e-05 1.313119096010584319e-04
3.646679868127042479e+00 3.620000000000000284e+01 2.376884111804380376e-04 -8.524376214491582440e-04
3.646679868127042479e+00 3.630000000000000426e+01 -1.640116814667665415e-02 -6.167946275863370881e-03
3.646679868127042479e+00 3.639999999999999858e+01 -7.931404117409715515e-02 -2.930528162806855796e-02
3.646679868127042479e+00 3.650000000000000000e+01 -4.794609793194747754e-02 -6.565084446836064180e-02
3.646679868127042479e+00 3.660000000000000142e+01 -9.969281743109990185e-03 -1.148787826916280487e-02
3.646679868127042479e+00 3.670000000000000284e+01 -5.769727428050933993e-04 4.648866518988544719e-04
3.646679868127042479e+00 3.680000000000000426e+01 1.177381793981693104e-04 -4.160831794256323316e-05
3.646679868127042479e+00 3.689999999999999858e+01 -5.711159828007652184e-04 4.243464511127547555e-05
3.646679868127042479e+00 3.700000000000000000e+01 2.386879069553274335e-03 1.183819035325853718e-02
3.646679868127042479e+00 3.710000000000000142e+01 2.727857178951604428e-02 6.992310038211305145e-02
3.646679868127042479e+00 3.720000000000000284e+01 -1.855483467465283282e-02 8.638028265396333061e-02
3.646679868127042479e+00 3.730000000000000426e+01 -5.779552446353152656e-03 2.010753454081360900e-02
3.646679868127042479e+00 3.739999999999999858e+01 9.380930534597993909e-04 5.541000353077737105e-04
3.646679868127042479e+00 3.750000000000000000e+01 -7.047821472012314988e-05 -1.070253760778805337e-04
3.646679868127042479e+00 3.760000000000000142e+01 1.523678754487248384e-04 3.571010862810303026e-04
3.646679868127042479e+00 3.770000000000000284e+01 6.021599297818155429e-03 -5.543822218261770969e-03
3.646679868127042479e+00 3.780000000000000426e+01 2.941247043916547094e-02 -5.760228803583172796e-02
3.646679868127042479e+00 3.789999999999999858e+01 7.982297070435356856e-02 -4.732119174789443938e-02
3.646679868127042479e+00 3.800000000000000000e+01 2.640843741526866656e-02 -8.859115133153327645e-03
3.646679868127042479e+00 3.810000000000000142e+01 2.321899040331262950e-04 -1.616722230291642000e-03
3.646679868127042479e+00 3.820000000000000284e+01 -9.337634645521050334e-05 1.049727726287098958e-04
3.646679868127042479e+00 3.830000000000000426e+01 2.028373078204740896e-04 -1.788258142033174753e-04
3.646679868127042479e+00 3.840000000000000568e+01 -5.071728796364151880e-03 -1.634989998927849613e-03
3.646679868127042479e+00 3.850000000000000000e+01 -5.203349487810161877e-02 1.220576563620336639e-02
3.646679868127042479e+00 3.860000000000000142e+01 -9.097188575904231744e-02 -2.677565957186182552e-02
3.646679868127042479e+00 3.870000000000000284e+01 -2.919918082971566936e-02 -2.094137325983710593e-02
3.646679868127042479e+00 3.880000000000000426e+01 -2.371162906367978510e-03 6.719809496152105493e-04
3.646679868127042479e+00 3.890000000000000568e+01 1.460268786303408749e-04 7.203459617550042788e-05
3.646679868127042479e+00 3.900000000000000000e+01 -1.656001808585149727e-04 -1.043446034391710031e-04
3.646679868127042479e+00 3.910000000000000142e+01 5.544149473369374467e-04 3.369389790168638831e-03
3.646679868127042479e+00 3.920000000000000284e+01 3.383771579784183858e-02 2.641351660361100986e-02
3.646679868127042479e+00 3.930000000000000426e+01 4.316347394363753698e-02 8.491050033611645398e-02
3.646679868127042479e+00 3.940000000000000568e+01 1.621977010254045367e-03 4.483211488053644861e-02
3.646679868127042479e+00 3.950000000000000000e+01 2.483103905499196851e-03 2.750001118335560282e-03
3.646679868127042479e+00 3.960000000000000142e+01 3.557513321113554009e-05 -1.990528881612210190e-04
3.646679868127042479e+00 3.970000000000000284e+01 -4.158565089253281333e-05 1.448399673339243474e-04
3.646679868127042479e+00 3.980000000000000426e+01 1.789063719536167435e-03 -1.277996314583520468e-03
3.646679868127042479e+00 3.990000000000000568e+01 -5.535372244377794468e-04 -3.362215054088238397e-02
3.646679868127042479e+00 4.000000000000000000e+01 3.005092884847061080e-02 -8.774328766713357375e-02
3.646679868127042479e+00 4.010000000000000142e+01 4.041464162918911862e-02 -3.581516251015260527e-02
3.646679868127042479e+00 4.020000000000000284e+01 1.842793239342381756e-03 -5.157779341590065618e-03
3.646679868127042479e+00 4.030000000000000426e+01 -2.601720083924833520e-04 3.349913445909482424e-05
3.646679868127042479e+00 4.040000000000000568e+01 1.230361965174244095e-04 -5.051703021449974294e-07
3.646679868127042479e+00 4.050000000000000000e+01 -1.216352620236908029e-03 -6.825662005551784862e-04
3.646679868127042479e+00 4.060000000000000142e+01 -1.982197085707987361e-02 1.555070454243208215e-02
3.646679868127042479e+00 4.070000000000000284e+01 -7.939520040731490313e-02 3.727693442704350935e-02
3.646679868127042479e+00 4.080000000000000426e+01 -6.174202879542303041e-02 -9.045772243173771585e-03
3.646679868127042479e+00 4.090000000000000568e+01 -7.890156720753662214e-03 1.281737973537535767e-03
3.646679868127042479e+00 4.100000000000000000e+01 1.507827962982061329e-04 3.245858912190448622e-04
3.646679868127042479e+00 4.110000000000000142e+01 -2.721033517113884815e-05 -1.022037880940983735e-04
3.646679868127042479e+00 4.120000000000000284e+01 -1.038178064356270157e-04 8.808671066527771262e-04
3.646679868127042479e+00 4.130000000000000426e+01 1.743224429498583389e-02 5.195551453762397090e-03
3.646679868127042479e+00 4.140000000000000568e+01 7.471876249569164852e-02 3.032447418062753086e-02
3.646679868127042479e+00 4.150000000000000000e+01 3.775798132793450196e-02 5.990541021986130199e-02
3.646679868127042479e+00 4.160000000000000142e+01 7.376101963841050733e-03 8.859725126216860466e-03
3.646679868127042479e+00 4.170000000000000284e+01 3.712241479328747397e-04 -3.532986323509196649e-04
3.646679868127042479e+00 4.180000000000000426e+01 -8.645965999772864949e-05 4.818936033065394806e-05
3.646679868127042479e+00 4.190000000000000568e+01 5.550342943382117209e-04 -1.447692184776552338e-04
3.646679868127042479e+00 4.200000000000000000e+01 -3.710009474944566104e-03 -1.219703416233262894e-02
3.646679868127042479e+00 4.210000000000000142e+01 -2.588572800993462972e-02 -6.797133579681371995e-02
3.646679868127042479e+00 4.220000000000000284e+01 2.069399436498963948e-02 -7.502846840425335395e-02
3.646679868127042479e+00 4.230000000000000426e+01 4.717405552068755330e-03 -1.539169314503600200e-02
3.646679868127042479e+00 4.240000000000000568e+01 -6.818290649711847978e-04 -3.214405572543539745e-04
3.646679868127042479e+00 4.250000000000000000e+01 6.958136892192737352e-05 6.947294555777066042e-05
3.646679868127042479e+00 4.260000000000000142e+01 -2.191583089913280529e-04 -3.095284924894975832e-04
3.646679868127042479e+00 4.270000000000000284e+01 -5.614768626692923266e-03 6.658678814620616095e-03
3.646679868127042479e+00 4.280000000000000426e+01 -2.802860832436956245e-02 5.685228471390399441e-02
3.646679868127042479e+00 4.290000000000000568e+01 -7.298962108142748040e-02 3.870377478893480966e-02
3.646679868127042479e+00 4.300000000000000000e+01 -2.072447603303463268e-02 6.621345405935816046e-03
3.646679868127042479e+00 4.310000000000000142e+01 -4.781495454184826684e-05 1.117438113741525208e-03
3.646679868127042479e+00 4.320000000000000284e+01 5.069438003493965402e-05 -8.999675687630610604e-05
3.646679868127042479e+00 4.330000000000000426e+01 -1.500903416689997819e-04 2.094416022364799668e-04
3.646679868127042479e+00 4.340000000000000568e+01 5.680267084849372448e-03 9.124523952799675148e-04
3.646679868127042479e+00 4.350000000000000000e+01 5.151252431066360299e-02 -1.405137052300262437e-02
3.646679868127042479e+00 4.360000000000000142e+01 8.121164677437295309e-02 2.729447783704224556e-02
3.646679868127042479e+00 4.370000000000000284e+01 2.299849507977239430e-02 1.695567231922649395e-02
3.646679868127042479e+00 4.380000000000000426e+01 1.567843337815479771e-03 -6.151871036265840970e-04
3.646679868127042479e+00 4.390000000000000568e+01 -1.135723801991290864e-04 -2.853666949925393401e-05
3.646679868127042479e+00 4.400000000000000000e+01 1.743844147441324052e-04 5.618793195795301215e-05
3.646679868127042479e+00 4.410000000000000142e+01 -1.281228716642630362e-03 -3.504076931126662384e-03
3.646679868127042479e+00 4.420000000000000284e+01 -3.623937258205542356e-02 -2.462390019288317883e-02
3.646679868127042479e+00 4.430000000000000426e+01 -3.778617041805307913e-02 -7.834439704459605913e-02
3.646679868127042479e+00 4.440000000000000568e+01 -1.031315059484893019e-03 -3.625208888723827072e-02
3.646679868127042479e+00 4.450000000000000000e+01 -1.885761815539192289e-03 -1.705408354472081516e-03
3.646679868127042479e+00 4.460000000000000142e+01 7.029789930799971495e-06 1.415278291451890194e-04
3.646679868127042479e+00 4.470000000000000284e+01 -7.405658956457581247e-07 -1.373613110228989384e-04
3.646679868127042479e+00 4.480000000000000426e+01 -1.592174803852497607e-03 1.800159420438258171e-03
3.646679868127042479e+00 4.490000000000000568e+01 3.665087094126277551e-03 3.467999430647027148e-02
3.646679868127042479e+00 4.500000000000000000e+01 -2.790770923470465084e-02 8.135670570936305579e-02
3.646679868127042479e+00 4.510000000000000142e+01 -3.298055097545896097e-02 2.943547246489167449e-02
3.646679868127042479e+00 4.520000000000000284e+01 -8.843943927522912368e-04 3.684650599588968570e-03
3.646679868127042479e+00 4.530000000000000426e+01 1.665153730168334595e-04 -6.583344452522170431e-05
3.646679868127042479e+00 4.540000000000000568e+01 -1.027009294109494495e-04 3.411830190427763375e-05
3.646679868127042479e+00 4.550000000000000000e+01 1.481317120028391747e-03 3.772461853576200672e-04
3.646679868127042479e+00 4.560000000000000142e+01 1.872065590687687492e-02 -1.914529913626711669e-02
3.646679868127042479e+00 4.570000000000000284e+01 7.390743779991491846e-02 -3.682230270769711045e-02
3.646679868127042479e+00 4.580000000000000426e+01 5.178209213518115972e-02 6.448123349568660526e-03
3.646679868127042479e+00 4.590000000000000568e+01 5.316336992613546544e-03 -1.604795351878154008e-03
3.646679868127042479e+00 4.600000000000000000e+01 -1.548514133110276674e-04 -1.795412503442244030e-04
3.646679868127042479e+00 4.610000000000000142e+01 5.198838530515118575e-05 7.315409283743772712e-05
3.646679868127042479e+00 4.620000000000000284e+01 -1.846484746239390122e-04 -9.535155465606729623e-04
3.646679868127042479e+00 4.630000000000000426e+01 -1.968354697497900693e-02 -2.372828102888603456e-03
3.646679868127042479e+00 4.640000000000000568e+01 -7.336351515638885046e-02 -2.488050618688349841e-02
3.646679868127042479e+00 4.650000000000000000e+01 -3.402843777226054189e-02 -4.920923961480463960e-02
3.646679868127042479e+00 4.660000000000000142e+01 -5.991537676775890442e-03 -5.395956597858748115e-03
3.646679868127042479e+00 4.670000000000000284e+01 -1.601410857712039519e-04 2.872855475033122977e-04
3.646679868127042479e+00 4.680000000000000426e+01 4.944655845570155076e-05 -6.261499260424807059e-05
3.646679868127042479e+00 4.690000000000000568e+01 -5.128851928899698723e-04 3.544473629562319944e-04
3.646679868127042479e+00 4.700000000000000000e+01 7.000560749720912378e-03 1.245253332480519316e-02
3.646679868127042479e+00 4.710000000000000142e+01 3.099095964744399273e-02 6.386453335214685445e-02
3.646679868127042479e+00 4.720000000000000284e+01 -1.437337875766030344e-02 6.521507783838893790e-02
3.646679868127042479e+00 4.730000000000000426e+01 -1.750321338032838478e-03 1.132530307416752119e-02
3.646679868127042479e+00 4.740000000000000568e+01 4.696595702517575820e-04 6.023514151979014438e-05
3.646679868127042479e+00 4.750000000000000000e+01 -7.092890460018591873e-05 -2.722833159214220675e-05
3.646679868127042479e+00 4.760000000000000142e+01 3.448284902758189520e-04 2.181629061071398297e-04
3.646679868127042479e+00 4.770000000000000284e+01 4.252525708167110077e-03 -9.060161515327257165e-03
3.646679868127042479e+00 4.780000000000000426e+01 2.101257304823930458e-02 -5.973575793740557027e-02
3.646679868127042479e+00 4.790000000000000568e+01 6.129603710871558975e-02 -3.814160627984267138e-02
3.646679868127042479e+00 4.800000000000000000e+01 1.404692326310611784e-02 -7.051277112858684096e-03
3.646679868127042479e+00 4.810000000000000142e+01 -1.933044898925852294e-04 -6.682823062062933630e-04
3.646679868127042479e+00 4.820000000000000284e+01 -4.125335638503096085e-06 7.685896396993164366e-05
3.646679868127042479e+00 4.830000000000000426e+01 4.687360623049075773e-05 -2.692156558195361047e-04
3.646679868127042479e+00 4.840000000000000568e+01 -6.711776343137805523e-03 1.068499275039723950e-03
3.646679868127042479e+00 4.850000000000000000e+01 -4.979999689598235690e-02 2.308039659438981123e-02
3.646679868127042479e+00 4.860000000000000142e+01 -7.383991830492481201e-02 -1.696644760564144927e-02
3.646679868127042479e+00 4.870000000000000284e+01 -1.860089696444593849e-02 -9.280438188067355321e-03
3.646679868127042479e+00 4.880000000000000426e+01 -7.841329043344556207e-04 6.714112977561987250e-04
3.646679868127042479e+00 4.890000000000000568e+01 8.053746317062483772e-05 -2.041837892975801417e-05
3.646679868127042479e+00 4.900000000000000000e+01 -1.853084446500016011e-04 3.732680575988175117e-05
3.646679868127042479e+00 4.910000000000000142e+01 2.971699358949406612e-03 3.387320956209638901e-03
3.646679868127042479e+00 4.920000000000000284e+01 4.273288369501522521e-02 1.764607887318225821e-02
3.646679868127042479e+00 4.930000000000000426e+01 4.175012907854339095e-02 6.580540860898934086e-02
3.646679868127042479e+00 4.940000000000000568e+01 5.270787588387207748e-03 2.633021965873312900e-02
3.646679868127042479e+00 4.950000000000000000e+01 1.417734519457516202e-03 6.161772587152216426e-04
3.646679868127042479e+00 4.960000000000000142e+01 -4.934434704529795635e-05 -8.165108501222827643e-05
3.646679868127042479e+00 4.970000000000000284e+01 6.936403307267234933e-05 1.180004057917706235e-04
3.646679868127042479e+00 4.980000000000000426e+01 9.328243148472042555e-04 -2.796723418404345549e-03
3.646679868127042479e+00 4.990000000000000568e+01 -1.255480441491225833e-02 -3.577203098444328710e-02
3.646679868127042479e+00 5.000000000000000000e+01 1.646698654162259690e-02 -7.693169831167276373e-02
3.646679868127042479e+00 5.010000000000000142e+01 2.155208562382288778e-02 -2.612109163909799581e-02
3.646679868127042479e+00 5.020000000000000284e+01 -1.611621488163441078e-04 -2.337190316190426113e-03
3.646679868127042479e+00 5.030000000000000426e+01 -7.630059742169494389e-05 8.791199076954547256e-05
3.646679868127042479e+00 5.040000000000000568e+01 6.794445833814044316e-05 -7.734391391573777383e-05
3.646679868127042479e+00 5.050000000000000000e+01 -1.866622748050094814e-03 3.289472139567754263e-04
3.646679868127042479e+00 5.060000000000000142e+01 -1.498183679072845678e-02 2.625208082804009885e-02
3.646679868127042479e+00 5.070000000000000284e+01 -6.422095045080192244e-02 4.339842409959195763e-02
3.646679868127042479e+00 5.080000000000000426e+01 -4.110885812397959554e-02 1.122744194716622989e-03
3.646679868127042479e+00 5.090000000000000568e+01 -2.904744649599323887e-03 1.950363911385339473e-03
3.646679868127042479e+00 5.100000000000000000e+01 1.396876124940462510e-04 5.402599933999501148e-05
3.646679868127042479e+00 5.110000000000000142e+01 -7.618216331476912137e-05 -3.054262875666317612e-05
3.646679868127042479e+00 5.120000000000000284e+01 7.412877845414720225e-04 9.434029023166184275e-04
3.646679868127042479e+00 5.130000000000000426e+01 2.270231420514561005e-02 -4.090828051470952846e-03
3.646679868127042479e+00 5.140000000000000568e+01 7.333002150214799897e-02 1.248699224915830221e-02
3.646679868127042479e+00 5.150000000000000000e+01 3.344903015121648837e-02 3.484573537818275168e-02
3.646679868127042479e+00 5.160000000000000142e+01 4.675342087102716399e-03 2.116874318175198787e-03
3.646679868127042479e+00 5.170000000000000284e+01 -6.223594468742441167e-07 -2.001018220893990786e-04
3.646679868127042479e+00 5.180000000000000426e+01 -3.855523337948602394e-06 6.962671399797894581e-05
3.646679868127042479e+00 5.190000000000000568e+01 3.192956273059918042e-04 -7.056137776942558986e-04
3.646679868127042479e+00 5.200000000000000000e+01 -1.306706217858044985e-02 -1.108644442229396454e-02
3.646679868127042479e+00 5.210000000000000142e+01 -4.158125932385412643e-02 -5.554144882384336179e-02
3.646679868127042479e+00 5.220000000000000284e+01 2.740543066537389112e-03 -5.444694678668759308e-02
3.646679868127042479e+00 5.230000000000000426e+01 -9.934424786465436037e-04 -7.308994028808976987e-03
3.646679868127042479e+00 5.240000000000000568e+01 -2.613279726912245493e-04 9.947955187351344153e-05
3.646679868127042479e+00 5.250000000000000000e+01 6.017699762517131004e-05 -1.530958462424688644e-05
3.646679868127042479e+00 5.260000000000000142e+01 -4.948774523816087479e-04 -2.532904438157810425e-06
3.646679868127042479e+00 5.270000000000000284e+01 -7.947597298301147710e-04 1.228743822741125424e-02
3.646679868127042479e+00 5.280000000000000426e+01 -8.649131073378555842e-03 6.323369996696354134e-02
3.646679868127042479e+00 5.290000000000000568e+01 -4.555217068871569852e-02 4.009817069414514656e-02
3.646679868127042479e+00 5.300000000000000000e+01 -7.564353750902771609e-03 7.001183830370173895e-03
3.646679868127042479e+00 5.310000000000000142e+01 2.734665916682303471e-04 2.889074244277542035e-04
3.646679868127042479e+00 5.320000000000000284e+01 -3.076974100517029928e-05 -5.045373070747541583e-05
3.646679868127042479e+00 5.330000000000000426e+01 1.262833311919956596e-04 2.968143494395599239e-04
3.646679868127042479e+00 5.340000000000000568e+01 7.284970115825846297e-03 -4.529830871312366322e-03
3.646679868127042479e+00 5.350000000000000000e+01 4.542972604482576476e-02 -3.406726799824948831e-02
3.646679868127042479e+00 5.360000000000000142e+01 6.535687449427979301e-02 5.050141813717114701e-03
3.646679868127042479e+00 5.370000000000000284e+01 1.401574880256939090e-02 3.055238840367289262e-03
3.646679868127042479e+00 5.380000000000000426e+01 2.343233243591879590e-04 -5.505878886757997834e-04
3.646679868127042479e+00 5.390000000000000568e+01 -3.982502801408981943e-05 4.605342097549766043e-05
3.646679868127042479e+00 5.400000000000000000e+01 1.519016600306093178e-04 -1.542084390479235307e-04
3.646679868127042479e+00 5.410000000000000142e+01 -5.290366612588168899e-03 -2.392582681363110333e-03
3.646679868127042479e+00 5.420000000000000284e+01 -4.882618540945846131e-02 -7.719528047393114413e-03
3.646679868127042479e+00 5.430000000000000426e+01 -4.589103762640896894e-02 -5.209013776647682809e-02
3.646679868127042479e+00 5.440000000000000568e+01 -8.222865172228180711e-03 -1.717115647286344277e-02
3.646679868127042479e+00 5.450000000000000000e+01 -8.927321360424397140e-04 4.013585898217670315e-05
3.646679868127042479e+00 5.460000000000000142e+01 6.157265964193563731e-05 2.590176980337600699e-05
3.646679868127042479e+00 5.470000000000000284e+01 -1.408335488420145182e-04 -5.931039800976571565e-05
3.646679868127042479e+00 5.480000000000000426e+01 6.336279314711764461e-04 3.884400269625098816e-03
3.646679868127042479e+00 5.490000000000000568e+01 2.473058406506487353e-02 3.409988500920484861e-02
3.646679868127042479e+00 5.500000000000000000e+01 -1.903668757828388437e-03 7.112319165683746169e-02
3.646679868127042479e+00 5.510000000000000142e+01 -1.021531600710981480e-02 2.217105594777081176e-02
3.646679868127042479e+00 5.520000000000000284e+01 6.635741542438757011e-04 1.164120543912184648e-03
3.646679868127042479e+00 5.530000000000000426e+01 4.954829974990677953e-06 -7.606884572775531495e-05
3.646679868127042479e+00 5.540000000000000568e+01 -3.523251250224586321e-06 1.088915142367744715e-04
3.646679868127042479e+00 5.550000000000000000e+01 1.906471730920569372e-03 -1.650436998170736738e-03
3.646679868127042479e+00 5.560000000000000142e+01 7.036955902718773116e-03 -3.348276626522404820e-02
3.646679868127042479e+00 5.570000000000000284e+01 5.100374352690124902e-02 -5.038422006939403258e-02
3.646679868127042479e+00 5.580000000000000426e+01 2.973487527504010616e-02 -8.088552162051119640e-03
3.646679868127042479e+00 5.590000000000000568e+01 1.040361744507898537e-03 -1.737860621763883144e-03
3.646679868127042479e+00 5.600000000000000000e+01 -8.989625609950464813e-05 2.606819604916098040e-05
3.646679868127042479e+00 5.610000000000000142e+01 7.808596238420858853e-05 -2.613280698291936790e-05
3.646679868127042479e+00 5.620000000000000284e+01 -1.532339018215371019e-03 -5.314155344500735324e-04
3.646679868127042479e+00 5.630000000000000426e+01 -2.351022818818318538e-02 1.372071741716629316e-02
3.646679868127042479e+00 5.640000000000000568e+01 -7.016144212647822120e-02 2.740730557567495462e-03
3.646679868127042479e+00 5.650000000000000000e+01 -3.090219942116877866e-02 -1.973849366441344372e-02
3.646679868127042479e+00 5.660000000000000142e+01 -2.974334649201870132e-03 -4.534048257376097697e-05
3.646679868127042479e+00 5.670000000000000284e+01 6.922057476314009516e-05 9.676039683101393316e-05
3.646679868127042479e+00 5.680000000000000426e+01 -3.960143193862516244e-05 -5.236554537027444413e-05
3.646679868127042479e+00 5.690000000000000568e+01 1.657211543636120021e-04 1.029328281298280169e-03
3.646679868127042479e+00 5.700000000000000000e+01 1.991819267664700008e-02 6.751930387753667454e-03
3.646679868127042479e+00 5.710000000000000142e+01 5.061951660101635803e-02 4.441082288027467517e-02
3.646679868127042479e+00 5.720000000000000284e+01 7.380343523109440459e-03 4.251757398667631999e-02
3.646679868127042479e+00 5.730000000000000426e+01 2.219971311566750968e-03 3.801960208317909425e-03
3.646679868127042479e+00 5.740000000000000568e+01 8.992324113990647703e-05 -1.326593536676517289e-04
3.646679868127042479e+00 5.750000000000000000e+01 -3.110721341632889913e-05 4.502143603313321917e-05
3.646679868127042479e+00 5.760000000000000142e+01 5.298804487370805229e-04 -3.826612863928984518e-04
3.646679868127042479e+00 5.770000000000000284e+01 -5.064830107863577645e-03 -1.452008626248471948e-02
3.646679868127042479e+00 5.780000000000000426e+01 -4.607006865734552051e-03 -6.295741200030667561e-02
3.646679868127042479e+00 5.790000000000000568e+01 3.037967561124522639e-02 -3.930228412227891599e-02
3.646679868127042479e+00 5.800000000000000000e+01 3.009501132152632517e-03 -5.752608849432394415e-03
3.646679868127042479e+00 5.810000000000000142e+01 -2.228410503774524705e-04 -5.013973444585122479e-05
3.646679868127042479e+00 5.820000000000000284e+01 4.781147313483138288e-05 1.454428780511953450e-05
3.646679868127042479e+00 5.830000000000000426e+01 -3.701150065105278104e-04 -2.066758855795790652e-04
3.646679868127042479e+00 5.840000000000000568e+01 -6.171894070825863221e-03 9.375340546137964082e-03
3.646679868127042479e+00 5.850000000000000000e+01 -3.697307177413996365e-02 4.553951191896476319e-02
3.646679868127042479e+00 5.860000000000000142e+01 -5.485125153116690577e-02 7.637187355135341416e-03
3.646679868127042479e+00 5.870000000000000284e+01 -8.966992298049317883e-03 1.382261446474024498e-03
3.646679868127042479e+00 5.880000000000000426e+01 6.430915734604912375e-05 3.192360167911905940e-04
3.646679868127042479e+00 5.890000000000000568e+01 -1.482113865614018597e-06 -4.742056814230684477e-05
3.646679868127042479e+00 5.900000000000000000e+01 -2.378531285933683631e-05 2.766477591054499223e-04
3.646679868127042479e+00 5.910000000000000142e+01 7.906674996642739511e-03 -5.175507038042527009e-04
3.646679868127042479e+00 5.920000000000000284e+01 5.240653338726454502e-02 -6.788555842333511038e-03
3.646679868127042479e+00 5.930000000000000426e+01 4.859608232276915740e-02 3.492655851021553987e-02
3.646679868127042479e+00 5.940000000000000568e+01 8.983694927876356012e-03 8.526263026153526464e-03
3.646679868127042479e+00 5.950000000000000000e+01 3.827604227027335483e-04 -2.887766512551888029e-04
3.646679868127042479e+00 5.960000000000000142e+01 -4.507320528003574094e-05 1.812471421484995900e-05
3.646679868127042479e+00 5.970000000000000284e+01 1.772369629908866805e-04 -6.583577649982646986e-05
3.646679868127042479e+00 5.980000000000000426e+01 -3.551988273675026932e-03 -4.128783232668262713e-03
3.646679868127042479e+00 5.990000000000000568e+01 -3.709191358348938594e-02 -2.708953571998732809e-02
