0.000000000000000000e+00 0.000000000000000000e+00
1.000000000000000194e-02 4.991334292832804928e-03
2.000000000000000389e-02 9.959315917145966646e-03
3.000000000000000930e-02 1.489635231950656689e-02
4.000000000000000777e-02 1.980028497698929635e-02
5.000000000000000971e-02 2.467025332102929305e-02
6.000000000000001860e-02 2.950585919123051640e-02
7.000000000000002054e-02 3.430702034750139628e-02
8.000000000000001554e-02 3.907405453974800713e-02
9.000000000000001055e-02 4.380777550127795683e-02
1.000000000000000194e-01 4.850948315426750063e-02
1.100000000000000144e-01 5.318081541216225505e-02
1.200000000000000372e-01 5.782350148018778474e-02
1.300000000000000322e-01 6.243910088596809488e-02
1.400000000000000411e-01 6.702881804773580532e-02
1.500000000000000222e-01 7.159345143296795555e-02
1.600000000000000311e-01 7.613348429555710783e-02
1.700000000000000400e-01 8.064927217779435664e-02
1.800000000000000211e-01 8.514125053773106966e-02
1.900000000000000022e-01 8.961008464246258964e-02
2.000000000000000389e-01 9.405671150015099125e-02
2.100000000000000477e-01 9.848226757476738480e-02
2.200000000000000289e-01 1.028879386406352653e-01
2.300000000000000377e-01 1.072747933729170378e-01
2.400000000000000744e-01 1.116436639198469805e-01
2.500000000000000555e-01 1.159951117811945376e-01
2.600000000000000644e-01 1.203294825365173043e-01
2.700000000000000733e-01 1.246470218898703824e-01
2.800000000000000822e-01 1.289480046117729983e-01
2.900000000000000355e-01 1.332328287700692004e-01
3.000000000000000444e-01 1.375020457144085773e-01
3.100000000000000533e-01 1.417563233017567204e-01
3.200000000000000622e-01 1.459963646954434147e-01
3.300000000000000711e-01 1.502228186262576370e-01
3.400000000000000799e-01 1.544362154586299551e-01
3.500000000000000333e-01 1.586369491468685167e-01
3.600000000000000422e-01 1.628253051883643832e-01
3.700000000000000511e-01 1.670015173559904476e-01
3.800000000000000044e-01 1.711658276557057046e-01
3.900000000000000688e-01 1.753185266575066903e-01
4.000000000000000777e-01 1.794599625457335701e-01
4.100000000000000866e-01 1.835905213447600604e-01
4.200000000000000955e-01 1.877105917676847868e-01
4.300000000000001044e-01 1.918205320137705006e-01
4.400000000000000577e-01 1.959206520232942839e-01
4.500000000000000111e-01 2.000112158461911926e-01
4.600000000000000755e-01 2.040924593088041250e-01
4.700000000000000289e-01 2.081646121921132964e-01
4.800000000000001488e-01 2.122279137879631572e-01
4.900000000000001021e-01 2.162826154219941177e-01
5.000000000000001110e-01 2.203289706178943597e-01
5.100000000000001199e-01 2.243672195664894176e-01
5.200000000000001288e-01 2.283975768253329042e-01
5.300000000000001377e-01 2.324202289918141928e-01
5.400000000000001465e-01 2.364353438128240781e-01
5.500000000000000444e-01 2.404430864671913692e-01
5.600000000000001643e-01 2.444436352617133379e-01
5.700000000000001732e-01 2.484371892289319317e-01
5.800000000000000711e-01 2.524239638487392745e-01
5.900000000000001910e-01 2.564041765273629703e-01
6.000000000000000888e-01 2.603780280768194788e-01
6.100000000000000977e-01 2.643456882208038428e-01
6.200000000000001066e-01 2.683072914039688062e-01
6.300000000000001155e-01 2.722629447601286889e-01
6.400000000000001243e-01 2.762127449809398949e-01
6.500000000000001332e-01 2.801567972166281173e-01
6.600000000000001421e-01 2.840952284986536514e-01
6.700000000000000400e-01 2.880281906468428743e-01
6.800000000000001599e-01 2.919558520442393501e-01
6.900000000000000577e-01 2.958783821142783044e-01
7.000000000000000666e-01 2.997959349933806972e-01
7.100000000000001865e-01 3.037086387830259526e-01
7.200000000000000844e-01 3.076165941147634419e-01
7.300000000000000933e-01 3.115198818226296296e-01
7.400000000000001021e-01 3.154185759799200128e-01
7.500000000000001110e-01 3.193127568168240282e-01
7.600000000000000089e-01 3.232025186390147797e-01
7.700000000000001288e-01 3.270879703552270756e-01
7.800000000000001377e-01 3.309692294027106740e-01
7.900000000000000355e-01 3.348464123683810856e-01
8.000000000000001554e-01 3.387196264861836448e-01
8.100000000000001643e-01 3.425889652644459327e-01
8.200000000000001732e-01 3.464545093518112129e-01
8.300000000000002931e-01 3.503163314267034312e-01
8.400000000000001910e-01 3.541745023957081351e-01
8.500000000000001998e-01 3.580290960508243914e-01
8.600000000000002087e-01 3.618801904560086657e-01
8.700000000000002176e-01 3.657278660658845881e-01
8.800000000000001155e-01 3.695722020803470786e-01
8.900000000000001243e-01 3.734132731574920649e-01
9.000000000000000222e-01 3.772511481577814352e-01
9.100000000000000311e-01 3.810858913934339065e-01
9.200000000000001510e-01 3.849175655426969600e-01
9.300000000000000488e-01 3.887462345918829554e-01
9.400000000000000577e-01 3.925719652301912777e-01
9.500000000000000666e-01 3.963948259574059385e-01
9.600000000000002975e-01 4.002148843289363156e-01
9.700000000000003064e-01 4.040322036839746889e-01
9.800000000000002043e-01 4.078468409530288663e-01
9.900000000000003242e-01 4.116588466277443237e-01
1.000000000000000222e+00 4.154682669656432070e-01
1.010000000000000231e+00 4.192751474803503298e-01
1.020000000000000240e+00 4.230795362036595120e-01
1.030000000000000249e+00 4.268814853391033615e-01
1.040000000000000258e+00 4.306810506694319640e-01
1.050000000000000266e+00 4.344782890731879732e-01
1.060000000000000275e+00 4.382732552947337656e-01
1.070000000000000284e+00 4.420659993595444925e-01
1.080000000000000293e+00 4.458565656557648693e-01
1.090000000000000302e+00 4.496449939178164823e-01
1.100000000000000089e+00 4.534313215232077532e-01
1.110000000000000320e+00 4.572155860158738094e-01
1.120000000000000329e+00 4.609978267912420713e-01
1.130000000000000115e+00 4.647780853641424459e-01
1.140000000000000346e+00 4.685564043303873105e-01
1.150000000000000355e+00 4.723328256953859272e-01
1.160000000000000142e+00 4.761073894347395141e-01
1.170000000000000151e+00 4.798801329215552913e-01
1.180000000000000382e+00 4.836510913540236767e-01
1.190000000000000169e+00 4.874202988103816248e-01
1.200000000000000178e+00 4.911877892918895538e-01
1.210000000000000409e+00 4.949535971965683956e-01
1.220000000000000195e+00 4.987177570258826131e-01
1.230000000000000204e+00 5.024803025592196049e-01
1.240000000000000213e+00 5.062412660094981476e-01
1.250000000000000222e+00 5.100006776617187487e-01
1.260000000000000231e+00 5.137585662148542731e-01
1.270000000000000240e+00 5.175149596553629827e-01
1.280000000000000249e+00 5.212698861995611610e-01
1.290000000000000258e+00 5.250233748054866645e-01
1.300000000000000266e+00 5.287754549892540457e-01
1.310000000000000053e+00 5.325261560591048049e-01
1.320000000000000284e+00 5.362755061988503380e-01
1.330000000000000293e+00 5.400235319176021065e-01
1.340000000000000080e+00 5.437702581832446480e-01
1.350000000000000311e+00 5.475157091742165472e-01
1.360000000000000320e+00 5.512599092205680007e-01
1.370000000000000107e+00 5.550028833628101177e-01
1.380000000000000115e+00 5.587446571297248754e-01
1.390000000000000346e+00 5.624852555529815668e-01
1.400000000000000133e+00 5.662247018907984319e-01
1.410000000000000142e+00 5.699630167803679814e-01
1.420000000000000373e+00 5.737002184227696366e-01
1.430000000000000160e+00 5.774363239436828277e-01
1.440000000000000169e+00 5.811713514676871695e-01
1.450000000000000178e+00 5.849053219887890842e-01
1.460000000000000187e+00 5.886382600640246432e-01
1.470000000000000195e+00 5.923701927779486676e-01
1.480000000000000204e+00 5.961011471734242173e-01
1.490000000000000213e+00 5.998311470943322732e-01
1.500000000000000222e+00 6.035602107831713470e-01
1.510000000000000231e+00 6.072883503980784914e-01
1.520000000000000018e+00 6.110155738864154751e-01
1.530000000000000249e+00 6.147418886591585752e-01
1.540000000000000258e+00 6.184673056782218348e-01
1.550000000000000044e+00 6.221918422811708593e-01
1.560000000000000275e+00 6.259155224889521030e-01
1.570000000000000284e+00 6.296383745301230572e-01
1.580000000000000071e+00 6.333604264684071783e-01
1.590000000000000080e+00 6.370817016461016724e-01
1.600000000000000311e+00 6.408022157843134003e-01
1.610000000000000320e+00 6.445219769344285865e-01
1.620000000000000329e+00 6.482409883120753280e-01
1.630000000000000560e+00 6.519592528550383070e-01
1.640000000000000346e+00 6.556767776410273862e-01
1.650000000000000355e+00 6.593935763866257682e-01
1.660000000000000586e+00 6.631096690890642131e-01
1.670000000000000373e+00 6.668250791003309530e-01
1.680000000000000382e+00 6.705398289995808669e-01
1.690000000000000391e+00 6.742539370833440238e-01
1.700000000000000400e+00 6.779674159316847470e-01
1.710000000000000409e+00 6.816802735074082298e-01
1.720000000000000417e+00 6.853925160694025465e-01
1.730000000000000204e+00 6.891041513741513747e-01
1.740000000000000435e+00 6.928151905741379846e-01
1.750000000000000444e+00 6.965256479251369370e-01
1.760000000000000231e+00 7.002355385427047052e-01
1.770000000000000462e+00 7.039448755048025586e-01
1.780000000000000249e+00 7.076536679302963817e-01
1.790000000000000258e+00 7.113619212561544947e-01
1.800000000000000044e+00 7.150696398681070098e-01
1.810000000000000497e+00 7.187768309210705864e-01
1.820000000000000062e+00 7.224835074368322063e-01
1.830000000000000293e+00 7.261896888699644892e-01
1.840000000000000302e+00 7.298953983666957024e-01
1.850000000000000311e+00 7.336006574819454729e-01
1.860000000000000098e+00 7.373054804744407775e-01
1.870000000000000551e+00 7.410098708049217553e-01
1.880000000000000115e+00 7.447138217947322225e-01
1.890000000000000346e+00 7.484173217545855294e-01
1.900000000000000133e+00 7.521203619247530670e-01
1.910000000000000364e+00 7.558229441379824554e-01
1.920000000000000595e+00 7.595250849113235336e-01
1.930000000000000382e+00 7.632268138862808859e-01
1.940000000000000613e+00 7.669281667494819432e-01
1.950000000000000400e+00 7.706291750931822948e-01
1.960000000000000409e+00 7.743298571240897488e-01
1.970000000000000195e+00 7.780302130274435735e-01
1.980000000000000648e+00 7.817302270970268863e-01
1.990000000000000435e+00 7.854298760860822792e-01
2.000000000000000444e+00 7.891291406907535722e-01
