6.767180252769889881e-01
-5.000000000000000000e+00
1.000000000000000000e+00
1.000000000000000000e+00
1.000000000000000000e+00
6.283185307179586232e-01
7.926654595212021537e-01
-6.688697949391217978e-01
8.880660176889879631e-01
1.158249942986577352e+00
6.144112176720746277e-01
6.032455495389785899e-02
-1.813420840382633958e+00
1.097866959755881222e+00
1.924527452412377881e-01
1.924527452412390649e-01
9.082583879638153057e-01
1.000000000000001110e+00
1.000841304225163597e+00
1.000331965288998592e+00
5.979394711214614661e-02
6.032455519635759184e-02
1.125346622181418343e+00
