2.674231903293164514e+00 0.000000000000000000e+00 1.000000000000000000e+00 -0.000000000000000000e+00
2.674231903293164514e+00 1.000000000000000056e-01 4.856537856857912616e-01 -5.988587027060744694e-02
2.674231903293164514e+00 2.000000000000000111e-01 3.787476571895980609e-02 -6.240114701609694031e-02
2.674231903293164514e+00 3.000000000000000444e-01 -9.654217780905886490e-03 -1.072290699882813428e-03
2.674231903293164514e+00 4.000000000000000222e-01 5.931326596592673486e-03 4.916017711421792960e-03
2.674231903293164514e+00 5.000000000000000000e-01 6.752739456898005331e-03 -4.274337802177203410e-02
2.674231903293164514e+00 6.000000000000000888e-01 -1.983182553574970308e-01 -1.870015455943485894e-01
2.674231903293164514e+00 7.000000000000000666e-01 -3.801562547074965881e-01 -3.797402866226668450e-01
2.674231903293164514e+00 8.000000000000000444e-01 -1.758512837603690149e-01 -2.498879638500038913e-01
2.674231903293164514e+00 9.000000000000000222e-01 -4.805126334232096008e-02 -1.791218871532429188e-02
2.674231903293164514e+00 1.000000000000000000e+00 -9.448004268822680126e-04 5.947052881800022305e-03
2.674231903293164514e+00 1.100000000000000089e+00 2.540293132653963226e-03 -2.493091720969762420e-03
2.674231903293164514e+00 1.200000000000000178e+00 -1.841074314122552458e-02 -2.793838424633129751e-03
2.674231903293164514e+00 1.300000000000000044e+00 -8.359438016572147412e-02 1.234272253701336475e-01
2.674231903293164514e+00 1.400000000000000133e+00 -2.048170397789744746e-01 3.330344805295125110e-01
2.674231903293164514e+00 1.500000000000000000e+00 -2.023831278788455756e-01 1.934841289680143406e-01
2.674231903293164514e+00 1.600000000000000089e+00 -2.187334479086956718e-02 5.122505405675051304e-02
2.674231903293164514e+00 1.700000000000000178e+00 5.456667188889517857e-03 2.280434832752639869e-03
2.674231903293164514e+00 1.800000000000000044e+00 -1.128177029348808279e-03 -2.108309185006718330e-03
2.674231903293164514e+00 1.900000000000000133e+00 -3.012586500312521703e-03 9.463898621004116288e-03
2.674231903293164514e+00 2.000000000000000000e+00 7.765142334906503796e-02 4.810551018560495912e-02
2.674231903293164514e+00 2.100000000000000089e+00 2.887784111198488657e-01 1.180360402335457748e-01
2.674231903293164514e+00 2.200000000000000178e+00 2.173543509900903725e-01 1.780562964635770407e-01
2.674231903293164514e+00 2.300000000000000266e+00 6.121853746458420786e-02 2.991855096220994575e-02
2.674231903293164514e+00 2.400000000000000355e+00 4.194164300478242340e-03 -5.566559549331794900e-03
2.674231903293164514e+00 2.500000000000000000e+00 -1.915551963994184754e-03 3.225255743462707310e-04
2.674231903293164514e+00 2.600000000000000089e+00 5.096715650636185480e-03 2.957283982538499566e-03
2.674231903293164514e+00 2.700000000000000178e+00 3.101171515125726932e-02 -4.873010746056044562e-02
2.674231903293164514e+00 2.800000000000000266e+00 6.211271297536623964e-02 -2.454533094098517443e-01
2.674231903293164514e+00 2.900000000000000355e+00 1.508461939398513807e-01 -2.435128005912309546e-01
2.674231903293164514e+00 3.000000000000000000e+00 3.954539752526834567e-02 -7.642554186758228341e-02
2.674231903293164514e+00 3.100000000000000089e+00 -5.795516611021530803e-03 -6.921020746794312103e-03
2.674231903293164514e+00 3.200000000000000178e+00 -2.961466065811456166e-04 1.772987110698700814e-03
2.674231903293164514e+00 3.300000000000000266e+00 2.645015883247352120e-03 -2.681801006132899894e-03
2.674231903293164514e+00 3.400000000000000355e+00 -2.989449639646755974e-02 -2.123095442828480672e-02
2.674231903293164514e+00 3.500000000000000000e+00 -2.015770712126875031e-01 -2.518327509494118141e-02
2.674231903293164514e+00 3.600000000000000089e+00 -2.652371506261805290e-01 -1.146004100692373101e-01
2.674231903293164514e+00 3.700000000000000178e+00 -9.677223249432245766e-02 -4.875640529453820204e-02
2.674231903293164514e+00 3.800000000000000266e+00 -1.080967234930822231e-02 5.922920801532075008e-03
2.674231903293164514e+00 3.900000000000000355e+00 1.625276593670145096e-03 8.734622292544574115e-04
2.674231903293164514e+00 4.000000000000000000e+00 -1.265895842670790089e-03 -2.241728304808904802e-03
2.674231903293164514e+00 4.100000000000000533e+00 -1.499975803422596253e-02 1.767718390121306507e-02
2.674231903293164514e+00 4.200000000000000178e+00 -3.032443754846818849e-03 1.590368066262103086e-01
2.674231903293164514e+00 4.299999999999999822e+00 -7.019995955395590126e-02 2.764219701676139951e-01
2.674231903293164514e+00 4.400000000000000355e+00 -5.490039856233532023e-02 1.220662968142684213e-01
2.674231903293164514e+00 4.500000000000000000e+00 5.794812632758893772e-03 1.630032034469609120e-02
2.674231903293164514e+00 4.600000000000000533e+00 1.495611046510506807e-03 -1.427348049691027059e-03
2.674231903293164514e+00 4.700000000000000178e+00 -1.839458769077175621e-03 4.040894685552637615e-04
2.674231903293164514e+00 4.800000000000000711e+00 9.928100164292272961e-03 1.072657506914237446e-02
2.674231903293164514e+00 4.900000000000000355e+00 1.205321459536402851e-01 -7.757410880727031409e-03
2.674231903293164514e+00 5.000000000000000000e+00 2.730971739454415848e-01 2.243488104129989433e-02
2.674231903293164514e+00 5.100000000000000533e+00 1.511891232900918758e-01 5.476774913410414197e-02
2.674231903293164514e+00 5.200000000000000178e+00 2.392227827662452358e-02 -5.344229645004889596e-03
2.674231903293164514e+00 5.300000000000000711e+00 -1.117286613108899257e-03 -2.232411391345772746e-03
2.674231903293164514e+00 5.400000000000000355e+00 -1.418859114616066166e-04 1.473420587864040458e-03
2.674231903293164514e+00 5.500000000000000000e+00 7.663845775431133225e-03 -5.164550418879977969e-03
2.674231903293164514e+00 5.600000000000000533e+00 -1.079958621889094521e-02 -8.802519257789952201e-02
2.674231903293164514e+00 5.700000000000000178e+00 -2.218654876887735800e-02 -2.545204104874387863e-01
2.674231903293164514e+00 5.800000000000000711e+00 4.525257524495684275e-02 -1.815739642836650680e-01
2.674231903293164514e+00 5.900000000000000355e+00 -4.699730381756134570e-03 -3.426091279994069455e-02
2.674231903293164514e+00 6.000000000000000000e+00 -3.152317534617575870e-03 6.009628681372938472e-04
2.674231903293164514e+00 6.100000000000000533e+00 1.146937762993171031e-03 5.091153565502743112e-04
2.674231903293164514e+00 6.200000000000000178e+00 -2.341011107754601729e-03 -5.427908335106475073e-03
2.674231903293164514e+00 6.300000000000000711e+00 -6.223179761814690014e-02 9.479930703229274419e-03
2.674231903293164514e+00 6.400000000000000355e+00 -2.233202637372148913e-01 5.762949406835265326e-02
2.674231903293164514e+00 6.500000000000000000e+00 -2.091254315392613583e-01 -2.439620295853109008e-02
2.674231903293164514e+00 6.600000000000000533e+00 -4.786321786665513611e-02 4.344942373608533942e-03
2.674231903293164514e+00 6.700000000000000178e+00 -2.635325871490770493e-04 4.329445344269787499e-03
2.674231903293164514e+00 6.800000000000000711e+00 7.790279090578804654e-04 -8.465024717068433523e-04
2.674231903293164514e+00 6.900000000000000355e+00 -3.793397148809059261e-03 7.354771783191167483e-04
2.674231903293164514e+00 7.000000000000000000e+00 6.419084235758323702e-03 4.279385140972352675e-02
2.674231903293164514e+00 7.100000000000000533e+00 8.010146612255636400e-02 1.845612664281325310e-01
2.674231903293164514e+00 7.200000000000000178e+00 7.550450622044827323e-03 2.288136972158539839e-01
2.674231903293164514e+00 7.300000000000000711e+00 5.283010197783060205e-03 6.504046746345464036e-02
2.674231903293164514e+00 7.400000000000000355e+00 5.849297946778528670e-03 1.682714617710343247e-03
2.674231903293164514e+00 7.500000000000000000e+00 -5.488562095462977582e-04 -1.000420354707841570e-03
2.674231903293164514e+00 7.600000000000000533e+00 -1.342249605834716056e-04 2.606228637241638727e-03
2.674231903293164514e+00 7.700000000000000178e+00 2.873498697605051874e-02 -3.272022037499219306e-03
2.674231903293164514e+00 7.800000000000000711e+00 1.440808404163845535e-01 -8.888308056889765441e-02
2.674231903293164514e+00 7.900000000000000355e+00 2.358947744020281345e-01 -4.748720334463623488e-02
2.674231903293164514e+00 8.000000000000000000e+00 8.556176352758596004e-02 -9.119276149769390410e-03
2.674231903293164514e+00 8.099999999999999645e+00 3.939193196818066740e-03 -7.819774718618732051e-03
2.674231903293164514e+00 8.200000000000001066e+00 -1.202309257744157110e-03 2.218309257755687902e-04
2.674231903293164514e+00 8.300000000000000711e+00 1.748401398094512772e-03 5.759680664068171640e-04
2.674231903293164514e+00 8.400000000000000355e+00 -8.246785603303988547e-04 -1.888125326283779729e-02
2.674231903293164514e+00 8.500000000000000000e+00 -8.601747915036327130e-02 -1.068674891951518074e-01
2.674231903293164514e+00 8.599999999999999645e+00 -8.985312896574611241e-02 -2.274521075559713112e-01
2.674231903293164514e+00 8.700000000000001066e+00 -1.786017521602471098e-02 -1.082867272908665107e-01
2.674231903293164514e+00 8.800000000000000711e+00 -1.039348891038658837e-02 -7.393091631132281058e-03
2.674231903293164514e+00 8.900000000000000355e+00 -1.767456880718212971e-04 1.397785611932259335e-03
2.674231903293164514e+00 9.000000000000000000e+00 7.791988384250657460e-04 -1.126727370800392671e-03
2.674231903293164514e+00 9.099999999999999645e+00 -1.214646262403557865e-02 -7.354029533106585127e-04
2.674231903293164514e+00 9.200000000000001066e+00 -7.601748652601110490e-02 7.526994352216247186e-02
2.674231903293164514e+00 9.300000000000000711e+00 -2.036560223237942613e-01 1.278161537488126109e-01
2.674231903293164514e+00 9.400000000000000355e+00 -1.308486899453888685e-01 3.350456221443624122e-02
2.674231903293164514e+00 9.500000000000000000e+00 -1.244767445392664512e-02 1.381492931534811057e-02
2.674231903293164514e+00 9.600000000000001421e+00 1.585687270290862512e-03 7.041471836472298212e-04
2.674231903293164514e+00 9.700000000000001066e+00 -6.680722557970445938e-04 -8.550541573543414195e-04
2.674231903293164514e+00 9.800000000000000711e+00 -1.538468980526996703e-03 7.637205780536704056e-03
2.674231903293164514e+00 9.900000000000000355e+00 6.065995634141468917e-02 5.254598914095984230e-02
2.674231903293164514e+00 1.000000000000000000e+01 1.551708476678097526e-01 1.678428015081490920e-01
2.674231903293164514e+00 1.010000000000000142e+01 5.721817327159206545e-02 1.497144729259074769e-01
2.674231903293164514e+00 1.020000000000000107e+01 1.848370524627366077e-02 1.950198870079120420e-02
2.674231903293164514e+00 1.030000000000000071e+01 1.440020559978511449e-03 -1.746090559868455037e-03
2.674231903293164514e+00 1.040000000000000036e+01 -8.651377034705396134e-04 3.161416886237345130e-04
2.674231903293164514e+00 1.050000000000000000e+01 4.672132432796873708e-03 1.813293649415809216e-03
2.674231903293164514e+00 1.060000000000000142e+01 3.585079818860562734e-02 -4.555341922752784156e-02
2.674231903293164514e+00 1.070000000000000107e+01 1.258389338906647781e-01 -1.681948543228074244e-01
2.674231903293164514e+00 1.080000000000000071e+01 1.605749650064920986e-01 -8.847526182535569994e-02
2.674231903293164514e+00 1.090000000000000036e+01 2.874868198053112320e-02 -2.504048728206023644e-02
2.674231903293164514e+00 1.100000000000000000e+01 -1.835178763248471829e-03 -2.495190800840184527e-03
2.674231903293164514e+00 1.110000000000000142e+01 2.592681150761857886e-05 8.414470113872384244e-04
2.674231903293164514e+00 1.120000000000000107e+01 1.773690867587701192e-03 -2.753364756961450884e-03
2.674231903293164514e+00 1.130000000000000071e+01 -3.216326209328371211e-02 -2.449300405112075224e-02
2.674231903293164514e+00 1.140000000000000036e+01 -1.661982757321933124e-01 -8.423353235624904400e-02
2.674231903293164514e+00 1.150000000000000000e+01 -1.245266450894705057e-01 -1.595562937090892475e-01
2.674231903293164514e+00 1.160000000000000142e+01 -3.440192294589197730e-02 -3.997666024346756275e-02
2.674231903293164514e+00 1.170000000000000107e+01 -4.025811255510397361e-03 1.772317855251310343e-03
2.674231903293164514e+00 1.180000000000000071e+01 7.955335663055814908e-04 2.370403400130903764e-04
2.674231903293164514e+00 1.190000000000000036e+01 -1.529335883291985283e-03 -1.582315395917319265e-03
2.674231903293164514e+00 1.200000000000000000e+01 -1.694178895207060914e-02 2.142433446410457742e-02
2.674231903293164514e+00 1.210000000000000142e+01 -4.846893611104532984e-02 1.518825341168279774e-01
2.674231903293164514e+00 1.220000000000000107e+01 -1.441592578240914191e-01 1.604145698211777438e-01
2.674231903293164514e+00 1.230000000000000071e+01 -5.236321293926016196e-02 4.762884022322044081e-02
2.674231903293164514e+00 1.240000000000000036e+01 1.442523212805328723e-03 6.236108328334136544e-03
2.674231903293164514e+00 1.250000000000000000e+01 5.026778788600874464e-04 -7.257167304593860682e-04
2.674231903293164514e+00 1.260000000000000142e+01 -1.338869529550508822e-03 7.543277516819726913e-04
2.674231903293164514e+00 1.270000000000000107e+01 1.350868597529911522e-02 1.187464952750087906e-02
2.674231903293164514e+00 1.280000000000000071e+01 1.295061618275157311e-01 2.181035226095598759e-02
2.674231903293164514e+00 1.290000000000000036e+01 1.901687153347509374e-01 1.150012862319614027e-01
2.674231903293164514e+00 1.300000000000000000e+01 6.571637917593557698e-02 6.409178965044226572e-02
2.674231903293164514e+00 1.310000000000000142e+01 9.415812489183647549e-03 -6.879989038985755579e-04
2.674231903293164514e+00 1.320000000000000107e+01 -6.176709956350726104e-04 -7.983964786515290474e-04
2.674231903293164514e+00 1.330000000000000071e+01 2.637039632778168390e-04 1.096198565970240993e-03
2.674231903293164514e+00 1.340000000000000036e+01 8.405904004593603776e-03 -8.038026746405281531e-03
2.674231903293164514e+00 1.350000000000000000e+01 4.806249059917157458e-03 -1.039216553387725811e-01
2.674231903293164514e+00 1.360000000000000142e+01 7.571839102839987568e-02 -2.081631330077707009e-01
2.674231903293164514e+00 1.370000000000000107e+01 7.260637371581084298e-02 -8.904086238787728425e-02
2.674231903293164514e+00 1.380000000000000071e+01 6.349848316990529479e-04 -1.394177635130774626e-02
2.674231903293164514e+00 1.390000000000000036e+01 -1.154258701872839165e-03 4.401313835685054265e-04
2.674231903293164514e+00 1.400000000000000000e+01 8.762539243634100486e-04 5.062711398816177279e-05
2.674231903293164514e+00 1.410000000000000142e+01 -4.447908031205474386e-03 -5.963888545598192148e-03
2.674231903293164514e+00 1.420000000000000107e+01 -7.921280139874438408e-02 3.774527285666709649e-03
2.674231903293164514e+00 1.430000000000000071e+01 -2.112549103465266587e-01 -3.198204221251186447e-02
2.674231903293164514e+00 1.440000000000000036e+01 -1.167524844690851910e-01 -7.425586479734463952e-02
2.674231903293164514e+00 1.450000000000000000e+01 -2.029595331143344006e-02 -2.616796341705385134e-03
2.674231903293164514e+00 1.460000000000000142e+01 1.449247187694730822e-04 1.596267679637796951e-03
2.674231903293164514e+00 1.470000000000000107e+01 2.593442259259099813e-04 -6.818590554210809647e-04
2.674231903293164514e+00 1.480000000000000071e+01 -4.213728210660506318e-03 2.223195500484202117e-03
2.674231903293164514e+00 1.490000000000000036e+01 6.659941026273923960e-03 5.777574954749394726e-02
2.674231903293164514e+00 1.500000000000000000e+01 9.101047944371951429e-03 1.990114459933864099e-01
2.674231903293164514e+00 1.510000000000000142e+01 -6.621386216802296887e-02 1.463520857372782036e-01
2.674231903293164514e+00 1.520000000000000107e+01 -5.155793142944764193e-03 2.905396073733194917e-02
2.674231903293164514e+00 1.530000000000000071e+01 2.156854836043751739e-03 3.502453767373258568e-04
2.674231903293164514e+00 1.540000000000000036e+01 -5.072384510612780884e-04 -4.085678020426229966e-04
2.674231903293164514e+00 1.550000000000000000e+01 9.077883150914138740e-04 2.945501455044168253e-03
2.674231903293164514e+00 1.560000000000000142e+01 4.061907588343728615e-02 -6.140758358524955884e-03
2.674231903293164514e+00 1.570000000000000107e+01 1.746803729249604975e-01 -4.158933967417829253e-02
2.674231903293164514e+00 1.580000000000000071e+01 1.737729266753877955e-01 4.662220656907724303e-02
2.674231903293164514e+00 1.590000000000000036e+01 4.080217294988548737e-02 7.739081287193382008e-03
2.674231903293164514e+00 1.600000000000000000e+01 1.169229896279125498e-03 -2.871707827350766708e-03
2.674231903293164514e+00 1.610000000000000142e+01 -5.264776052406064605e-04 3.409627095082400756e-04
2.674231903293164514e+00 1.619999999999999929e+01 2.031854560157215356e-03 -1.697707555874229202e-04
2.674231903293164514e+00 1.630000000000000071e+01 -4.235076380492517646e-03 -2.772223779110974742e-02
2.674231903293164514e+00 1.640000000000000213e+01 -6.212154455960051253e-02 -1.433613674901314528e-01
2.674231903293164514e+00 1.650000000000000000e+01 1.587588189071481928e-02 -1.940759643000788959e-01
2.674231903293164514e+00 1.660000000000000142e+01 9.313701538862986101e-03 -5.599220985839618858e-02
2.674231903293164514e+00 1.669999999999999929e+01 -3.781610837758681357e-03 -2.486956745674015826e-03
2.674231903293164514e+00 1.680000000000000071e+01 1.664273034080667076e-04 6.305300169699554116e-04
2.674231903293164514e+00 1.690000000000000213e+01 2.216761506062444047e-04 -1.380289918982406704e-03
2.674231903293164514e+00 1.700000000000000000e+01 -1.848237242905705069e-02 2.234254144126955784e-03
2.674231903293164514e+00 1.710000000000000142e+01 -1.103821750286768516e-01 7.040204801467549178e-02
2.674231903293164514e+00 1.719999999999999929e+01 -2.023615524738741622e-01 2.265624832617742224e-02
2.674231903293164514e+00 1.730000000000000071e+01 -7.464880390859521264e-02 -8.338625638386137906e-03
2.674231903293164514e+00 1.740000000000000213e+01 -4.571240037964868948e-03 4.943133058024034091e-03
2.674231903293164514e+00 1.750000000000000000e+01 7.282639172195247684e-04 3.721486310906157080e-05
2.674231903293164514e+00 1.760000000000000142e+01 -9.105152359943133713e-04 -4.142536925092388158e-04
2.674231903293164514e+00 1.769999999999999929e+01 6.132015291582860496e-04 1.207018862729648291e-02
2.674231903293164514e+00 1.780000000000000071e+01 6.867345761725079933e-02 8.045350638975942714e-02
2.674231903293164514e+00 1.790000000000000213e+01 6.399989768654851252e-02 1.958610383794874010e-01
2.674231903293164514e+00 1.800000000000000000e+01 -2.367583566778324721e-03 9.555027345295027952e-02
2.674231903293164514e+00 1.810000000000000142e+01 6.440493233374352221e-03 7.708383197225449589e-03
2.674231903293164514e+00 1.819999999999999929e+01 2.988553526232980715e-04 -8.220679226273375955e-04
2.674231903293164514e+00 1.830000000000000071e+01 -4.940790954655109547e-04 5.740798901909298846e-04
2.674231903293164514e+00 1.840000000000000213e+01 7.718436286037313153e-03 3.801089904525676048e-04
2.674231903293164514e+00 1.850000000000000000e+01 5.589871951827671270e-02 -5.999406796723388141e-02
2.674231903293164514e+00 1.860000000000000142e+01 1.749649996565962595e-01 -1.005675985348848805e-01
2.674231903293164514e+00 1.869999999999999929e+01 1.170724775837182347e-01 -1.020129095936649077e-02
2.674231903293164514e+00 1.880000000000000071e+01 1.236400945900938998e-02 -8.444737569511844705e-03
2.674231903293164514e+00 1.890000000000000213e+01 -9.027388030919479122e-04 -6.588257461525338921e-04
2.674231903293164514e+00 1.900000000000000000e+01 3.235505695591844063e-04 5.166084391263456354e-04
2.674231903293164514e+00 1.910000000000000142e+01 9.204133065800305935e-04 -4.824159432570519941e-03
2.674231903293164514e+00 1.920000000000000284e+01 -4.814446414336853719e-02 -3.782462442973089090e-02
2.674231903293164514e+00 1.930000000000000071e+01 -1.276048023316640467e-01 -1.430734621578349519e-01
2.674231903293164514e+00 1.940000000000000213e+01 -3.131470863105229735e-02 -1.355184718665437549e-01
2.674231903293164514e+00 1.950000000000000000e+01 -1.134509924215918938e-02 -1.877868478631650531e-02
2.674231903293164514e+00 1.960000000000000142e+01 -1.168038019586755327e-03 9.498558833372907836e-04
2.674231903293164514e+00 1.970000000000000284e+01 5.113030186048564320e-04 -1.301874795363526082e-04
2.674231903293164514e+00 1.980000000000000071e+01 -2.951217677884828902e-03 -1.102598820838720335e-03
2.674231903293164514e+00 1.990000000000000213e+01 -2.516186299196994727e-02 3.617943440753552953e-02
2.674231903293164514e+00 2.000000000000000000e+01 -1.048823168312763982e-01 1.413019967760743012e-01
2.674231903293164514e+00 2.010000000000000142e+01 -1.463823050186973673e-01 6.043471297863654140e-02
2.674231903293164514e+00 2.020000000000000284e+01 -2.720134753278834888e-02 1.568398570963291938e-02
2.674231903293164514e+00 2.030000000000000071e+01 9.179219687297419678e-04 1.908472117014332718e-03
2.674231903293164514e+00 2.040000000000000213e+01 3.168763447566793744e-05 -4.901247802709548206e-04
2.674231903293164514e+00 2.050000000000000000e+01 -1.078625454562254747e-03 1.745214726196142206e-03
2.674231903293164514e+00 2.060000000000000142e+01 2.554853782903315773e-02 1.675317437976276552e-02
2.674231903293164514e+00 2.070000000000000284e+01 1.406771436787499219e-01 6.729327417821077961e-02
2.674231903293164514e+00 2.080000000000000071e+01 9.443979213144021445e-02 1.462958485509148754e-01
2.674231903293164514e+00 2.090000000000000213e+01 2.228190332209162641e-02 3.767054694455559960e-02
2.674231903293164514e+00 2.100000000000000000e+01 2.995417741527768660e-03 -7.282732264559359106e-04
2.674231903293164514e+00 2.110000000000000142e+01 -4.571157068253261504e-04 -1.831019014779465656e-04
2.674231903293164514e+00 2.120000000000000284e+01 9.740669628634605068e-04 9.638160974184753482e-04
2.674231903293164514e+00 2.130000000000000071e+01 1.138072121372559614e-02 -1.702949274793236559e-02
2.674231903293164514e+00 2.140000000000000213e+01 3.562103024091312076e-02 -1.284795256486382653e-01
2.674231903293164514e+00 2.150000000000000000e+01 1.331945192099659447e-01 -1.287492727017020833e-01
2.674231903293164514e+00 2.160000000000000142e+01 4.958596239082312118e-02 -3.221923795706662513e-02
2.674231903293164514e+00 2.170000000000000284e+01 -2.681907411403207375e-04 -4.584069242391658472e-03
2.674231903293164514e+00 2.180000000000000071e+01 -3.411558972323870155e-04 4.086984479483819288e-04
2.674231903293164514e+00 2.190000000000000213e+01 8.176897582057851815e-04 -4.859353546437800023e-04
2.674231903293164514e+00 2.200000000000000000e+01 -1.075744582926237147e-02 -7.924138686615147392e-03
2.674231903293164514e+00 2.210000000000000142e+01 -1.090778988373646424e-01 -1.252924509141829790e-02
2.674231903293164514e+00 2.220000000000000284e+01 -1.577873601686277383e-01 -1.072402557129913392e-01
2.674231903293164514e+00 2.230000000000000071e+01 -4.665612591046729152e-02 -6.142018449213359349e-02
2.674231903293164514e+00 2.240000000000000213e+01 -6.891260066287318263e-03 -6.188127340112754230e-04
2.674231903293164514e+00 2.250000000000000000e+01 3.333808567623896407e-04 5.213437959338327980e-04
2.674231903293164514e+00 2.260000000000000142e+01 -1.776617183462192787e-04 -6.704900930610348296e-04
2.674231903293164514e+00 2.270000000000000284e+01 -5.612363398303244974e-03 6.441058530244216963e-03
2.674231903293164514e+00 2.280000000000000071e+01 1.646042676376084819e-03 8.698442918436750937e-02
2.674231903293164514e+00 2.290000000000000213e+01 -7.134959926089545768e-02 1.763963161888493780e-01
2.674231903293164514e+00 2.300000000000000000e+01 -7.070523443381268591e-02 6.622680573037598162e-02
2.674231903293164514e+00 2.310000000000000142e+01 -2.083940710941587122e-03 1.020678922653623505e-02
2.674231903293164514e+00 2.320000000000000284e+01 7.393876863293916352e-04 -2.102076422136112718e-04
2.674231903293164514e+00 2.330000000000000071e+01 -5.360807232251000101e-04 -1.888315691557424216e-05
2.674231903293164514e+00 2.340000000000000213e+01 3.630381601029440859e-03 3.999955964230493544e-03
2.674231903293164514e+00 2.350000000000000000e+01 6.571289731853723060e-02 -8.357295708592549915e-03
2.674231903293164514e+00 2.360000000000000142e+01 1.811975132043194270e-01 3.100092398300599572e-02
2.674231903293164514e+00 2.370000000000000284e+01 9.056212373275221439e-02 7.428844676638052258e-02
2.674231903293164514e+00 2.380000000000000071e+01 1.494128701575087384e-02 4.236209549098561220e-03
2.674231903293164514e+00 2.390000000000000213e+01 -5.982511943394133451e-06 -1.013643719934910351e-03
2.674231903293164514e+00 2.400000000000000000e+01 -1.479702409820426784e-04 4.187158377706275613e-04
2.674231903293164514e+00 2.410000000000000142e+01 2.839916508938990398e-03 -1.896844227154242208e-03
2.674231903293164514e+00 2.420000000000000284e+01 -9.941781360722334177e-03 -4.748026253115757850e-02
2.674231903293164514e+00 2.430000000000000071e+01 -7.606528402933554131e-03 -1.717411010554267259e-01
2.674231903293164514e+00 2.440000000000000213e+01 6.898422855499547479e-02 -1.175934710078659351e-01
2.674231903293164514e+00 2.450000000000000000e+01 7.032445116463860273e-03 -2.159792874745783756e-02
2.674231903293164514e+00 2.460000000000000142e+01 -1.365267684607602032e-03 -3.341846027562704710e-04
2.674231903293164514e+00 2.470000000000000284e+01 3.155710198607739460e-04 2.391815242318239248e-04
2.674231903293164514e+00 2.480000000000000071e+01 -8.745458639268635431e-04 -2.003657298947420038e-03
2.674231903293164514e+00 2.490000000000000213e+01 -3.314835044899203109e-02 8.711007863978154422e-03
2.674231903293164514e+00 2.500000000000000000e+01 -1.507712235671429257e-01 3.878554217035604101e-02
2.674231903293164514e+00 2.510000000000000142e+01 -1.437710598619146574e-01 -5.267860940233630440e-02
2.674231903293164514e+00 2.520000000000000284e+01 -3.077290341752123709e-02 -1.017965569030238222e-02
2.674231903293164514e+00 2.530000000000000071e+01 -9.088527413279978272e-04 1.816729490243901464e-03
2.674231903293164514e+00 2.540000000000000213e+01 3.135282988737374829e-04 -2.178659513360880606e-04
2.674231903293164514e+00 2.550000000000000000e+01 -1.403885243877196331e-03 2.899621219718529733e-04
2.674231903293164514e+00 2.560000000000000142e+01 6.342823198018785434e-03 2.257500215617075368e-02
2.674231903293164514e+00 2.570000000000000284e+01 5.885879035773524531e-02 1.231472947705701537e-01
2.674231903293164514e+00 2.580000000000000071e+01 -2.551934133629151641e-02 1.643969111737426103e-01
2.674231903293164514e+00 2.590000000000000213e+01 -1.281688980547058578e-02 4.298226632833491989e-02
2.674231903293164514e+00 2.600000000000000000e+01 2.382938209700075256e-03 1.851782241071226300e-03
2.674231903293164514e+00 2.610000000000000142e+01 -1.127141230529315243e-04 -3.797581507229163037e-04
2.674231903293164514e+00 2.620000000000000284e+01 -3.491006335677216982e-05 9.664924678878425131e-04
2.674231903293164514e+00 2.630000000000000071e+01 1.502874802411128911e-02 -3.884296934870695370e-03
2.674231903293164514e+00 2.640000000000000213e+01 9.376506096587210182e-02 -6.730112368037914627e-02
2.674231903293164514e+00 2.650000000000000000e+01 1.748030933845408086e-01 -9.776649696965091646e-03
2.674231903293164514e+00 2.660000000000000142e+01 5.850266270696787702e-02 1.346808598486918217e-02
2.674231903293164514e+00 2.670000000000000284e+01 3.339206939109594721e-03 -3.102964722593541582e-03
2.674231903293164514e+00 2.680000000000000071e+01 -4.421561597464286771e-04 -8.901865496706660573e-06
2.674231903293164514e+00 2.690000000000000213e+01 6.507240183923169519e-04 1.987361305210871864e-04
2.674231903293164514e+00 2.700000000000000000e+01 -1.977673823221560035e-03 -9.813564229941704881e-03
2.674231903293164514e+00 2.710000000000000142e+01 -6.591678583910952349e-02 -6.684800311161580300e-02
2.674231903293164514e+00 2.720000000000000284e+01 -4.824846714125635705e-02 -1.715920707669963963e-01
2.674231903293164514e+00 2.730000000000000071e+01 1.030453437740084209e-02 -7.663180294061763820e-02
2.674231903293164514e+00 2.740000000000000213e+01 -4.033020740505222253e-03 -5.640281325842329274e-03
2.674231903293164514e+00 2.750000000000000000e+01 -1.645559470735494798e-04 5.062218199834908876e-04
2.674231903293164514e+00 2.760000000000000142e+01 2.756423069239375334e-04 -4.269248793103808766e-04
2.674231903293164514e+00 2.770000000000000284e+01 -6.339047307234825686e-03 7.118270684076024452e-04
2.674231903293164514e+00 2.780000000000000071e+01 -4.501164568592073978e-02 5.820328300184671177e-02
2.674231903293164514e+00 2.790000000000000213e+01 -1.546072580606599745e-01 8.427503864388195820e-02
2.674231903293164514e+00 2.800000000000000000e+01 -9.599983162734404551e-02 -1.137389042198072879e-03
2.674231903293164514e+00 2.810000000000000142e+01 -9.089733345488092142e-03 5.246825799403372591e-03
2.674231903293164514e+00 2.820000000000000284e+01 5.615339434576263871e-04 3.854308134780877080e-04
2.674231903293164514e+00 2.830000000000000071e+01 -2.581822942619609648e-04 -3.084323093874756852e-04
2.674231903293164514e+00 2.840000000000000213e+01 -5.845206095902198489e-05 4.017450071020091384e-03
2.674231903293164514e+00 2.850000000000000000e+01 4.708775617072550462e-02 2.918639057194525460e-02
2.674231903293164514e+00 2.860000000000000142e+01 1.116332119257817945e-01 1.265994773929662032e-01
2.674231903293164514e+00 2.870000000000000284e+01 1.569340753405738462e-02 1.137609789774861879e-01
2.674231903293164514e+00 2.880000000000000071e+01 7.066025006157485196e-03 1.398546594653620606e-02
2.674231903293164514e+00 2.890000000000000213e+01 6.995625991520813911e-04 -6.011958931122295775e-04
2.674231903293164514e+00 2.900000000000000000e+01 -3.151927461267773874e-04 1.308326811864344045e-04
2.674231903293164514e+00 2.910000000000000142e+01 2.501506766456794428e-03 4.282755958255648186e-04
2.674231903293164514e+00 2.920000000000000284e+01 1.851234631915588472e-02 -3.560416324154663803e-02
2.674231903293164514e+00 2.930000000000000071e+01 9.219935942220208736e-02 -1.265429617103965287e-01
2.674231903293164514e+00 2.940000000000000213e+01 1.260325828516159208e-01 -4.008932918946596369e-02
2.674231903293164514e+00 2.950000000000000000e+01 2.073760120497414663e-02 -9.800534740387280633e-03
2.674231903293164514e+00 2.960000000000000142e+01 -5.895598128706006080e-04 -1.171371191824503808e-03
2.674231903293164514e+00 2.970000000000000284e+01 2.436365562680878428e-05 3.112807200705902731e-04
2.674231903293164514e+00 2.980000000000000071e+01 5.687640946549436371e-04 -1.527391970669331493e-03
2.674231903293164514e+00 2.990000000000000213e+01 -2.544004762381932988e-02 -1.185092871974909902e-02
2.674231903293164514e+00 3.000000000000000000e+01 -1.285372407113431481e-01 -5.723523336571754300e-02
2.674231903293164514e+00 3.010000000000000142e+01 -7.078923618296453779e-02 -1.291974026733321013e-01
2.674231903293164514e+00 3.020000000000000284e+01 -1.429905430165287136e-02 -2.926578562919457394e-02
2.674231903293164514e+00 3.030000000000000071e+01 -1.860431782613224290e-03 4.883161895472081480e-04
2.674231903293164514e+00 3.040000000000000213e+01 2.990627959531540312e-04 7.213787499852275173e-05
2.674231903293164514e+00 3.050000000000000000e+01 -8.952360888585044222e-04 -5.801730670466906988e-04
2.674231903293164514e+00 3.060000000000000142e+01 -7.836563929724101041e-03 1.721183393731856581e-02
2.674231903293164514e+00 3.070000000000000284e+01 -2.721477500082024673e-02 1.190578958359413547e-01
2.674231903293164514e+00 3.080000000000000071e+01 -1.203717875877338139e-01 1.030178791620200013e-01
2.674231903293164514e+00 3.090000000000000213e+01 -3.945348573862900166e-02 2.140819360846521122e-02
2.674231903293164514e+00 3.100000000000000000e+01 2.049372042064210935e-04 2.897541953727027480e-03
2.674231903293164514e+00 3.110000000000000142e+01 1.714446257645834684e-04 -2.799405621942362122e-04
2.674231903293164514e+00 3.120000000000000284e+01 -5.304671205670309295e-04 4.986575634235783068e-04
2.674231903293164514e+00 3.130000000000000071e+01 1.117338836115432631e-02 5.408008692905986667e-03
2.674231903293164514e+00 3.140000000000000213e+01 1.023033618405776446e-01 4.550202950260275568e-03
2.674231903293164514e+00 3.150000000000000000e+01 1.323747570399182727e-01 9.884994829094244373e-02
2.674231903293164514e+00 3.160000000000000142e+01 3.243254550917209350e-02 4.992784150572985441e-02
2.674231903293164514e+00 3.170000000000000284e+01 4.417579072828184926e-03 3.515929867919687936e-04
2.674231903293164514e+00 3.180000000000000071e+01 -2.464156900262884863e-04 -2.833774504572227049e-04
2.674231903293164514e+00 3.190000000000000213e+01 2.429606860845073943e-04 4.574126262076723902e-04
2.674231903293164514e+00 3.200000000000000000e+01 3.900016401052510719e-03 -6.916892301576013299e-03
2.674231903293164514e+00 3.210000000000000142e+01 -9.040496013199009889e-03 -8.205533258324569645e-02
2.674231903293164514e+00 3.220000000000000284e+01 6.736397594296768265e-02 -1.529048881385423886e-01
2.674231903293164514e+00 3.230000000000000426e+01 5.925432289510976225e-02 -4.798985009599108370e-02
2.674231903293164514e+00 3.239999999999999858e+01 1.342977160901367073e-03 -6.666865187176345721e-03
2.674231903293164514e+00 3.250000000000000000e+01 -4.224156419932353608e-04 1.892029493598287014e-04
2.674231903293164514e+00 3.260000000000000142e+01 3.831244411536161194e-04 -7.941809930185210519e-05
2.674231903293164514e+00 3.270000000000000284e+01 -4.128704211306000009e-03 -2.860763964989055351e-03
2.674231903293164514e+00 3.280000000000000426e+01 -6.221591802135623128e-02 1.533546132236924577e-02
2.674231903293164514e+00 3.289999999999999858e+01 -1.611738825208129944e-01 -2.963337662982113915e-02
2.674231903293164514e+00 3.300000000000000000e+01 -6.839456830332110715e-02 -6.414193704065211665e-02
2.674231903293164514e+00 3.310000000000000142e+01 -9.925425309040277616e-03 -2.821700125267152456e-03
2.674231903293164514e+00 3.320000000000000284e+01 8.726641907194493939e-05 5.976794495492043346e-04
2.674231903293164514e+00 3.330000000000000426e+01 2.882446575506339309e-05 -3.125308978314123975e-04
2.674231903293164514e+00 3.339999999999999858e+01 -2.116131115086996618e-03 2.333319369805515135e-03
2.674231903293164514e+00 3.350000000000000000e+01 1.605967095206968509e-02 4.498305018692138474e-02
2.674231903293164514e+00 3.360000000000000142e+01 7.270106648596947121e-03 1.559350346475669447e-01
2.674231903293164514e+00 3.370000000000000284e+01 -6.229987939949532122e-02 9.213418552122593086e-02
2.674231903293164514e+00 3.380000000000000426e+01 -5.027779223135085511e-03 1.465777389293832292e-02
2.674231903293164514e+00 3.389999999999999858e+01 8.303021171102395763e-04 9.659245282888296506e-05
2.674231903293164514e+00 3.400000000000000000e+01 -2.498551699177747822e-04 -1.068746763178088518e-04
2.674231903293164514e+00 3.410000000000000142e+01 1.233017301096776515e-03 1.556511437090331599e-03
2.674231903293164514e+00 3.420000000000000284e+01 3.138202164737693284e-02 -1.389013389262424777e-02
2.674231903293164514e+00 3.430000000000000426e+01 1.386569546634069394e-01 -3.855552386468594911e-02
2.674231903293164514e+00 3.439999999999999858e+01 1.167661842862893068e-01 5.072512518739375614e-02
2.674231903293164514e+00 3.450000000000000000e+01 2.127891876642501109e-02 7.435950818633817183e-03
2.674231903293164514e+00 3.460000000000000142e+01 4.063129871884547700e-04 -1.132745642716535698e-03
2.674231903293164514e+00 3.470000000000000284e+01 -1.648337589472625921e-04 1.907790717300389253e-04
2.674231903293164514e+00 3.480000000000000426e+01 1.128215825816025059e-03 -5.883567809014873026e-04
2.674231903293164514e+00 3.489999999999999858e+01 -1.046736797680343847e-02 -2.128247185848434336e-02
2.674231903293164514e+00 3.500000000000000000e+01 -5.980910573852830925e-02 -1.137868692381697466e-01
2.674231903293164514e+00 3.510000000000000142e+01 2.915880346436619530e-02 -1.375277652607428125e-01
2.674231903293164514e+00 3.520000000000000284e+01 1.004448684216399830e-02 -3.043291041311138242e-02
2.674231903293164514e+00 3.530000000000000426e+01 -1.530588312265977009e-03 -9.462091517269047422e-04
2.674231903293164514e+00 3.539999999999999858e+01 1.294747995023186522e-04 2.183058138913712817e-04
2.674231903293164514e+00 3.550000000000000000e+01 -2.118433820258056001e-04 -8.096553943652119809e-04
2.674231903293164514e+00 3.560000000000000142e+01 -1.423852534142066965e-02 7.030566352427093831e-03
2.674231903293164514e+00 3.570000000000000284e+01 -8.622430902932697039e-02 7.010368918390375015e-02
2.674231903293164514e+00 3.580000000000000426e+01 -1.504946758821664177e-01 1.346732247829064569e-03
2.674231903293164514e+00 3.589999999999999858e+01 -4.246256856108104882e-02 -1.133099070958896830e-02
2.674231903293164514e+00 3.600000000000000000e+01 -1.812450356972822134e-03 2.050976146067109724e-03
2.674231903293164514e+00 3.610000000000000142e+01 2.681509640780082204e-04 -6.246121199157042678e-05
2.674231903293164514e+00 3.620000000000000284e+01 -5.722682582548336595e-04 8.416030274676344688e-06
2.674231903293164514e+00 3.630000000000000426e+01 4.352945906690274501e-03 9.373284622280160516e-03
2.674231903293164514e+00 3.639999999999999858e+01 7.023435944235122130e-02 5.990085217069702345e-02
2.674231903293164514e+00 3.650000000000000000e+01 3.680177431154938589e-02 1.512973436386989279e-01
2.674231903293164514e+00 3.660000000000000142e+01 -9.952251375128229327e-03 5.710734984988206919e-02
2.674231903293164514e+00 3.670000000000000284e+01 2.722224008837165893e-03 3.212727060623405025e-03
2.674231903293164514e+00 3.680000000000000426e+01 2.403101001160542693e-05 -3.198986423684246124e-04
2.674231903293164514e+00 3.689999999999999858e+01 -1.034224443944133445e-04 3.962451935609734950e-04
2.674231903293164514e+00 3.700000000000000000e+01 6.130720452633603434e-03 -2.357705283549394338e-03
2.674231903293164514e+00 3.710000000000000142e+01 3.889779831018892048e-02 -6.299788946104095677e-02
2.674231903293164514e+00 3.720000000000000284e+01 1.398760337784205610e-01 -7.121146815211024106e-02
2.674231903293164514e+00 3.730000000000000426e+01 7.388856122541551108e-02 4.307283343449086303e-03
2.674231903293164514e+00 3.739999999999999858e+01 5.416557849294480892e-03 -3.632277494150722239e-03
2.674231903293164514e+00 3.750000000000000000e+01 -3.757086725228792794e-04 -1.454293542607920675e-04
2.674231903293164514e+00 3.760000000000000142e+01 2.673601418730546606e-04 1.615848620732276801e-04
2.674231903293164514e+00 3.770000000000000284e+01 -1.092335258727055889e-03 -3.983933298739247147e-03
2.674231903293164514e+00 3.780000000000000426e+01 -5.223766293811197420e-02 -2.327288436166545169e-02
2.674231903293164514e+00 3.789999999999999858e+01 -1.001405391438969783e-01 -1.160124053780436509e-01
2.674231903293164514e+00 3.800000000000000000e+01 -8.228266080963050205e-03 -9.004269259480880694e-02
2.674231903293164514e+00 3.810000000000000142e+01 -4.946035047125945175e-03 -8.594017007473347264e-03
2.674231903293164514e+00 3.820000000000000284e+01 -3.164853008700949273e-04 4.284069071684176873e-04
2.674231903293164514e+00 3.830000000000000426e+01 1.879900329340393331e-04 -1.694918935602726705e-04
2.674231903293164514e+00 3.840000000000000568e+01 -2.550199963799473779e-03 3.630364234672218038e-04
2.674231903293164514e+00 3.850000000000000000e+01 -1.309117100119407129e-02 4.021092783853659480e-02
2.674231903293164514e+00 3.860000000000000142e+01 -8.446028991448308043e-02 1.177864400998557270e-01
2.674231903293164514e+00 3.870000000000000284e+01 -1.028021966542453647e-01 2.744624853738255807e-02
2.674231903293164514e+00 3.880000000000000426e+01 -1.317556669591594780e-02 6.865725843074270592e-03
2.674231903293164514e+00 3.890000000000000568e+01 4.689672448108571172e-04 5.785459533663319222e-04
2.674231903293164514e+00 3.900000000000000000e+01 -8.949272827754330931e-05 -2.016524037835881896e-04
2.674231903293164514e+00 3.910000000000000142e+01 -4.499954105831082606e-05 1.617960944094855129e-03
2.674231903293164514e+00 3.920000000000000284e+01 2.919876861800790868e-02 7.421754118147609776e-03
2.674231903293164514e+00 3.930000000000000426e+01 1.232537605950891207e-01 5.163898760171505703e-02
2.674231903293164514e+00 3.940000000000000568e+01 5.295252860589984983e-02 1.094105305261230815e-01
2.674231903293164514e+00 3.950000000000000000e+01 9.978995002588048752e-03 1.936399422936092157e-02
2.674231903293164514e+00 3.960000000000000142e+01 9.860494411772133781e-04 -4.761335397406840078e-04
2.674231903293164514e+00 3.970000000000000284e+01 -2.072518875049681017e-04 2.175936740302609963e-05
2.674231903293164514e+00 3.980000000000000426e+01 1.012486257065637165e-03 2.313281738843852892e-04
2.674231903293164514e+00 3.990000000000000568e+01 4.221936398015467724e-03 -2.035011463929541423e-02
2.674231903293164514e+00 4.000000000000000000e+01 2.102337736331013479e-02 -1.170628644539203900e-01
2.674231903293164514e+00 4.010000000000000142e+01 1.052559454723343696e-01 -8.255697427392338916e-02
2.674231903293164514e+00 4.020000000000000284e+01 2.684031985416809180e-02 -1.510579057916651945e-02
2.674231903293164514e+00 4.030000000000000426e+01 -4.200307147191205317e-04 -1.585544914964718503e-03
2.674231903293164514e+00 4.040000000000000568e+01 -4.276037181166965248e-05 2.069456148584646710e-04
2.674231903293164514e+00 4.050000000000000000e+01 2.905965646855208982e-04 -6.164972961641717762e-04
2.674231903293164514e+00 4.060000000000000142e+01 -1.351197569309527634e-02 -2.727870499698345063e-03
2.674231903293164514e+00 4.070000000000000284e+01 -1.021201023610535802e-01 2.964037505437311891e-03
2.674231903293164514e+00 4.080000000000000426e+01 -1.104629278133275883e-01 -8.912522541653106201e-02
2.674231903293164514e+00 4.090000000000000568e+01 -2.288938263952036700e-02 -3.515081795457668939e-02
2.674231903293164514e+00 4.100000000000000000e+01 -2.506118516352440727e-03 2.186064844837014623e-04
2.674231903293164514e+00 4.110000000000000142e+01 2.010775466239060508e-04 1.133552080214145485e-04
2.674231903293164514e+00 4.120000000000000284e+01 -3.588615439731687880e-04 -2.976037765988986494e-04
2.674231903293164514e+00 4.130000000000000426e+01 -2.015361103709070647e-03 8.692738233030267159e-03
2.674231903293164514e+00 4.140000000000000568e+01 1.748411408576829376e-02 8.286457099291295869e-02
2.674231903293164514e+00 4.150000000000000000e+01 -6.352153658235067113e-02 1.327510243896329600e-01
2.674231903293164514e+00 4.160000000000000142e+01 -4.358147213834089734e-02 3.447828370481531568e-02
2.674231903293164514e+00 4.170000000000000284e+01 -1.998920351613546660e-04 3.914798389761736490e-03
2.674231903293164514e+00 4.180000000000000426e+01 2.011626836031165874e-04 -1.872045517424260851e-04
2.674231903293164514e+00 4.190000000000000568e+01 -2.760932138832691016e-04 1.933360869596286867e-04
2.674231903293164514e+00 4.200000000000000000e+01 5.424144442771870918e-03 1.643593393321047874e-03
2.674231903293164514e+00 4.210000000000000142e+01 6.336970190559949867e-02 -2.448819707931117196e-02
2.674231903293164514e+00 4.220000000000000284e+01 1.450205996505924966e-01 2.925543836491469735e-02
2.674231903293164514e+00 4.230000000000000426e+01 5.054065246696824720e-02 4.898956858236694356e-02
2.674231903293164514e+00 4.240000000000000568e+01 5.996592151152183026e-03 9.045266046473995382e-04
2.674231903293164514e+00 4.250000000000000000e+01 -1.572212776293935462e-04 -3.087710860767335251e-04
2.674231903293164514e+00 4.260000000000000142e+01 8.378399601084107154e-05 2.424056963570780736e-04
2.674231903293164514e+00 4.270000000000000284e+01 1.342405283144691578e-03 -3.278981088269455370e-03
2.674231903293164514e+00 4.280000000000000426e+01 -2.545393517378121556e-02 -4.547421256920246985e-02
2.674231903293164514e+00 4.290000000000000568e+01 -6.821955494671779439e-03 -1.433257105235832274e-01
2.674231903293164514e+00 4.300000000000000000e+01 4.945200907545729829e-02 -6.988276044018232325e-02
2.674231903293164514e+00 4.310000000000000142e+01 2.000149476824878737e-03 -9.028049738240642025e-03
2.674231903293164514e+00 4.320000000000000284e+01 -4.515424804826037716e-04 9.282779694614909870e-05
2.674231903293164514e+00 4.330000000000000426e+01 2.077155246484829417e-04 -6.242819423104808063e-06
2.674231903293164514e+00 4.340000000000000568e+01 -1.901616666662777570e-03 -1.093573810100784008e-03
2.674231903293164514e+00 4.350000000000000000e+01 -3.133424794947107378e-02 2.204854755134937408e-02
2.674231903293164514e+00 4.360000000000000142e+01 -1.301089652050874679e-01 3.781308657216674030e-02
2.674231903293164514e+00 4.370000000000000284e+01 -9.115357334767019981e-02 -4.339978006180892495e-02
2.674231903293164514e+00 4.380000000000000426e+01 -1.348321100213326594e-02 -3.525733718922851017e-03
2.674231903293164514e+00 4.390000000000000568e+01 -3.574352009164319383e-05 6.529337050249836702e-04
2.674231903293164514e+00 4.400000000000000000e+01 5.207964519148111339e-05 -1.754370288116540116e-04
2.674231903293164514e+00 4.410000000000000142e+01 -8.763045284271345735e-04 1.059567675452805207e-03
2.674231903293164514e+00 4.420000000000000284e+01 1.717601912759795374e-02 2.117471979601425261e-02
2.674231903293164514e+00 4.430000000000000426e+01 6.135404341917476828e-02 1.086575362193841071e-01
2.674231903293164514e+00 4.440000000000000568e+01 -2.807113867654123518e-02 1.117987204185430378e-01
2.674231903293164514e+00 4.450000000000000000e+01 -5.092093348030559026e-03 1.983743086583594079e-02
2.674231903293164514e+00 4.460000000000000142e+01 9.335042797204672060e-04 2.664964375205811434e-04
2.674231903293164514e+00 4.470000000000000284e+01 -1.440629514004577690e-04 -9.819026644890977709e-05
2.674231903293164514e+00 4.480000000000000426e+01 5.606679031232760782e-04 6.810420659415111246e-04
2.674231903293164514e+00 4.490000000000000568e+01 1.402664744735735228e-02 -1.240170809613522739e-02
2.674231903293164514e+00 4.500000000000000000e+01 8.212244972951125710e-02 -7.507579725070155641e-02
2.674231903293164514e+00 4.510000000000000142e+01 1.264371220459610534e-01 2.944997619671218831e-03
2.674231903293164514e+00 4.520000000000000284e+01 2.837233188175179721e-02 5.989237249362002954e-03
2.674231903293164514e+00 4.530000000000000426e+01 6.618582365876449604e-04 -1.311285130327638363e-03
2.674231903293164514e+00 4.540000000000000568e+01 -1.402436095281864336e-04 1.099984550523625307e-04
2.674231903293164514e+00 4.550000000000000000e+01 5.150040108296028438e-04 -2.618263774922286618e-04
2.674231903293164514e+00 4.560000000000000142e+01 -8.316740858642335602e-03 -9.188557610885817600e-03
2.674231903293164514e+00 4.570000000000000284e+01 -7.749010213133067371e-02 -5.550962584607017913e-02
2.674231903293164514e+00 4.580000000000000426e+01 -2.812531616021684763e-02 -1.312845299083238992e-01
2.674231903293164514e+00 4.590000000000000568e+01 5.368334854898918797e-03 -3.912663989834047618e-02
2.674231903293164514e+00 4.600000000000000000e+01 -1.826297083825054049e-03 -1.339520086031677952e-03
2.674231903293164514e+00 4.610000000000000142e+01 6.814535674298059374e-05 1.835867619261522302e-04
2.674231903293164514e+00 4.620000000000000284e+01 -8.589489313619935805e-05 -3.847172852455483963e-04
2.674231903293164514e+00 4.630000000000000426e+01 -6.075918624987458952e-03 5.141099125011873786e-03
2.674231903293164514e+00 4.640000000000000568e+01 -3.357821651212449660e-02 7.145434108047572785e-02
2.674231903293164514e+00 4.650000000000000000e+01 -1.247914723082895333e-01 6.015239853043122253e-02
2.674231903293164514e+00 4.660000000000000142e+01 -5.219029188986880341e-02 -2.081474727213007518e-03
2.674231903293164514e+00 4.670000000000000284e+01 -2.467191096781972716e-03 2.541143810464717521e-03
2.674231903293164514e+00 4.680000000000000426e+01 2.335918231655366906e-04 -1.154465207184624782e-05
2.674231903293164514e+00 4.690000000000000568e+01 -2.840232531935202960e-04 -1.532060679634306697e-05
2.674231903293164514e+00 4.700000000000000000e+01 2.995626405120974892e-03 4.061719193411333050e-03
2.674231903293164514e+00 4.710000000000000142e+01 6.077121394627239132e-02 1.732468013041177021e-02
2.674231903293164514e+00 4.720000000000000284e+01 8.926994920682779222e-02 1.071511582084209019e-01
2.674231903293164514e+00 4.730000000000000426e+01 6.046279431516087509e-03 6.637955147338776840e-02
2.674231903293164514e+00 4.740000000000000568e+01 3.579797801708600128e-03 4.239308780206228408e-03
2.674231903293164514e+00 4.750000000000000000e+01 6.954717148678035937e-05 -2.910747168826087212e-04
2.674231903293164514e+00 4.760000000000000142e+01 -7.284205531356219363e-05 2.059530838627506857e-04
2.674231903293164514e+00 4.770000000000000284e+01 2.717345374960397717e-03 -1.629234424305928738e-03
2.674231903293164514e+00 4.780000000000000426e+01 6.621907114931559722e-03 -4.825164473694642381e-02
2.674231903293164514e+00 4.790000000000000568e+01 7.943051694570273102e-02 -1.106135257509180403e-01
2.674231903293164514e+00 4.800000000000000000e+01 7.885825384794141468e-02 -2.043906883171234951e-02
2.674231903293164514e+00 4.810000000000000142e+01 6.864273513183284658e-03 -5.113778082293373752e-03
2.674231903293164514e+00 4.820000000000000284e+01 -3.547219203552089898e-04 -1.927107320484345557e-04
2.674231903293164514e+00 4.830000000000000426e+01 1.431051860066826647e-04 1.056759039142177886e-04
2.674231903293164514e+00 4.840000000000000568e+01 -7.848045275685138888e-04 -1.801911441370163515e-03
2.674231903293164514e+00 4.850000000000000000e+01 -3.597683215571438609e-02 -9.256916690000927071e-04
2.674231903293164514e+00 4.860000000000000142e+01 -1.198896505060116219e-01 -4.690368738294808937e-02
2.674231903293164514e+00 4.870000000000000284e+01 -4.043788849538089425e-02 -8.647596264679549560e-02
2.674231903293164514e+00 4.880000000000000426e+01 -7.388477600155075008e-03 -1.055436898924194157e-02
2.674231903293164514e+00 4.890000000000000568e+01 -3.903182687964902326e-04 4.193224390206516140e-04
2.674231903293164514e+00 4.900000000000000000e+01 1.257374461545309146e-04 -9.065139932829930595e-05
2.674231903293164514e+00 4.910000000000000142e+01 -1.180219865845782588e-03 2.937889673035445144e-04
2.674231903293164514e+00 4.920000000000000284e+01 1.093376534004855379e-03 2.543890125774627906e-02
2.674231903293164514e+00 4.930000000000000426e+01 -1.633399372324760568e-02 1.170980647038888101e-01
2.674231903293164514e+00 4.940000000000000568e+01 -8.699056377954293706e-02 6.452642035958668087e-02
2.674231903293164514e+00 4.950000000000000000e+01 -1.544217263665802545e-02 1.086575750084735510e-02
2.674231903293164514e+00 4.960000000000000142e+01 4.750554283443955954e-04 7.044338545687768224e-04
2.674231903293164514e+00 4.970000000000000284e+01 -4.406334091508612704e-05 -1.406500513003362970e-04
2.674231903293164514e+00 4.980000000000000426e+01 3.528115090095452951e-05 7.717274664553082364e-04
2.674231903293164514e+00 4.990000000000000568e+01 1.728785593944893312e-02 -1.436460882488910587e-03
2.674231903293164514e+00 5.000000000000000000e+01 1.049407810601859642e-01 -8.566968446517690336e-03
2.674231903293164514e+00 5.010000000000000142e+01 9.034598377011955617e-02 7.832942093128519856e-02
2.674231903293164514e+00 5.020000000000000284e+01 1.630663621807939417e-02 2.150040492741406642e-02
2.674231903293164514e+00 5.030000000000000426e+01 1.202030599367172195e-03 -5.026792971585168851e-04
2.674231903293164514e+00 5.040000000000000568e+01 -1.518024375032151147e-04 -2.061374088772532053e-06
2.674231903293164514e+00 5.050000000000000000e+01 5.013564710696965989e-04 9.215962422668355029e-05
2.674231903293164514e+00 5.060000000000000142e+01 -1.098126482612240369e-03 -1.151844723093006263e-02
2.674231903293164514e+00 5.070000000000000284e+01 -2.631843852184205176e-02 -8.678658027278904341e-02
2.674231903293164514e+00 5.080000000000000426e+01 5.839639901917259568e-02 -1.132326262058627742e-01
2.674231903293164514e+00 5.090000000000000568e+01 2.777002788301403263e-02 -2.462699945788779030e-02
2.674231903293164514e+00 5.100000000000000000e+01 -4.702155590968885336e-04 -1.980834008534265202e-03
2.674231903293164514e+00 5.110000000000000142e+01 -5.212383410368671619e-05 1.598893453121659329e-04
2.674231903293164514e+00 5.120000000000000284e+01 1.418971019256449941e-04 -3.153578239851293646e-04
2.674231903293164514e+00 5.130000000000000426e+01 -7.430782788285126769e-03 5.244191803846627543e-04
2.674231903293164514e+00 5.140000000000000568e+01 -6.680445937033625825e-02 3.542195193005970300e-02
2.674231903293164514e+00 5.150000000000000000e+01 -1.285283977611645090e-01 -2.927842165125331061e-02
2.674231903293164514e+00 5.160000000000000142e+01 -3.630108372853815824e-02 -3.280025685472440916e-02
2.674231903293164514e+00 5.170000000000000284e+01 -3.156158301763850073e-03 3.479609897827859195e-04
2.674231903293164514e+00 5.180000000000000426e+01 1.643363794377357141e-04 1.153628176840230821e-04
2.674231903293164514e+00 5.190000000000000568e+01 -1.926422237971124911e-04 -1.572111985227504945e-04
2.674231903293164514e+00 5.200000000000000000e+01 7.969948725036655687e-05 4.674549837976558000e-03
2.674231903293164514e+00 5.210000000000000142e+01 3.680598367926241066e-02 4.761754711956573544e-02
2.674231903293164514e+00 5.220000000000000284e+01 3.353162139693144014e-03 1.318830931897745362e-01
2.674231903293164514e+00 5.230000000000000426e+01 -3.542471180407250064e-02 5.131317756071097219e-02
2.674231903293164514e+00 5.240000000000000568e+01 2.610394408055980903e-05 4.983586885677971853e-03
2.674231903293164514e+00 5.250000000000000000e+01 1.996684426948103751e-04 -1.576376495085639524e-04
2.674231903293164514e+00 5.260000000000000142e+01 -1.559016354374711524e-04 1.047974269053451060e-04
2.674231903293164514e+00 5.270000000000000284e+01 2.880742762085562996e-03 2.597958015344364814e-04
2.674231903293164514e+00 5.280000000000000426e+01 3.251212855584208888e-02 -3.303475037974894224e-02
2.674231903293164514e+00 5.290000000000000568e+01 1.238727740035651392e-01 -3.564758830558702185e-02
2.674231903293164514e+00 5.300000000000000000e+01 6.858329671199903110e-02 3.260413272149817465e-02
2.674231903293164514e+00 5.310000000000000142e+01 7.682623552663862126e-03 4.716681512170786922e-04
2.674231903293164514e+00 5.320000000000000284e+01 -1.326171991476601624e-04 -3.200767166891964636e-04
2.674231903293164514e+00 5.330000000000000426e+01 4.355503320034190219e-05 1.469973554051076897e-04
2.674231903293164514e+00 5.340000000000000568e+01 3.836349459690172503e-04 -1.746714912176665704e-03
2.674231903293164514e+00 5.350000000000000000e+01 -2.681150328925697296e-02 -2.111208663808473301e-02
2.674231903293164514e+00 5.360000000000000142e+01 -6.102296348317140517e-02 -1.060120925452481822e-01
2.674231903293164514e+00 5.370000000000000284e+01 2.355094048412703645e-02 -8.717969686374718585e-02
2.674231903293164514e+00 5.380000000000000426e+01 1.119140381263854711e-03 -1.171102954901348178e-02
2.674231903293164514e+00 5.390000000000000568e+01 -4.917470846005236960e-04 6.898454571335338730e-05
2.674231903293164514e+00 5.400000000000000000e+01 1.341121788568733284e-04 3.364866562516816097e-06
2.674231903293164514e+00 5.410000000000000142e+01 -1.028305346227118781e-03 -4.206649011414340523e-04
2.674231903293164514e+00 5.420000000000000284e+01 -1.362855554730196296e-02 2.022810542866197714e-02
2.674231903293164514e+00 5.430000000000000426e+01 -8.109311833197890840e-02 7.896733902445919606e-02
2.674231903293164514e+00 5.440000000000000568e+01 -1.023710530690476878e-01 -5.103358332827768497e-03
2.674231903293164514e+00 5.450000000000000000e+01 -1.722134379372451327e-02 -1.393012754711332821e-03
2.674231903293164514e+00 5.460000000000000142e+01 -5.649181268798614632e-05 7.361581868856945229e-04
2.674231903293164514e+00 5.470000000000000284e+01 4.161504395521916467e-05 -1.203699914574391910e-04
2.674231903293164514e+00 5.480000000000000426e+01 -3.810428497865568794e-04 5.978203739530630603e-04
2.674231903293164514e+00 5.490000000000000568e+01 1.438784713278634143e-02 8.429664762225100652e-03
2.674231903293164514e+00 5.500000000000000000e+01 8.503590844228088585e-02 5.370528881384532827e-02
2.674231903293164514e+00 5.510000000000000142e+01 1.987926570516923910e-02 1.109526529190285465e-01
2.674231903293164514e+00 5.520000000000000284e+01 -9.294862258986351768e-04 2.470471939135046591e-02
2.674231903293164514e+00 5.530000000000000426e+01 1.088675419428724494e-03 3.009758169936539740e-04
2.674231903293164514e+00 5.540000000000000568e+01 -1.039432028966468077e-04 -7.702495542053996481e-05
2.674231903293164514e+00 5.550000000000000000e+01 3.235421243990836042e-04 3.214876774611344660e-04
2.674231903293164514e+00 5.560000000000000142e+01 5.449524947387859863e-03 -9.510939721390618620e-03
2.674231903293164514e+00 5.570000000000000284e+01 2.975064606259686037e-02 -8.178733305169877399e-02
2.674231903293164514e+00 5.580000000000000426e+01 1.097416945238506719e-01 -4.936891979575103867e-02
2.674231903293164514e+00 5.590000000000000568e+01 3.391216957533189913e-02 -1.427323358532526024e-03
2.674231903293164514e+00 5.600000000000000000e+01 7.292742922360147088e-04 -1.594774397366142786e-03
2.674231903293164514e+00 5.610000000000000142e+01 -1.153430856337554002e-04 8.324532330223270271e-05
2.674231903293164514e+00 5.620000000000000284e+01 2.652533631944823723e-04 -1.588735463725027915e-04
2.674231903293164514e+00 5.630000000000000426e+01 -6.087541416439685819e-03 -3.637061673786139322e-03
2.674231903293164514e+00 5.640000000000000568e+01 -7.157362679725211285e-02 -1.049552062050825886e-02
2.674231903293164514e+00 5.650000000000000000e+01 -7.738969180797447556e-02 -9.685508146874891033e-02
2.674231903293164514e+00 5.660000000000000142e+01 -6.530342611806117664e-03 -4.436955061270490136e-02
2.674231903293164514e+00 5.670000000000000284e+01 -2.331981965567009926e-03 -1.484008857734546135e-03
2.674231903293164514e+00 5.680000000000000426e+01 5.292542487729029785e-05 1.607524751434704214e-04
2.674231903293164514e+00 5.690000000000000568e+01 -5.926583689712642438e-05 -2.125017691099321041e-04
2.674231903293164514e+00 5.700000000000000000e+01 -2.466804113429670996e-03 3.678306284531831800e-03
2.674231903293164514e+00 5.710000000000000142e+01 1.119980237878389750e-03 5.775438903345246622e-02
2.674231903293164514e+00 5.720000000000000284e+01 -7.542801481404548536e-02 9.959997451939552049e-02
2.674231903293164514e+00 5.730000000000000426e+01 -5.559480408659817074e-02 1.561398699485495693e-02
2.674231903293164514e+00 5.740000000000000568e+01 -2.742731396663492405e-03 3.425833577585164248e-03
2.674231903293164514e+00 5.750000000000000000e+01 2.168550384363417930e-04 -4.633518010609813413e-06
2.674231903293164514e+00 5.760000000000000142e+01 -1.655982261638505961e-04 -2.365891464914198460e-06
2.674231903293164514e+00 5.770000000000000284e+01 2.096036078209638324e-03 1.743612654102152069e-03
2.674231903293164514e+00 5.780000000000000426e+01 4.408204792179784559e-02 -7.018425830191682771e-03
2.674231903293164514e+00 5.790000000000000568e+01 1.138575982077298793e-01 4.704630198315723488e-02
2.674231903293164514e+00 5.800000000000000000e+01 3.031087328740226725e-02 6.445165223257763587e-02
2.674231903293164514e+00 5.810000000000000142e+01 5.073991288684568356e-03 4.584900548867446544e-03
2.674231903293164514e+00 5.820000000000000284e+01 7.051525718086706853e-05 -2.856277693066005142e-04
2.674231903293164514e+00 5.830000000000000426e+01 -4.133777466391482365e-05 1.279127328320605965e-04
2.674231903293164514e+00 5.840000000000000568e+01 1.239756433680104259e-03 -1.159573764347255308e-03
2.674231903293164514e+00 5.850000000000000000e+01 -9.301736250021388694e-03 -3.211856081654283768e-02
2.674231903293164514e+00 5.860000000000000142e+01 1.436047723396694821e-02 -1.168302101543509525e-01
2.674231903293164514e+00 5.870000000000000284e+01 6.725035939293523557e-02 -5.005863311974461521e-02
2.674231903293164514e+00 5.880000000000000426e+01 7.057432073298509391e-03 -7.564788919527555902e-03
2.674231903293164514e+00 5.890000000000000568e+01 -3.706010004335525787e-04 -1.913343894488628966e-04
2.674231903293164514e+00 5.900000000000000000e+01 9.635460074090577086e-05 6.696771233927619968e-05
2.674231903293164514e+00 5.910000000000000142e+01 -6.074200246360823537e-04 -8.669781322294354284e-04
2.674231903293164514e+00 5.920000000000000284e+01 -2.215008686835884949e-02 9.051667226317660145e-03
2.674231903293164514e+00 5.930000000000000426e+01 -1.072613877319588405e-01 1.482291216487001580e-02
2.674231903293164514e+00 5.940000000000000568e+01 -7.189866316790713419e-02 -6.248118816584530277e-02
2.674231903293164514e+00 5.950000000000000000e+01 -1.128620482774281633e-02 -1.032530071739172321e-02
2.674231903293164514e+00 5.960000000000000142e+01 -3.987604539811654423e-04 4.734984382867606025e-04
2.674231903293164514e+00 5.970000000000000284e+01 8.651442241844899377e-05 -6.702887501954936746e-05
2.674231903293164514e+00 5.980000000000000426e+01 -5.998513845309664085e-04 2.786843112165682669e-04
2.674231903293164514e+00 5.990000000000000568e+01 7.128154909452411210e-03 1.467037404912577975e-02
