7.293359736254084735e-01 0.000000000000000000e+00 1.000000000000000000e+00 -0.000000000000000000e+00
7.293359736254084735e-01 1.000000000000000056e-01 4.742629449523952379e-01 1.002365894253929995e-01
7.293359736254084735e-01 2.000000000000000111e-01 5.947530587473466579e-02 -3.091934185652136721e-02
7.293359736254084735e-01 3.000000000000000444e-01 -5.804096854933375738e-03 -5.117503962765787041e-03
7.293359736254084735e-01 4.000000000000000222e-01 1.552634518912108597e-03 5.636385864999550119e-03
7.293359736254084735e-01 5.000000000000000000e-01 2.610720549021288903e-02 -2.577877135692110272e-02
7.293359736254084735e-01 6.000000000000000888e-01 -1.037627927461829899e-02 -2.656189698984753322e-01
7.293359736254084735e-01 7.000000000000000666e-01 1.453261844006379366e-01 -5.552939586083446288e-01
7.293359736254084735e-01 8.000000000000000444e-01 2.374411827940269837e-01 -2.570344573060387994e-01
7.293359736254084735e-01 9.000000000000000222e-01 2.105252451011271203e-02 -5.522512016120878497e-02
7.293359736254084735e-01 1.000000000000000000e+00 -6.005553484539502551e-03 -1.474765479451466653e-03
7.293359736254084735e-01 1.100000000000000089e+00 2.060861462778111608e-03 2.477853790733608712e-03
7.293359736254084735e-01 1.200000000000000178e+00 3.754581654317603896e-03 -1.674000422873024932e-02
7.293359736254084735e-01 1.300000000000000044e+00 -1.153740272570784597e-01 -1.033823225536514567e-01
7.293359736254084735e-01 1.400000000000000133e+00 -2.872483111007583800e-01 -3.507346123952125860e-01
7.293359736254084735e-01 1.500000000000000000e+00 -5.044893180529606835e-02 -3.517707381842808956e-01
7.293359736254084735e-01 1.600000000000000089e+00 -2.285806674025298718e-02 -7.081890982412361590e-02
7.293359736254084735e-01 1.700000000000000178e+00 -7.145603565918890246e-03 1.568307194192152497e-03
7.293359736254084735e-01 1.800000000000000044e+00 2.226257000069970220e-03 1.182436491100149730e-03
7.293359736254084735e-01 1.900000000000000133e+00 -2.933628780385731487e-03 -9.428885221937221769e-03
7.293359736254084735e-01 2.000000000000000000e+00 -9.902991394578165851e-02 3.112512104846475690e-03
7.293359736254084735e-01 2.100000000000000089e+00 -3.802602840228108128e-01 2.006272249785783987e-02
7.293359736254084735e-01 2.200000000000000178e+00 -3.334513147787703802e-01 -1.841759606308652764e-01
7.293359736254084735e-01 2.300000000000000266e+00 -8.725089646332315207e-02 -5.055006885929845539e-02
7.293359736254084735e-01 2.400000000000000355e+00 -7.527161726658348172e-03 6.597486736800112737e-03
7.293359736254084735e-01 2.500000000000000000e+00 2.345995925184916116e-03 2.035833363084599951e-04
7.293359736254084735e-01 2.600000000000000089e+00 -4.538491441531618091e-03 -4.366495639637938721e-03
7.293359736254084735e-01 2.700000000000000178e+00 -4.636246440278766340e-02 4.474338668688088855e-02
7.293359736254084735e-01 2.800000000000000266e+00 -1.754475566623203697e-01 2.659235858253647944e-01
7.293359736254084735e-01 2.900000000000000355e+00 -3.644589070599944525e-01 1.774594673354782381e-01
7.293359736254084735e-01 3.000000000000000000e+00 -1.320326409230103137e-01 3.590569356710768961e-02
7.293359736254084735e-01 3.100000000000000089e+00 -4.291832793198380007e-03 1.401750992175906062e-02
7.293359736254084735e-01 3.200000000000000178e+00 2.353038379853413051e-03 -8.131573942189962130e-04
7.293359736254084735e-01 3.300000000000000266e+00 -4.168142487584054409e-03 -1.201543684129889036e-03
7.293359736254084735e-01 3.400000000000000355e+00 -4.058854578764365187e-03 4.153048328402710737e-02
7.293359736254084735e-01 3.500000000000000000e+00 8.642184245310978452e-02 2.447370328098584513e-01
7.293359736254084735e-01 3.600000000000000089e+00 -5.705813987556429545e-02 4.161816196573799864e-01
7.293359736254084735e-01 3.700000000000000178e+00 -8.101605295469090084e-02 1.618938919395540854e-01
7.293359736254084735e-01 3.800000000000000266e+00 6.683006062909033901e-03 2.111071329272717206e-02
7.293359736254084735e-01 3.900000000000000355e+00 2.081549952673738754e-03 -2.027922232984270476e-03
7.293359736254084735e-01 4.000000000000000000e+00 -3.159192816560452404e-03 6.019251554005316434e-04
7.293359736254084735e-01 4.100000000000000533e+00 1.457603990112000744e-02 2.255119752302053165e-02
7.293359736254084735e-01 4.200000000000000178e+00 1.929734708347223548e-01 6.606304118733700992e-02
7.293359736254084735e-01 4.299999999999999822e+00 3.186278779260940386e-01 2.750175859622295271e-01
7.293359736254084735e-01 4.400000000000000355e+00 9.445624358260691633e-02 2.107147870213751384e-01
7.293359736254084735e-01 4.500000000000000000e+00 2.759179169128722978e-02 1.934907611158159790e-02
7.293359736254084735e-01 4.600000000000000533e+00 1.211944210225684906e-03 -3.479107101246822070e-03
7.293359736254084735e-01 4.700000000000000178e+00 -2.060614390733077079e-03 1.545496990047999899e-03
7.293359736254084735e-01 4.800000000000000711e+00 1.615019073970229424e-02 6.117323266972871793e-03
7.293359736254084735e-01 4.900000000000000355e+00 1.318541505970094729e-01 -7.964190280405396283e-02
7.293359736254084735e-01 5.000000000000000000e+00 3.897864941343002765e-01 -1.151792304277794721e-01
7.293359736254084735e-01 5.100000000000000533e+00 2.754461044331653619e-01 6.337987979563219909e-02
7.293359736254084735e-01 5.200000000000000178e+00 5.061648236787232719e-02 -4.532217668786265793e-03
7.293359736254084735e-01 5.300000000000000711e+00 -7.750914136059126446e-04 -4.938740837956291652e-03
7.293359736254084735e-01 5.400000000000000355e+00 -1.037186112567377999e-03 1.984967321427392756e-03
7.293359736254084735e-01 5.500000000000000000e+00 1.090337491061012243e-02 -2.627923759565563549e-03
7.293359736254084735e-01 5.600000000000000533e+00 2.088566650530069777e-02 -1.097920187496579103e-01
7.293359736254084735e-01 5.700000000000000178e+00 1.072229833508730468e-01 -3.619435826665458045e-01
7.293359736254084735e-01 5.800000000000000711e+00 2.473400313929885741e-01 -2.207411140731467825e-01
7.293359736254084735e-01 5.900000000000000355e+00 5.019405346731180967e-02 -5.570376078163620515e-02
7.293359736254084735e-01 6.000000000000000000e+00 -4.489595219565404791e-03 -5.572213252532176933e-03
7.293359736254084735e-01 6.100000000000000533e+00 -8.476768546163036485e-05 2.119929404169486505e-03
7.293359736254084735e-01 6.200000000000000178e+00 5.186395339987812103e-03 -5.345138514482691838e-03
7.293359736254084735e-01 6.300000000000000711e+00 -4.496948959676058677e-02 -6.384131468491617556e-02
7.293359736254084735e-01 6.400000000000000355e+00 -2.158058871072532359e-01 -2.583149445626063967e-01
7.293359736254084735e-01 6.500000000000000000e+00 -5.118455067728331503e-02 -3.691829518381615216e-01
7.293359736254084735e-01 6.600000000000000533e+00 -6.464474011772075070e-03 -1.070429487846845940e-01
7.293359736254084735e-01 6.700000000000000178e+00 -1.005471734500499453e-02 -3.493501709222826719e-03
7.293359736254084735e-01 6.800000000000000711e+00 8.597797129047965795e-04 2.016453353162830225e-03
7.293359736254084735e-01 6.900000000000000355e+00 1.209579422882968783e-03 -4.981136409191874552e-03
7.293359736254084735e-01 7.000000000000000000e+00 -5.179872919794076269e-02 -1.028050143643536619e-02
7.293359736254084735e-01 7.100000000000000533e+00 -2.865041072133979738e-01 2.606780170497961790e-02
7.293359736254084735e-01 7.200000000000000178e+00 -3.646482645942693002e-01 -1.692450490606163815e-01
7.293359736254084735e-01 7.300000000000000711e+00 -1.154428567176892795e-01 -9.210748723032428920e-02
7.293359736254084735e-01 7.400000000000000355e+00 -1.565174790582693487e-02 4.207646003718908644e-03
7.293359736254084735e-01 7.500000000000000000e+00 1.858022637857200841e-03 1.619680369396139189e-03
7.293359736254084735e-01 7.600000000000000533e+00 -9.748341607791072023e-04 -3.576242971582662723e-03
7.293359736254084735e-01 7.700000000000000178e+00 -3.016988502411455109e-02 1.741019562214433936e-02
7.293359736254084735e-01 7.800000000000000711e+00 -1.208170229416344610e-01 2.019544550513345804e-01
7.293359736254084735e-01 7.900000000000000355e+00 -3.493554988305750397e-01 2.266344125745970439e-01
7.293359736254084735e-01 8.000000000000000000e+00 -1.910196956607408680e-01 3.952058352654568701e-02
7.293359736254084735e-01 8.099999999999999645e+00 -1.545278289046921050e-02 1.952550954210401785e-02
7.293359736254084735e-01 8.200000000000001066e+00 2.905905470003803965e-03 7.497223076943165072e-04
7.293359736254084735e-01 8.300000000000000711e+00 -1.938080412732952644e-03 -2.090734417604792669e-03
7.293359736254084735e-01 8.400000000000000355e+00 -8.185072011023591596e-03 2.109298110341226856e-02
7.293359736254084735e-01 8.500000000000000000e+00 6.688734110645043474e-02 1.715158986375364125e-01
7.293359736254084735e-01 8.599999999999999645e+00 8.056481692210766890e-03 4.142854164260807992e-01
7.293359736254084735e-01 8.700000000000001066e+00 -1.078255409488672462e-01 2.216791702571688782e-01
7.293359736254084735e-01 8.800000000000000711e+00 4.842922945194915222e-04 3.806353585441769882e-02
7.293359736254084735e-01 8.900000000000000355e+00 3.817425527564453219e-03 -9.013105061300177813e-04
7.293359736254084735e-01 9.000000000000000000e+00 -2.206062413542527866e-03 -8.283788498966569063e-04
7.293359736254084735e-01 9.099999999999999645e+00 3.850457132442219356e-03 1.413228729408255897e-02
7.293359736254084735e-01 9.200000000000001066e+00 1.307524279772619979e-01 4.368138721057772400e-02
7.293359736254084735e-01 9.300000000000000711e+00 3.401033952133301064e-01 2.034174016089342618e-01
7.293359736254084735e-01 9.400000000000000355e+00 1.411278161253184116e-01 2.624946983850729443e-01
7.293359736254084735e-01 9.500000000000000000e+00 3.855187853924318953e-02 4.227889291290142654e-02
7.293359736254084735e-01 9.600000000000001421e+00 4.013151021602060810e-03 -3.676896503584229248e-03
7.293359736254084735e-01 9.700000000000001066e+00 -2.101167889002473772e-03 1.969909718413237747e-04
7.293359736254084735e-01 9.800000000000000711e+00 7.278308197764804359e-03 6.229912359401518739e-03
7.293359736254084735e-01 9.900000000000000355e+00 8.612377260153906977e-02 -4.881170356524550807e-02
7.293359736254084735e-01 1.000000000000000000e+01 3.252787814178596526e-01 -1.627731869804539822e-01
7.293359736254084735e-01 1.010000000000000142e+01 3.429617775727708540e-01 3.582465240324941153e-02
7.293359736254084735e-01 1.020000000000000107e+01 8.363796232006268094e-02 5.062229784911246797e-03
7.293359736254084735e-01 1.030000000000000071e+01 2.253424118856733882e-03 -7.586465014844770947e-03
7.293359736254084735e-01 1.040000000000000036e+01 -1.762190468518232524e-03 1.060119113930493720e-03
7.293359736254084735e-01 1.050000000000000000e+01 6.354245710375911425e-03 9.455284108087724749e-04
7.293359736254084735e-01 1.060000000000000142e+01 1.745087905138784090e-02 -6.614577112241140644e-02
7.293359736254084735e-01 1.070000000000000107e+01 3.814063754039604542e-02 -3.179684983083994054e-01
7.293359736254084735e-01 1.080000000000000071e+01 2.405381815252339017e-01 -2.972261302205531641e-01
7.293359736254084735e-01 1.090000000000000036e+01 8.641153525891373532e-02 -8.112910493857732053e-02
7.293359736254084735e-01 1.100000000000000000e+01 -3.363614989230882986e-03 -1.140876546502506486e-02
7.293359736254084735e-01 1.110000000000000142e+01 -1.196391965488596181e-03 1.826991690594677179e-03
7.293359736254084735e-01 1.120000000000000107e+01 4.155054671685249126e-03 -1.662750731295204896e-03
7.293359736254084735e-01 1.130000000000000071e+01 -2.182907430332691259e-02 -4.031198867305499367e-02
7.293359736254084735e-01 1.140000000000000036e+01 -2.020229905952393989e-01 -1.788459411622852213e-01
7.293359736254084735e-01 1.150000000000000000e+01 -1.316407741313978530e-01 -3.852082968698414267e-01
7.293359736254084735e-01 1.160000000000000142e+01 -6.228932739532136442e-03 -1.609312582675614112e-01
7.293359736254084735e-01 1.170000000000000107e+01 -1.428288830221858575e-02 -1.131762127853649415e-02
7.293359736254084735e-01 1.180000000000000071e+01 -3.055308832864581190e-04 2.498677005984923424e-03
7.293359736254084735e-01 1.190000000000000036e+01 2.094504363260577505e-03 -2.538339911703076449e-03
7.293359736254084735e-01 1.200000000000000000e+01 -2.803038279406808164e-02 -1.065277499174521747e-02
7.293359736254084735e-01 1.210000000000000142e+01 -2.127175075202118459e-01 4.602048143807382918e-02
7.293359736254084735e-01 1.220000000000000107e+01 -4.057063764094238634e-01 -9.203216343682893430e-02
7.293359736254084735e-01 1.230000000000000071e+01 -1.684933109322602207e-01 -1.249423653731655398e-01
7.293359736254084735e-01 1.240000000000000036e+01 -2.801343734920653736e-02 -4.032179154316058297e-04
7.293359736254084735e-01 1.250000000000000000e+01 1.078715957245700297e-03 2.945195575348598035e-03
7.293359736254084735e-01 1.260000000000000142e+01 5.422147292067200277e-04 -2.522739155871318428e-03
7.293359736254084735e-01 1.270000000000000107e+01 -1.849605310912397216e-02 5.823720897561349141e-03
7.293359736254084735e-01 1.280000000000000071e+01 -7.329541190307951870e-02 1.508904431105691779e-01
7.293359736254084735e-01 1.290000000000000036e+01 -2.857502408724089116e-01 2.922886961469773892e-01
7.293359736254084735e-01 1.300000000000000000e+01 -2.502979894023903973e-01 7.498809234131759149e-02
7.293359736254084735e-01 1.310000000000000142e+01 -3.307869447298376203e-02 2.699391452293025892e-02
7.293359736254084735e-01 1.320000000000000107e+01 3.131296949724812241e-03 2.779381482485004246e-03
7.293359736254084735e-01 1.330000000000000071e+01 -5.399312330940057988e-04 -2.110281986292074363e-03
7.293359736254084735e-01 1.340000000000000036e+01 -7.494837719339964184e-03 1.006782464924730128e-02
7.293359736254084735e-01 1.350000000000000000e+01 5.022578493808243366e-02 1.131767029812133923e-01
7.293359736254084735e-01 1.360000000000000142e+01 9.177009247458192687e-02 3.743309538248519863e-01
7.293359736254084735e-01 1.370000000000000107e+01 -9.827236965435454108e-02 2.957718223244016342e-01
7.293359736254084735e-01 1.380000000000000071e+01 -9.085860660336305891e-03 6.308196079500995312e-02
7.293359736254084735e-01 1.390000000000000036e+01 5.780494369945888763e-03 1.208131160621474763e-03
7.293359736254084735e-01 1.400000000000000000e+01 -1.292196618597637320e-03 -1.527410760329743706e-03
7.293359736254084735e-01 1.410000000000000142e+01 -4.246852855677323881e-04 8.215304432721540553e-03
7.293359736254084735e-01 1.420000000000000107e+01 8.304359405963601670e-02 2.796111712716531361e-02
7.293359736254084735e-01 1.430000000000000071e+01 3.308415237779754881e-01 1.122966791701377753e-01
7.293359736254084735e-01 1.440000000000000036e+01 2.191027891307424369e-01 2.800476526269515820e-01
7.293359736254084735e-01 1.450000000000000000e+01 5.548619615417944156e-02 7.391315658587045700e-02
7.293359736254084735e-01 1.460000000000000142e+01 8.193739706056402811e-03 -2.952931999509936841e-03
7.293359736254084735e-01 1.470000000000000107e+01 -1.825932984737915722e-03 -8.142422741598955927e-04
7.293359736254084735e-01 1.480000000000000071e+01 2.661766774644975641e-03 4.873199976791964087e-03
7.293359736254084735e-01 1.490000000000000036e+01 5.358601883642539337e-02 -2.667004533175392281e-02
7.293359736254084735e-01 1.500000000000000000e+01 2.400205207489596315e-01 -1.855750402113308384e-01
7.293359736254084735e-01 1.510000000000000142e+01 3.871591107136690968e-01 -3.757988621981094707e-02
7.293359736254084735e-01 1.520000000000000107e+01 1.286502859573263879e-01 1.251639404371216770e-02
7.293359736254084735e-01 1.530000000000000071e+01 7.849174419638558706e-03 -1.061710978253832885e-02
7.293359736254084735e-01 1.540000000000000036e+01 -2.175857825295886977e-03 7.157747729876235841e-05
7.293359736254084735e-01 1.550000000000000000e+01 3.338006944468894285e-03 2.047306234774566146e-03
7.293359736254084735e-01 1.560000000000000142e+01 1.417026955220066636e-02 -3.704700020157426082e-02
7.293359736254084735e-01 1.570000000000000107e+01 -1.211575126722549099e-02 -2.518595877123896432e-01
7.293359736254084735e-01 1.580000000000000071e+01 1.805623566061104746e-01 -3.667655767261641664e-01
7.293359736254084735e-01 1.590000000000000036e+01 1.241155967577611680e-01 -1.212236404286991392e-01
7.293359736254084735e-01 1.600000000000000000e+01 1.766837301919431944e-04 -2.028414239789068721e-02
7.293359736254084735e-01 1.610000000000000142e+01 -2.266479776025066752e-03 1.222814129854634876e-03
7.293359736254084735e-01 1.619999999999999929e+01 2.922535901288357725e-03 1.634257772192528795e-04
7.293359736254084735e-01 1.630000000000000071e+01 -8.480424831034845401e-03 -2.431892469308143817e-02
7.293359736254084735e-01 1.640000000000000213e+01 -1.661728104069971068e-01 -1.116124889521681041e-01
7.293359736254084735e-01 1.650000000000000000e+01 -2.208583369989582101e-01 -3.487911325871138057e-01
7.293359736254084735e-01 1.660000000000000142e+01 -2.463917965802418786e-02 -2.218580501038623920e-01
7.293359736254084735e-01 1.669999999999999929e+01 -1.914793164334262221e-02 -2.459316513476889413e-02
7.293359736254084735e-01 1.680000000000000071e+01 -1.843540202393313980e-03 2.709013581732542045e-03
7.293359736254084735e-01 1.690000000000000213e+01 2.143012540094943724e-03 -9.463959648599058879e-04
7.293359736254084735e-01 1.700000000000000000e+01 -1.391466290499685302e-02 -9.088117749182195171e-03
7.293359736254084735e-01 1.710000000000000142e+01 -1.449850581864995935e-01 4.603732183535200889e-02
7.293359736254084735e-01 1.719999999999999929e+01 -3.998109363259397808e-01 6.433599746206379588e-03
7.293359736254084735e-01 1.730000000000000071e+01 -2.380315500747590685e-01 -1.363229468904597896e-01
7.293359736254084735e-01 1.740000000000000213e+01 -4.647568858849134010e-02 -9.243463778397794511e-03
7.293359736254084735e-01 1.750000000000000000e+01 -4.264363680511610894e-04 4.433758595649682673e-03
7.293359736254084735e-01 1.760000000000000142e+01 1.292771048004130252e-03 -1.549106431682188440e-03
7.293359736254084735e-01 1.769999999999999929e+01 -1.070997169655076367e-02 3.933983530791065777e-04
7.293359736254084735e-01 1.780000000000000071e+01 -4.362170706898111511e-02 1.017284457991841640e-01
7.293359736254084735e-01 1.790000000000000213e+01 -1.916808195943207616e-01 3.201285678140190494e-01
7.293359736254084735e-01 1.800000000000000000e+01 -2.905147683406851811e-01 1.405632255100851824e-01
7.293359736254084735e-01 1.810000000000000142e+01 -5.941220471563914141e-02 3.742826521924574878e-02
7.293359736254084735e-01 1.819999999999999929e+01 2.682495278336878737e-03 5.792664782820701810e-03
7.293359736254084735e-01 1.830000000000000071e+01 4.633347224286673768e-04 -1.843355127561675712e-03
7.293359736254084735e-01 1.840000000000000213e+01 -5.786601722539913041e-03 4.079780367509365686e-03
7.293359736254084735e-01 1.850000000000000000e+01 3.123732634244250073e-02 7.081666853250043192e-02
7.293359736254084735e-01 1.860000000000000142e+01 1.486788793268671305e-01 2.981408084267075376e-01
7.293359736254084735e-01 1.869999999999999929e+01 -4.617519380061942125e-02 3.602183230005445158e-01
7.293359736254084735e-01 1.880000000000000071e+01 -2.082454583764824577e-02 9.877249658724075732e-02
7.293359736254084735e-01 1.890000000000000213e+01 7.990783346999255285e-03 5.177181033449793600e-03
7.293359736254084735e-01 1.900000000000000000e+01 -3.930534465303652338e-04 -1.905057636304728673e-03
7.293359736254084735e-01 1.910000000000000142e+01 -1.928255612597312750e-03 4.404411190105407548e-03
7.293359736254084735e-01 1.920000000000000284e+01 4.840664018297013982e-02 1.929482079588117766e-02
7.293359736254084735e-01 1.930000000000000071e+01 2.828855918601684283e-01 3.643968356301729300e-02
7.293359736254084735e-01 1.940000000000000213e+01 3.033377338404125156e-01 2.496090580402997861e-01
7.293359736254084735e-01 1.950000000000000000e+01 8.296680837740570691e-02 1.125829225089798880e-01
7.293359736254084735e-01 1.960000000000000142e+01 1.453506776748693038e-02 -3.572867685143469490e-04
7.293359736254084735e-01 1.970000000000000284e+01 -1.323434858187669868e-03 -1.715387120959660549e-03
7.293359736254084735e-01 1.980000000000000071e+01 3.358657944801982337e-04 3.411651163944504159e-03
7.293359736254084735e-01 1.990000000000000213e+01 3.211981835643751282e-02 -1.176204285319507048e-02
7.293359736254084735e-01 2.000000000000000000e+01 1.584582588814743009e-01 -1.721121102327426711e-01
7.293359736254084735e-01 2.010000000000000142e+01 3.855817457150424454e-01 -1.335186681417857013e-01
7.293359736254084735e-01 2.020000000000000284e+01 1.852997509938520415e-01 9.633950410806585429e-03
7.293359736254084735e-01 2.030000000000000071e+01 1.763709240402388384e-02 -1.384639733033199947e-02
7.293359736254084735e-01 2.040000000000000213e+01 -2.364158480713582106e-03 -1.135689758067209539e-03
7.293359736254084735e-01 2.050000000000000000e+01 1.436315621382689084e-03 2.172243887435142649e-03
7.293359736254084735e-01 2.060000000000000142e+01 1.121883030604127474e-02 -1.904410436617946442e-02
7.293359736254084735e-01 2.070000000000000284e+01 -3.288294698842075814e-02 -1.805017727183303444e-01
7.293359736254084735e-01 2.080000000000000071e+01 8.517850925320832878e-02 -3.980682156698438501e-01
7.293359736254084735e-01 2.090000000000000213e+01 1.520522375069494059e-01 -1.797516168217626609e-01
7.293359736254084735e-01 2.100000000000000000e+01 7.548249152653058527e-03 -3.360697742107002922e-02
7.293359736254084735e-01 2.110000000000000142e+01 -3.411971854964318714e-03 1.272900146378394797e-04
7.293359736254084735e-01 2.120000000000000284e+01 1.846407930013469444e-03 1.053794919042622211e-03
7.293359736254084735e-01 2.130000000000000071e+01 -1.602082282086843366e-03 -1.411345774476022163e-02
7.293359736254084735e-01 2.140000000000000213e+01 -1.206410128340491272e-01 -6.614327154625926353e-02
7.293359736254084735e-01 2.150000000000000000e+01 -2.835610154270725158e-01 -2.682352482643224345e-01
7.293359736254084735e-01 2.160000000000000142e+01 -7.087850303744699931e-02 -2.768031827548703139e-01
7.293359736254084735e-01 2.170000000000000284e+01 -2.529904933668083652e-02 -4.551608757277070955e-02
7.293359736254084735e-01 2.180000000000000071e+01 -4.035728873264810869e-03 2.458398905875740399e-03
7.293359736254084735e-01 2.190000000000000213e+01 1.874954992844017577e-03 1.182349099372774704e-04
7.293359736254084735e-01 2.200000000000000000e+01 -6.051068327095308029e-03 -6.930461292459867695e-03
7.293359736254084735e-01 2.210000000000000142e+01 -9.289411549690231029e-02 3.372622758553099620e-02
7.293359736254084735e-01 2.220000000000000284e+01 -3.478315137558405379e-01 9.130159831101469781e-02
7.293359736254084735e-01 2.230000000000000071e+01 -3.130127540064089331e-01 -1.108016119592519222e-01
7.293359736254084735e-01 2.240000000000000213e+01 -7.351112516123600726e-02 -2.201936970342094693e-02
7.293359736254084735e-01 2.250000000000000000e+01 -3.195493818246044476e-03 6.079938736107116243e-03
7.293359736254084735e-01 2.260000000000000142e+01 1.673960664702266697e-03 -6.811837258327109110e-04
7.293359736254084735e-01 2.270000000000000284e+01 -5.843986847756694504e-03 -1.717694399255497665e-03
7.293359736254084735e-01 2.280000000000000071e+01 -2.753847519422963908e-02 6.245783480386087050e-02
7.293359736254084735e-01 2.290000000000000213e+01 -9.887017957712947169e-02 3.020627111906093454e-01
7.293359736254084735e-01 2.300000000000000000e+01 -2.921790039496106051e-01 2.271592425988913921e-01
7.293359736254084735e-01 2.310000000000000142e+01 -9.470652150756905807e-02 5.478831705385760198e-02
7.293359736254084735e-01 2.320000000000000284e+01 9.300373396068876281e-04 1.030797092645313953e-02
7.293359736254084735e-01 2.330000000000000071e+01 1.270325816743523174e-03 -1.407666213161703692e-03
7.293359736254084735e-01 2.340000000000000213e+01 -4.056950497579873277e-03 1.025221443384773329e-03
7.293359736254084735e-01 2.350000000000000000e+01 1.554932068065206785e-02 4.281087544546254009e-02
7.293359736254084735e-01 2.360000000000000142e+01 1.645263596752790103e-01 2.127017107512136074e-01
7.293359736254084735e-01 2.370000000000000284e+01 4.166152264531240018e-02 3.936642850179076780e-01
7.293359736254084735e-01 2.380000000000000071e+01 -2.839217783770801862e-02 1.474035243757229885e-01
7.293359736254084735e-01 2.390000000000000213e+01 1.028172148121157640e-02 1.218204956233160871e-02
7.293359736254084735e-01 2.400000000000000000e+01 5.942764983723915597e-04 -2.085298484987339537e-03
7.293359736254084735e-01 2.410000000000000142e+01 -2.209025383803117203e-03 2.066796774042858106e-03
7.293359736254084735e-01 2.420000000000000284e+01 2.594601559754066908e-02 1.425471574841005729e-02
7.293359736254084735e-01 2.430000000000000071e+01 2.170358013588584711e-01 -7.590220765116064208e-03
7.293359736254084735e-01 2.440000000000000213e+01 3.670698241474761869e-01 1.737002717862912993e-01
7.293359736254084735e-01 2.450000000000000000e+01 1.273908425426441282e-01 1.503454038341068832e-01
7.293359736254084735e-01 2.460000000000000142e+01 2.410934900051418112e-02 5.374866136572991476e-03
7.293359736254084735e-01 2.470000000000000284e+01 -5.095432263791508818e-04 -2.637311332136594091e-03
7.293359736254084735e-01 2.480000000000000071e+01 -7.748428585494770418e-04 2.201041150128822503e-03
7.293359736254084735e-01 2.490000000000000213e+01 1.867329789082296243e-02 -3.298212197181295182e-03
7.293359736254084735e-01 2.500000000000000000e+01 9.712981633679647342e-02 -1.364194948030020282e-01
7.293359736254084735e-01 2.510000000000000142e+01 3.329793120949108842e-01 -2.207049075067715194e-01
7.293359736254084735e-01 2.520000000000000284e+01 2.461352405376151242e-01 -1.500782152339990780e-02
7.293359736254084735e-01 2.530000000000000071e+01 3.366021912423402401e-02 -1.729717609116092347e-02
7.293359736254084735e-01 2.540000000000000213e+01 -2.237568564684701451e-03 -2.769900685512488841e-03
7.293359736254084735e-01 2.550000000000000000e+01 2.389480254665579293e-04 1.924352365942527416e-03
7.293359736254084735e-01 2.560000000000000142e+01 8.381223696616028895e-03 -8.787804104932656069e-03
7.293359736254084735e-01 2.570000000000000284e+01 -3.212975711776432097e-02 -1.195136858106468081e-01
7.293359736254084735e-01 2.580000000000000071e+01 -1.506519654732722813e-02 -3.779514524211062820e-01
7.293359736254084735e-01 2.590000000000000213e+01 1.536407528836180314e-01 -2.520229987968347629e-01
7.293359736254084735e-01 2.600000000000000000e+01 1.975200261578656871e-02 -5.326501189455940671e-02
7.293359736254084735e-01 2.610000000000000142e+01 -4.651661667077026940e-03 -1.824004146098481783e-03
7.293359736254084735e-01 2.620000000000000284e+01 9.531025774535372948e-04 1.464754103866637049e-03
7.293359736254084735e-01 2.630000000000000071e+01 1.314908251168378029e-03 -7.760776815619999103e-03
7.293359736254084735e-01 2.640000000000000213e+01 -7.827934856974884392e-02 -3.968527696397245591e-02
7.293359736254084735e-01 2.650000000000000000e+01 -2.992746220903432230e-01 -1.708944765769499219e-01
7.293359736254084735e-01 2.660000000000000142e+01 -1.446784294854711883e-01 -3.070618193165897680e-01
7.293359736254084735e-01 2.670000000000000284e+01 -3.465527183946824630e-02 -7.577817906314504581e-02
7.293359736254084735e-01 2.680000000000000071e+01 -7.267265751511060162e-03 1.274307964897301729e-03
7.293359736254084735e-01 2.690000000000000213e+01 1.471296795411101109e-03 8.945176353771748653e-04
7.293359736254084735e-01 2.700000000000000000e+01 -1.990547476281392426e-03 -4.842225754477628291e-03
7.293359736254084735e-01 2.710000000000000142e+01 -5.657999380165745773e-02 1.923234211908412747e-02
7.293359736254084735e-01 2.720000000000000284e+01 -2.670257381566634725e-01 1.372201146781494296e-01
7.293359736254084735e-01 2.730000000000000071e+01 -3.704276481599009241e-01 -4.636321676191113711e-02
7.293359736254084735e-01 2.740000000000000213e+01 -1.118225133046594488e-01 -3.661237664250149848e-02
7.293359736254084735e-01 2.750000000000000000e+01 -8.195451346943145518e-03 7.686545928819978751e-03
7.293359736254084735e-01 2.760000000000000142e+01 1.843456576518864593e-03 1.839547334102444628e-04
7.293359736254084735e-01 2.770000000000000284e+01 -2.873277099147007914e-03 -2.222122827790784690e-03
7.293359736254084735e-01 2.780000000000000071e+01 -1.855517903330482221e-02 3.482170192411077753e-02
7.293359736254084735e-01 2.790000000000000213e+01 -3.080859820353668010e-02 2.485304214644768472e-01
7.293359736254084735e-01 2.800000000000000000e+01 -2.453481412764688674e-01 3.078575267721646025e-01
7.293359736254084735e-01 2.810000000000000142e+01 -1.354191248287514304e-01 8.340451172644820776e-02
7.293359736254084735e-01 2.820000000000000284e+01 -3.335064679693887108e-03 1.698812787820751929e-02
7.293359736254084735e-01 2.830000000000000071e+01 2.021168139826615400e-03 -7.626422369957636246e-04
7.293359736254084735e-01 2.840000000000000213e+01 -2.627806180966464795e-03 -4.258506039719082634e-04
7.293359736254084735e-01 2.850000000000000000e+01 5.537083783430663160e-03 2.488517776310735646e-02
7.293359736254084735e-01 2.860000000000000142e+01 1.459303435719141451e-01 1.367780379896404441e-01
7.293359736254084735e-01 2.870000000000000284e+01 1.392613063651313432e-01 3.750145836896247586e-01
7.293359736254084735e-01 2.880000000000000071e+01 -2.323890275501649602e-02 2.053573017634089115e-01
7.293359736254084735e-01 2.890000000000000213e+01 1.214670621105784325e-02 2.400500813368887376e-02
7.293359736254084735e-01 2.900000000000000000e+01 1.842542242886176197e-03 -2.025821945090872014e-03
7.293359736254084735e-01 2.910000000000000142e+01 -1.990416105742396236e-03 6.439116743282029178e-04
7.293359736254084735e-01 2.920000000000000284e+01 1.258132826605603931e-02 1.031546103672354928e-02
7.293359736254084735e-01 2.930000000000000071e+01 1.505243041117735048e-01 -2.360927460268785402e-02
7.293359736254084735e-01 2.940000000000000213e+01 3.829603143355395645e-01 7.201983923123940479e-02
7.293359736254084735e-01 2.950000000000000000e+01 1.882952492589411442e-01 1.729918470056767688e-01
7.293359736254084735e-01 2.960000000000000142e+01 3.796691596383360012e-02 1.583352471775074585e-02
7.293359736254084735e-01 2.970000000000000284e+01 8.900541575693985416e-04 -3.589675396769126305e-03
7.293359736254084735e-01 2.980000000000000071e+01 -1.272373449172047250e-03 1.234638271835745461e-03
7.293359736254084735e-01 2.990000000000000213e+01 1.037878212224993893e-02 6.765784091456640168e-04
7.293359736254084735e-01 3.000000000000000000e+01 5.766201483928108662e-02 -9.503421098137658507e-02
7.293359736254084735e-01 3.010000000000000142e+01 2.445334516913188205e-01 -2.715109443108174592e-01
7.293359736254084735e-01 3.020000000000000284e+01 2.955172403643160361e-01 -6.844454428517673938e-02
7.293359736254084735e-01 3.030000000000000071e+01 5.784599835690344694e-02 -2.154017877266567460e-02
7.293359736254084735e-01 3.040000000000000213e+01 -1.464433120280692752e-03 -5.093901887202742333e-03
7.293359736254084735e-01 3.050000000000000000e+01 -5.634768686006111794e-04 1.538879048966670720e-03
7.293359736254084735e-01 3.060000000000000142e+01 5.870640885278035660e-03 -3.355700539422945636e-03
7.293359736254084735e-01 3.070000000000000284e+01 -2.182798351321348085e-02 -7.463700056191824306e-02
7.293359736254084735e-01 3.080000000000000071e+01 -8.978661939763228628e-02 -3.159368855510876206e-01
7.293359736254084735e-01 3.090000000000000213e+01 1.174042710146513957e-01 -3.233328496869840585e-01
7.293359736254084735e-01 3.100000000000000000e+01 3.642167209674524592e-02 -8.185991657398265786e-02
7.293359736254084735e-01 3.110000000000000142e+01 -5.851941571111182912e-03 -5.311081598686723075e-03
7.293359736254084735e-01 3.120000000000000284e+01 1.525215792437861816e-04 1.643280322513915315e-03
7.293359736254084735e-01 3.130000000000000071e+01 2.195447092115602149e-03 -3.958160818881812683e-03
7.293359736254084735e-01 3.140000000000000213e+01 -4.594830564172647930e-02 -2.517051936581053348e-02
7.293359736254084735e-01 3.150000000000000000e+01 -2.701378913191262998e-01 -8.451614562625280047e-02
7.293359736254084735e-01 3.160000000000000142e+01 -2.312003667106935501e-01 -2.946278601930462093e-01
7.293359736254084735e-01 3.170000000000000284e+01 -5.114767401918614287e-02 -1.145475048054480638e-01
7.293359736254084735e-01 3.180000000000000071e+01 -1.200788400409316323e-02 -1.749977449798011337e-03
7.293359736254084735e-01 3.190000000000000213e+01 9.398194710333267589e-04 1.556756665292388956e-03
7.293359736254084735e-01 3.200000000000000000e+01 -3.309486715470112537e-05 -3.180197603689391070e-03
7.293359736254084735e-01 3.210000000000000142e+01 -3.333274248748109569e-02 8.220275236706139910e-03
7.293359736254084735e-01 3.220000000000000284e+01 -1.839848623469809430e-01 1.436313422899869463e-01
7.293359736254084735e-01 3.230000000000000426e+01 -3.882563188022659095e-01 4.713820392474528387e-02
7.293359736254084735e-01 3.239999999999999858e+01 -1.619459659225540304e-01 -4.504049285330841146e-02
7.293359736254084735e-01 3.250000000000000000e+01 -1.664481114020218214e-02 8.818056588340532007e-03
7.293359736254084735e-01 3.260000000000000142e+01 1.830184982130373663e-03 1.169649558122420278e-03
7.293359736254084735e-01 3.270000000000000284e+01 -1.126693652491950019e-03 -2.076837681384836789e-03
7.293359736254084735e-01 3.280000000000000426e+01 -1.302473613645676979e-02 1.772468601332547605e-02
7.293359736254084735e-01 3.289999999999999858e+01 4.866456403468995967e-03 1.837997554048612647e-01
7.293359736254084735e-01 3.300000000000000000e+01 -1.596176343458803881e-01 3.588288727875010298e-01
7.293359736254084735e-01 3.310000000000000142e+01 -1.723828618117501654e-01 1.295626371947738720e-01
7.293359736254084735e-01 3.320000000000000284e+01 -1.168898445089132203e-02 2.684181141545332119e-02
7.293359736254084735e-01 3.330000000000000426e+01 2.799470091043209079e-03 2.577840588578384135e-04
7.293359736254084735e-01 3.339999999999999858e+01 -1.556191806937465153e-03 -1.077224337450821733e-03
7.293359736254084735e-01 3.350000000000000000e+01 2.801633840315041822e-04 1.400422843095088313e-02
7.293359736254084735e-01 3.360000000000000142e+01 1.108103392521687797e-01 8.322249060354419692e-02
7.293359736254084735e-01 3.370000000000000284e+01 2.180801721144623451e-01 3.102952798204091645e-01
7.293359736254084735e-01 3.380000000000000426e+01 6.717382937921964094e-03 2.639972112718496078e-01
7.293359736254084735e-01 3.389999999999999858e+01 1.359776797759368848e-02 4.251830165663406103e-02
7.293359736254084735e-01 3.400000000000000000e+01 3.545209315998245920e-03 -1.538762193834861732e-03
7.293359736254084735e-01 3.410000000000000142e+01 -1.617610039485927777e-03 -2.472172423060985135e-04
7.293359736254084735e-01 3.420000000000000284e+01 5.284156080998654754e-03 7.220524749203210621e-03
7.293359736254084735e-01 3.430000000000000426e+01 9.732021168682775114e-02 -2.138039932860184844e-02
7.293359736254084735e-01 3.439999999999999858e+01 3.505534258780666490e-01 -2.222748495553697815e-02
7.293359736254084735e-01 3.450000000000000000e+01 2.610756970967394452e-01 1.664882801486797237e-01
7.293359736254084735e-01 3.460000000000000142e+01 5.854698976906200919e-02 3.196438370116028160e-02
7.293359736254084735e-01 3.470000000000000284e+01 3.334684344156044894e-03 -4.529629414211421533e-03
7.293359736254084735e-01 3.480000000000000426e+01 -1.481514574348112220e-03 4.428839976052062152e-04
7.293359736254084735e-01 3.489999999999999858e+01 5.445143577143526925e-03 2.106513086974907707e-03
7.293359736254084735e-01 3.500000000000000000e+01 3.526686737210151662e-02 -5.930985051276373848e-02
7.293359736254084735e-01 3.510000000000000142e+01 1.497987934002633359e-01 -2.746667230154369865e-01
7.293359736254084735e-01 3.520000000000000284e+01 3.152467716309946821e-01 -1.466134329561194494e-01
7.293359736254084735e-01 3.530000000000000426e+01 9.152156847540957041e-02 -2.922453687507183331e-02
7.293359736254084735e-01 3.539999999999999858e+01 5.857632838849134022e-04 -8.468005789895554150e-03
7.293359736254084735e-01 3.550000000000000000e+01 -1.180835841975870406e-03 1.075046015692099821e-03
7.293359736254084735e-01 3.560000000000000142e+01 3.890322999917502841e-03 -6.745648927250695419e-04
7.293359736254084735e-01 3.570000000000000284e+01 -1.096451785687764004e-02 -4.470337636898047418e-02
7.293359736254084735e-01 3.580000000000000426e+01 -1.247478023894960930e-01 -2.352347434478651023e-01
7.293359736254084735e-01 3.589999999999999858e+01 4.317024749302683650e-02 -3.716440844826305323e-01
7.293359736254084735e-01 3.600000000000000000e+01 5.325169222375853578e-02 -1.220032135914240340e-01
7.293359736254084735e-01 3.610000000000000142e+01 -6.630075597146860636e-03 -1.130813767699588059e-02
7.293359736254084735e-01 3.620000000000000284e+01 -6.748387919345567561e-04 1.661046016657063539e-03
7.293359736254084735e-01 3.630000000000000426e+01 2.181946925290707915e-03 -1.742965731814669593e-03
7.293359736254084735e-01 3.639999999999999858e+01 -2.455808119024053410e-02 -1.691465166694899533e-02
7.293359736254084735e-01 3.650000000000000000e+01 -2.152640936279413553e-01 -2.700041257691991256e-02
7.293359736254084735e-01 3.660000000000000142e+01 -3.065381900175681573e-01 -2.363965641955513008e-01
7.293359736254084735e-01 3.670000000000000284e+01 -8.120101709304010373e-02 -1.569185621987225776e-01
7.293359736254084735e-01 3.680000000000000426e+01 -1.885004153879917682e-02 -7.960013481031057159e-03
7.293359736254084735e-01 3.689999999999999858e+01 1.680982299830188645e-04 2.192654444494979930e-03
7.293359736254084735e-01 3.700000000000000000e+01 8.524993477078130063e-04 -1.940970966166106733e-03
7.293359736254084735e-01 3.710000000000000142e+01 -1.901410303242306865e-02 1.610384851037648850e-03
7.293359736254084735e-01 3.720000000000000284e+01 -1.172772209598104548e-01 1.218589649818861420e-01
7.293359736254084735e-01 3.730000000000000426e+01 -3.577906655393285340e-01 1.422181656594034560e-01
7.293359736254084735e-01 3.739999999999999858e+01 -2.210920868706009457e-01 -3.676553608288554709e-02
7.293359736254084735e-01 3.750000000000000000e+01 -3.040392435503097915e-02 9.020808472163951985e-03
7.293359736254084735e-01 3.760000000000000142e+01 1.536430064098969926e-03 2.446791019868561901e-03
7.293359736254084735e-01 3.770000000000000284e+01 -8.684192520315195635e-05 -1.717645619764030093e-03
7.293359736254084735e-01 3.780000000000000426e+01 -9.016964693644866080e-03 8.025162537320801315e-03
7.293359736254084735e-01 3.789999999999999858e+01 1.563133907051611135e-02 1.245305950030555775e-01
7.293359736254084735e-01 3.800000000000000000e+01 -5.911791259471176757e-02 3.626631799555578572e-01
7.293359736254084735e-01 3.810000000000000142e+01 -1.901574754089014052e-01 1.936522362944620157e-01
7.293359736254084735e-01 3.820000000000000284e+01 -2.541381690847098473e-02 4.105129822861406513e-02
7.293359736254084735e-01 3.830000000000000426e+01 3.532824055918527568e-03 1.967504728081951627e-03
7.293359736254084735e-01 3.840000000000000568e+01 -7.204302427736564152e-04 -1.335150766959033184e-03
7.293359736254084735e-01 3.850000000000000000e+01 -1.886308168380104516e-03 7.481248069259852432e-03
7.293359736254084735e-01 3.860000000000000142e+01 7.393277096136779969e-02 5.020713026933351641e-02
7.293359736254084735e-01 3.870000000000000284e+01 2.555205541676822123e-01 2.205268609845218997e-01
7.293359736254084735e-01 3.880000000000000426e+01 6.567500986009806863e-02 3.081048370395301772e-01
7.293359736254084735e-01 3.890000000000000568e+01 1.564771934006387380e-02 6.990836875156507257e-02
7.293359736254084735e-01 3.900000000000000000e+01 5.965652276218535999e-03 -1.751644994638383492e-04
7.293359736254084735e-01 3.910000000000000142e+01 -1.187135659288392729e-03 -8.671642015496053681e-04
7.293359736254084735e-01 3.920000000000000284e+01 1.590336174608313622e-03 4.823212994092296660e-03
7.293359736254084735e-01 3.930000000000000426e+01 5.989733868917362231e-02 -1.305806071057864781e-02
7.293359736254084735e-01 3.940000000000000568e+01 2.845422488635556690e-01 -8.652117707993790818e-02
7.293359736254084735e-01 3.950000000000000000e+01 3.287031487074706937e-01 1.198511212492137379e-01
7.293359736254084735e-01 3.960000000000000142e+01 8.837310831570568959e-02 5.167430374355900385e-02
7.293359736254084735e-01 3.970000000000000284e+01 7.480788240741026440e-03 -5.150737091345137034e-03
7.293359736254084735e-01 3.980000000000000426e+01 -1.520588875785714366e-03 -2.842914596925657437e-04
7.293359736254084735e-01 3.990000000000000568e+01 2.586812713362632386e-03 2.279051784949602099e-03
7.293359736254084735e-01 4.000000000000000000e+01 2.249227933950799854e-02 -3.353103459252358004e-02
7.293359736254084735e-01 4.010000000000000142e+01 7.227649180075572388e-02 -2.391985129663137810e-01
7.293359736254084735e-01 4.020000000000000284e+01 2.906772364850414014e-01 -2.325515861538668128e-01
7.293359736254084735e-01 4.030000000000000426e+01 1.327960770654578737e-01 -4.555855730435384721e-02
7.293359736254084735e-01 4.040000000000000568e+01 4.981854359469276364e-03 -1.320522784518895175e-02
7.293359736254084735e-01 4.050000000000000000e+01 -1.715709109400764647e-03 4.597468315946197977e-04
7.293359736254084735e-01 4.060000000000000142e+01 2.403826208299659605e-03 5.565577367086255861e-04
7.293359736254084735e-01 4.070000000000000284e+01 -3.235424707123483231e-03 -2.573404457144400082e-02
7.293359736254084735e-01 4.080000000000000426e+01 -1.230695739876336986e-01 -1.591837765940511129e-01
7.293359736254084735e-01 4.090000000000000568e+01 -5.187283821085781482e-02 -3.782545672151632066e-01
7.293359736254084735e-01 4.100000000000000000e+01 6.178851355124619082e-02 -1.741159777566960443e-01
7.293359736254084735e-01 4.110000000000000142e+01 -6.342055821610433422e-03 -2.117697513150863450e-02
7.293359736254084735e-01 4.120000000000000284e+01 -1.658492867652454350e-03 1.477656535022388523e-03
7.293359736254084735e-01 4.130000000000000426e+01 1.840685246728318656e-03 -4.672091423430774345e-04
7.293359736254084735e-01 4.140000000000000568e+01 -1.186545171219893433e-02 -1.148809295022549561e-02
7.293359736254084735e-01 4.150000000000000000e+01 -1.551947693085379831e-01 1.490691292849076520e-03
7.293359736254084735e-01 4.160000000000000142e+01 -3.474623711818056737e-01 -1.454687753419250940e-01
7.293359736254084735e-01 4.170000000000000284e+01 -1.307354740500708545e-01 -1.917037204632788261e-01
7.293359736254084735e-01 4.180000000000000426e+01 -2.861603529009159111e-02 -1.874817319028801096e-02
7.293359736254084735e-01 4.190000000000000568e+01 -1.029662674350586204e-03 2.787825366799824740e-03
7.293359736254084735e-01 4.200000000000000000e+01 1.192166895964128122e-03 -1.023373775431715097e-03
7.293359736254084735e-01 4.210000000000000142e+01 -1.034843046693393470e-02 -1.404691988147277774e-03
7.293359736254084735e-01 4.220000000000000284e+01 -7.127480017070300655e-02 8.882567056961102048e-02
7.293359736254084735e-01 4.230000000000000426e+01 -2.861028811782757031e-01 2.114748319482411265e-01
7.293359736254084735e-01 4.240000000000000568e+01 -2.776283389551473801e-01 -7.716436833171650290e-04
7.293359736254084735e-01 4.250000000000000000e+01 -5.112611957017356573e-02 8.284707616598477667e-03
7.293359736254084735e-01 4.260000000000000142e+01 6.545292265698244736e-04 4.164315105777824030e-03
7.293359736254084735e-01 4.270000000000000284e+01 5.731466240542821720e-04 -1.287776237198973378e-03
7.293359736254084735e-01 4.280000000000000426e+01 -5.989003694302380033e-03 2.912818421957381974e-03
7.293359736254084735e-01 4.290000000000000568e+01 1.303197856734015884e-02 7.881691457141967727e-02
7.293359736254084735e-01 4.300000000000000000e+01 2.707000029405814967e-02 3.216469054482128387e-01
7.293359736254084735e-01 4.310000000000000142e+01 -1.748849566320621884e-01 2.662735861779653157e-01
7.293359736254084735e-01 4.320000000000000284e+01 -4.480669196291967027e-02 6.186692713744399580e-02
7.293359736254084735e-01 4.330000000000000426e+01 4.041396066038214878e-03 4.827565803391026256e-03
7.293359736254084735e-01 4.340000000000000568e+01 -2.839959122625795382e-05 -1.390318554663479405e-03
7.293359736254084735e-01 4.350000000000000000e+01 -2.355991588196700535e-03 3.704046048552495259e-03
7.293359736254084735e-01 4.360000000000000142e+01 4.441869327271862761e-02 3.097451404492198440e-02
7.293359736254084735e-01 4.370000000000000284e+01 2.493914040957115053e-01 1.314363250835196839e-01
7.293359736254084735e-01 4.380000000000000426e+01 1.479749186150784157e-01 3.186368049323313190e-01
7.293359736254084735e-01 4.390000000000000568e+01 2.208501276273853661e-02 1.063056561069218309e-01
7.293359736254084735e-01 4.400000000000000000e+01 9.285519367099683008e-03 2.782415101233647655e-03
7.293359736254084735e-01 4.410000000000000142e+01 -6.772915942492278461e-04 -1.339902883630308267e-03
7.293359736254084735e-01 4.420000000000000284e+01 -1.268811906452692046e-04 3.021541344712855466e-03
7.293359736254084735e-01 4.430000000000000426e+01 3.514530976065784185e-02 -5.283889580946611077e-03
7.293359736254084735e-01 4.440000000000000568e+01 2.068280035712149467e-01 -1.118357993595492789e-01
7.293359736254084735e-01 4.450000000000000000e+01 3.688479528834720522e-01 3.836467637763998212e-02
7.293359736254084735e-01 4.460000000000000142e+01 1.300572193955335520e-01 6.958231572163298129e-02
7.293359736254084735e-01 4.470000000000000284e+01 1.428559518255793914e-02 -4.911019646947299526e-03
7.293359736254084735e-01 4.480000000000000426e+01 -1.400459294683207689e-03 -1.059596740195026471e-03
7.293359736254084735e-01 4.490000000000000568e+01 9.555159172525137324e-04 1.967612918707351173e-03
7.293359736254084735e-01 4.500000000000000000e+01 1.476924764239264873e-02 -1.714822397456895395e-02
7.293359736254084735e-01 4.510000000000000142e+01 2.347960389866824565e-02 -1.851099407815760822e-01
7.293359736254084735e-01 4.520000000000000284e+01 2.232358571110915624e-01 -3.016981311742953920e-01
7.293359736254084735e-01 4.530000000000000426e+01 1.748389480220830794e-01 -7.781541197767577467e-02
7.293359736254084735e-01 4.540000000000000568e+01 1.292299452605097723e-02 -1.973308259303804130e-02
7.293359736254084735e-01 4.550000000000000000e+01 -2.187244311434388341e-03 -4.048892987199207262e-04
7.293359736254084735e-01 4.560000000000000142e+01 1.345530527044318291e-03 1.029252941270510351e-03
7.293359736254084735e-01 4.570000000000000284e+01 6.981213841810191435e-04 -1.420376630549043291e-02
7.293359736254084735e-01 4.580000000000000426e+01 -1.000565889193378577e-01 -1.000693070457603501e-01
7.293359736254084735e-01 4.590000000000000568e+01 -1.420132151576840029e-01 -3.373033412442306145e-01
7.293359736254084735e-01 4.600000000000000000e+01 4.933475135399011807e-02 -2.328724848638493439e-01
7.293359736254084735e-01 4.610000000000000142e+01 -4.534227438926414361e-03 -3.627269058532336943e-02
7.293359736254084735e-01 4.620000000000000284e+01 -2.896948675781793690e-03 9.137370269694203729e-04
7.293359736254084735e-01 4.630000000000000426e+01 1.400496311893480216e-03 2.846708628551119016e-04
7.293359736254084735e-01 4.640000000000000568e+01 -4.879159730951284843e-03 -7.558901095621874816e-03
7.293359736254084735e-01 4.650000000000000000e+01 -1.024864030709959628e-01 9.328357529804230663e-03
7.293359736254084735e-01 4.660000000000000142e+01 -3.401853478207890191e-01 -4.798935132374719525e-02
7.293359736254084735e-01 4.670000000000000284e+01 -1.965658857562277984e-01 -2.035581565562294137e-01
7.293359736254084735e-01 4.680000000000000426e+01 -4.252807290062333295e-02 -3.535126000605902374e-02
7.293359736254084735e-01 4.690000000000000568e+01 -2.972786875047983557e-03 3.224453518324108849e-03
7.293359736254084735e-01 4.700000000000000000e+01 1.274221936808795546e-03 -3.203861337099948772e-04
7.293359736254084735e-01 4.710000000000000142e+01 -5.299627870856976272e-03 -2.313875703159427345e-03
7.293359736254084735e-01 4.720000000000000284e+01 -4.295056840614238508e-02 5.743066500119565349e-02
7.293359736254084735e-01 4.730000000000000426e+01 -1.965125195253457357e-01 2.386629733029649592e-01
7.293359736254084735e-01 4.740000000000000568e+01 -3.146467798499461010e-01 6.438414179931119252e-02
7.293359736254084735e-01 4.750000000000000000e+01 -8.026351816486046453e-02 8.502245743712676801e-03
7.293359736254084735e-01 4.760000000000000142e+01 -1.257138672366094750e-03 6.458985202574024816e-03
7.293359736254084735e-01 4.770000000000000284e+01 1.014288454219701690e-03 -8.352191121794137621e-04
7.293359736254084735e-01 4.780000000000000426e+01 -3.774212451404435845e-03 5.168552399921489673e-04
7.293359736254084735e-01 4.790000000000000568e+01 7.180330420228543328e-03 4.733318932849545774e-02
7.293359736254084735e-01 4.800000000000000000e+01 8.177139656720935901e-02 2.528800563896415610e-01
7.293359736254084735e-01 4.810000000000000142e+01 -1.183254055497094392e-01 3.280549197232394687e-01
7.293359736254084735e-01 4.820000000000000284e+01 -6.624713707766112514e-02 9.174847551915057964e-02
7.293359736254084735e-01 4.830000000000000426e+01 3.889533604849227267e-03 9.367410549820409313e-03
7.293359736254084735e-01 4.840000000000000568e+01 6.121615201493988767e-04 -1.297254216398374769e-03
7.293359736254084735e-01 4.850000000000000000e+01 -2.091176513243527685e-03 1.577951809424034922e-03
7.293359736254084735e-01 4.860000000000000142e+01 2.410715059136922175e-02 1.937181070521785606e-02
7.293359736254084735e-01 4.870000000000000284e+01 2.098889244599695392e-01 6.152778245608140489e-02
7.293359736254084735e-01 4.880000000000000426e+01 2.313737373961316235e-01 2.818863680214183098e-01
7.293359736254084735e-01 4.890000000000000568e+01 3.845515774350928562e-02 1.475297102991746934e-01
7.293359736254084735e-01 4.900000000000000000e+01 1.353836480449913462e-02 8.328390687296863271e-03
7.293359736254084735e-01 4.910000000000000142e+01 -1.770198818296630768e-05 -1.713811664998418725e-03
7.293359736254084735e-01 4.920000000000000284e+01 -8.203315165381579394e-04 1.738282673737841623e-03
7.293359736254084735e-01 4.930000000000000426e+01 1.962909186228802352e-02 -4.242732604069006548e-04
7.293359736254084735e-01 4.940000000000000568e+01 1.366304388165134054e-01 -1.053625408392377255e-01
7.293359736254084735e-01 4.950000000000000000e+01 3.634338726186157054e-01 -5.721206865215595905e-02
7.293359736254084735e-01 4.960000000000000142e+01 1.818915614125098390e-01 7.601566403954779227e-02
7.293359736254084735e-01 4.970000000000000284e+01 2.479069777731516752e-02 -3.005466901010778614e-03
7.293359736254084735e-01 4.980000000000000426e+01 -1.030500513375361051e-03 -1.966948509760012460e-03
7.293359736254084735e-01 4.990000000000000568e+01 3.740099514966920002e-05 1.518914840160585531e-03
7.293359736254084735e-01 5.000000000000000000e+01 9.627086981773997146e-03 -7.766005765153788723e-03
7.293359736254084735e-01 5.010000000000000142e+01 5.990143450686083795e-04 -1.299799804279082871e-01
7.293359736254084735e-01 5.020000000000000284e+01 1.300186379693729077e-01 -3.316584050283615803e-01
7.293359736254084735e-01 5.030000000000000426e+01 2.056526161491138427e-01 -1.289658830109238763e-01
7.293359736254084735e-01 5.040000000000000568e+01 2.575294693449479977e-02 -2.868879990601307453e-02
7.293359736254084735e-01 5.050000000000000000e+01 -2.549207200035603915e-03 -1.708008768070038135e-03
7.293359736254084735e-01 5.060000000000000142e+01 5.967342561498169837e-04 1.152164962185798927e-03
7.293359736254084735e-01 5.070000000000000284e+01 2.114282939778889571e-03 -7.496148742987862428e-03
7.293359736254084735e-01 5.080000000000000426e+01 -7.114469468130923957e-02 -6.038146868008612694e-02
7.293359736254084735e-01 5.090000000000000568e+01 -2.029710583945736335e-01 -2.610097144515689527e-01
7.293359736254084735e-01 5.100000000000000000e+01 6.955966572925451931e-03 -2.848175208152009530e-01
7.293359736254084735e-01 5.110000000000000142e+01 -1.802080377554139603e-03 -5.776545078816958806e-02
7.293359736254084735e-01 5.120000000000000284e+01 -4.448724039211399139e-03 -2.977067101022261102e-04
7.293359736254084735e-01 5.130000000000000426e+01 9.578598014043203249e-04 7.309836057253001496e-04
7.293359736254084735e-01 5.140000000000000568e+01 -1.469032187397587789e-03 -4.752920353082111179e-03
7.293359736254084735e-01 5.150000000000000000e+01 -6.347858866702561775e-02 7.912943521954663925e-03
7.293359736254084735e-01 5.160000000000000142e+01 -2.921640466338147890e-01 3.190264024415510880e-02
7.293359736254084735e-01 5.170000000000000284e+01 -2.666208698880699890e-01 -1.771598022313822796e-01
7.293359736254084735e-01 5.180000000000000426e+01 -6.225788070873242153e-02 -5.618062539300366920e-02
7.293359736254084735e-01 5.190000000000000568e+01 -5.964774496045233479e-03 3.165173570623647150e-03
7.293359736254084735e-01 5.200000000000000000e+01 1.196646528883257713e-03 2.628879980353728842e-04
7.293359736254084735e-01 5.210000000000000142e+01 -2.434582109478746186e-03 -2.208124760221072836e-03
7.293359736254084735e-01 5.220000000000000284e+01 -2.616337050717256266e-02 3.322755049114874820e-02
7.293359736254084735e-01 5.230000000000000426e+01 -1.127476394936003379e-01 2.239839671978172408e-01
7.293359736254084735e-01 5.240000000000000568e+01 -3.129723832817444262e-01 1.469755755869901481e-01
7.293359736254084735e-01 5.250000000000000000e+01 -1.165365431002963331e-01 1.331027002808210513e-02
7.293359736254084735e-01 5.260000000000000142e+01 -4.968891811492573245e-03 9.295359694746643461e-03
7.293359736254084735e-01 5.270000000000000284e+01 1.335839751021251172e-03 -3.047768354770596976e-04
7.293359736254084735e-01 5.280000000000000426e+01 -2.225358517442824896e-03 -5.286264633292273377e-04
7.293359736254084735e-01 5.290000000000000568e+01 1.838584415509882239e-03 2.710585061467592552e-02
7.293359736254084735e-01 5.300000000000000000e+01 9.863616545584041884e-02 1.795286304525808285e-01
7.293359736254084735e-01 5.310000000000000142e+01 -3.380665330836232774e-02 3.580794666029940565e-01
7.293359736254084735e-01 5.320000000000000284e+01 -8.439637215617966370e-02 1.326985357412479860e-01
7.293359736254084735e-01 5.330000000000000426e+01 2.412544209413204199e-03 1.644893491977507047e-02
7.293359736254084735e-01 5.340000000000000568e+01 1.296649165864941985e-03 -1.049034175295264102e-03
7.293359736254084735e-01 5.350000000000000000e+01 -1.644668881813415428e-03 4.150656484620406810e-04
7.293359736254084735e-01 5.360000000000000142e+01 1.182446324622212115e-02 1.241902217865572741e-02
7.293359736254084735e-01 5.370000000000000284e+01 1.586164825736425810e-01 2.037946241575887968e-02
7.293359736254084735e-01 5.380000000000000426e+01 2.923721240043008485e-01 2.088416925806914348e-01
7.293359736254084735e-01 5.390000000000000568e+01 7.141360790068242148e-02 1.878398979729675733e-01
7.293359736254084735e-01 5.400000000000000000e+01 1.917577556290435414e-02 1.759375427229002697e-02
7.293359736254084735e-01 5.410000000000000142e+01 8.776471602309760109e-04 -2.004757303852243520e-03
7.293359736254084735e-01 5.420000000000000284e+01 -1.026797669287260028e-03 8.854369578923434320e-04
7.293359736254084735e-01 5.430000000000000426e+01 1.060474651921303538e-02 1.699984423606479842e-03
7.293359736254084735e-01 5.440000000000000568e+01 8.488764650294224057e-02 -8.343898101363783626e-02
7.293359736254084735e-01 5.450000000000000000e+01 3.140725185458764779e-01 -1.416330224408091087e-01
7.293359736254084735e-01 5.460000000000000142e+01 2.377772680178265596e-01 5.879100076361840066e-02
7.293359736254084735e-01 5.470000000000000284e+01 4.004023616811618752e-02 6.071570402042685043e-04
7.293359736254084735e-01 5.480000000000000426e+01 -2.658809810509265539e-04 -3.045859066022628056e-03
7.293359736254084735e-01 5.490000000000000568e+01 -4.697220771698543823e-04 1.072636333880665161e-03
7.293359736254084735e-01 5.500000000000000000e+01 6.073489458309704048e-03 -2.914288045137988954e-03
7.293359736254084735e-01 5.510000000000000142e+01 -5.822560101303776194e-03 -8.427275824758023726e-02
7.293359736254084735e-01 5.520000000000000284e+01 3.621492766676535219e-02 -3.151089879316043008e-01
7.293359736254084735e-01 5.530000000000000426e+01 2.088452839843266406e-01 -1.943895282407444303e-01
7.293359736254084735e-01 5.540000000000000568e+01 4.360818887165373442e-02 -4.107758905387531856e-02
7.293359736254084735e-01 5.550000000000000000e+01 -2.594474297692514128e-03 -3.681469487849389939e-03
7.293359736254084735e-01 5.560000000000000142e+01 2.570041208547827052e-05 1.105823307828826150e-03
7.293359736254084735e-01 5.570000000000000284e+01 2.282961275737099838e-03 -3.646336451190705045e-03
7.293359736254084735e-01 5.580000000000000426e+01 -4.441274779460114425e-02 -3.618013392448517218e-02
7.293359736254084735e-01 5.590000000000000568e+01 -2.193498349725900298e-01 -1.736163605686374956e-01
7.293359736254084735e-01 5.600000000000000000e+01 -6.069138626638029277e-02 -3.125532073029819724e-01
7.293359736254084735e-01 5.610000000000000142e+01 1.945031746568655806e-04 -8.667009184173635195e-02
7.293359736254084735e-01 5.620000000000000284e+01 -6.369407985959861171e-03 -2.664284517109014299e-03
7.293359736254084735e-01 5.630000000000000426e+01 5.077978884379386049e-04 1.028610550393308084e-03
7.293359736254084735e-01 5.640000000000000568e+01 8.848655409005367148e-05 -2.858805630248401064e-03
7.293359736254084735e-01 5.650000000000000000e+01 -3.743012322961867394e-02 3.353513689161992471e-03
7.293359736254084735e-01 5.660000000000000142e+01 -2.245089930457127292e-01 7.545131463077919820e-02
7.293359736254084735e-01 5.670000000000000284e+01 -3.212277101338261165e-01 -1.165518033250116520e-01
7.293359736254084735e-01 5.680000000000000426e+01 -9.097010783986703153e-02 -7.907029778825859501e-02
7.293359736254084735e-01 5.690000000000000568e+01 -1.061554161135433438e-02 2.192012409881376363e-03
7.293359736254084735e-01 5.700000000000000000e+01 1.021174886589232928e-03 8.105981029848571265e-04
7.293359736254084735e-01 5.710000000000000142e+01 -9.020339782268179101e-04 -1.792596468264542626e-03
7.293359736254084735e-01 5.720000000000000284e+01 -1.643434229081530695e-02 1.749454356798495896e-02
7.293359736254084735e-01 5.730000000000000426e+01 -5.318193825148932741e-02 1.844136245803012775e-01
7.293359736254084735e-01 5.740000000000000568e+01 -2.713292753689313108e-01 2.256217797564346872e-01
7.293359736254084735e-01 5.750000000000000000e+01 -1.577023764345342471e-01 2.935810799190737355e-02
7.293359736254084735e-01 5.760000000000000142e+01 -1.131703706028011451e-02 1.287409980947692989e-02
7.293359736254084735e-01 5.770000000000000284e+01 1.576627095570552273e-03 3.375346933926602492e-04
7.293359736254084735e-01 5.780000000000000426e+01 -1.217335886896123978e-03 -8.824454464687211909e-04
7.293359736254084735e-01 5.790000000000000568e+01 -1.030744948592404600e-03 1.501907856337283964e-02
7.293359736254084735e-01 5.800000000000000000e+01 9.030344434109825735e-02 1.175929582200912621e-01
7.293359736254084735e-01 5.810000000000000142e+01 5.915476166033015876e-02 3.446193321536672460e-01
7.293359736254084735e-01 5.820000000000000284e+01 -8.833627815167595376e-02 1.831713337063073099e-01
7.293359736254084735e-01 5.830000000000000426e+01 -8.459849571960297238e-04 2.685603995072737352e-02
7.293359736254084735e-01 5.840000000000000568e+01 2.070400772355403176e-03 -5.686836767567299234e-04
7.293359736254084735e-01 5.850000000000000000e+01 -1.197983031045833559e-03 -2.048167620806434081e-04
7.293359736254084735e-01 5.860000000000000142e+01 5.098644111069131589e-03 7.893181308819252270e-03
7.293359736254084735e-01 5.870000000000000284e+01 1.094124172766822028e-01 1.889891769030835637e-03
7.293359736254084735e-01 5.880000000000000426e+01 3.123668939434555147e-01 1.164218337925727320e-01
7.293359736254084735e-01 5.890000000000000568e+01 1.228267194799748246e-01 2.133446078107781307e-01
7.293359736254084735e-01 5.900000000000000000e+01 2.673226780410794742e-02 3.147965924460915249e-02
7.293359736254084735e-01 5.910000000000000142e+01 2.176226741708790595e-03 -2.119462447103665631e-03
7.293359736254084735e-01 5.920000000000000284e+01 -1.023862670252487575e-03 2.887733185319104104e-04
7.293359736254084735e-01 5.930000000000000426e+01 5.420297901413398053e-03 2.280616080237924878e-03
7.293359736254084735e-01 5.940000000000000568e+01 5.134729427901283533e-02 -5.715009421872802725e-02
7.293359736254084735e-01 5.950000000000000000e+01 2.375955968410308761e-01 -1.902838323237804885e-01
7.293359736254084735e-01 5.960000000000000142e+01 2.844219004982274090e-01 1.474639183163869473e-02
7.293359736254084735e-01 5.970000000000000284e+01 6.144881398451303156e-02 5.493265492115460141e-03
7.293359736254084735e-01 5.980000000000000426e+01 1.190022986803232008e-03 -4.372411573463156828e-03
7.293359736254084735e-01 5.990000000000000568e+01 -7.752699988277771950e-04 6.674716740583220643e-04
