2.098623828347036646e+00 0.000000000000000000e+00 0.000000000000000000e+00 0.000000000000000000e+00 0.000000000000000000e+00 0.000000000000000000e+00 1.000000000000000000e+00 -0.000000000000000000e+00
2.098623828347036646e+00 1.000000000000000056e-01 4.370048524634554954e-01 8.719741463188936947e-01 9.306888505206828199e+01 1.414115469004094461e+00 4.467536610908200423e-01 -2.086905605086497306e-01
2.098623828347036646e+00 2.000000000000000111e-01 1.727548835960311280e+00 8.367202368295560966e-01 6.780953138406768232e+01 1.356867018065849750e+00 -7.921265675111689719e-02 -5.011900901799092312e-01
2.098623828347036646e+00 3.000000000000000444e-01 1.971801188316228526e+00 2.923202095914384513e-01 9.814850920038303173e+00 3.680503101754938333e-01 -3.247327179820652665e-01 -7.659184185667144984e-01
2.098623828347036646e+00 4.000000000000000222e-01 2.414245328876828633e+00 1.103972611813002436e+00 9.254270381821083902e+01 1.887034589083758318e+00 -2.907513960863845059e-01 -2.588128462722043555e-01
2.098623828347036646e+00 5.000000000000000000e-01 3.645426172925287478e+00 9.186465561946965952e-01 5.960997925444885226e+01 1.471472561905456278e+00 -4.196121961199507644e-01 2.313282510003072390e-01
2.098623828347036646e+00 6.000000000000000888e-01 3.792259165385223785e+00 4.695255339809070172e-01 1.236635204121311737e+01 6.037606466981958464e-01 -5.883471093271350760e-01 4.478831368642296473e-01
2.098623828347036646e+00 7.000000000000000666e-01 4.318455743326879315e+00 1.218121459608776824e+00 9.656567422236319942e+01 2.189139644387047223e+00 -1.284593616346631773e-01 3.090489777713711361e-01
2.098623828347036646e+00 8.000000000000000444e-01 5.505361468063817654e+00 9.448516669504594123e-01 5.270815392299289925e+01 1.499092998025199908e+00 3.366865675988032214e-01 3.316244663017400285e-01
2.098623828347036646e+00 9.000000000000000222e-01 5.585165080947509963e+00 5.932376858499617267e-01 1.517999959450076197e+01 7.908064090355156894e-01 5.159090606797515077e-01 4.328011083329361131e-01
2.098623828347036646e+00 1.000000000000000000e+00 6.198820920634179110e+00 1.285922940796188296e+00 1.003698304223109545e+02 2.408910394948702294e+00 2.987888621304937153e-01 2.526711248144009742e-02
2.098623828347036646e+00 2.000000000000000000e+00 1.272686798212928849e+01 9.015648846678925299e-01 2.912816390417868462e+01 1.371827228279937971e+00 4.971572049867374332e-01 -8.048469173190395121e-02
2.098623828347036646e+00 3.000000000000000000e+00 1.803783929167500588e+01 1.120698411969164088e+00 4.968276776590329291e+01 1.879515489158372965e+00 2.689163418169653874e-01 2.834573271842577569e-01
2.098623828347036646e+00 4.000000000000000000e+00 2.463529402829179205e+01 1.319654874533227051e+00 8.713768665589209661e+01 2.691738141868164735e+00 2.287643287284136795e-01 1.242172977079202406e-01
2.098623828347036646e+00 5.000000000000000000e+00 3.022404293776859419e+01 8.196977448932545318e-01 1.044741190312664614e+01 1.302510218140174203e+00 1.928680127821903456e-01 4.844073351517384496e-01
2.098623828347036646e+00 6.000000000000000000e+00 3.611865589516378350e+01 1.447635324528635303e+00 1.049864445368808674e+02 3.140860307789125283e+00 -2.008742130557285028e-03 2.079460082369794516e-01
2.098623828347036646e+00 7.000000000000000000e+00 4.249660990996262200e+01 1.009171884468827551e+00 2.807745230329886610e+01 1.741912480272335584e+00 3.557951365425784940e-02 4.170361378910018013e-01
2.098623828347036646e+00 8.000000000000000000e+00 4.775212346916245565e+01 1.206564975540249884e+00 5.268464111289626572e+01 2.239569325102208186e+00 -2.640390248842329202e-01 1.918013467037033570e-01
2.098623828347036646e+00 9.000000000000000000e+00 5.433058499821591170e+01 1.358078015336889433e+00 8.779173192004073201e+01 2.934806888152040383e+00 -1.390110580855667133e-01 1.838937361588555419e-01
2.098623828347036646e+00 1.000000000000000000e+01 5.986857967369574851e+01 8.710040313839038095e-01 1.110071206110078990e+01 1.505829238884900834e+00 -4.635233686627220351e-01 8.354251297942671961e-02
2.098623828347036646e+00 1.100000000000000000e+01 6.575520326618804745e+01 1.471138851135628478e+00 1.072086786924726880e+02 3.344185038628411544e+00 -1.833975843303550790e-01 -4.067294733777537113e-02
2.098623828347036646e+00 1.200000000000000000e+01 7.211354852224887679e+01 1.037412349816572599e+00 2.862815313274523277e+01 1.889181024725288927e+00 -3.848652777286246107e-01 -5.544638481177596029e-02
2.098623828347036646e+00 1.300000000000000000e+01 7.734715624950698043e+01 1.228226565555528893e+00 5.377929759315350111e+01 2.382086555456869537e+00 -1.121980340315591740e-01 -2.824345377013239844e-01
2.098623828347036646e+00 1.400000000000000000e+01 8.392097338112799321e+01 1.374798829320758475e+00 8.954607831566643483e+01 3.073148589356828886e+00 -1.333766755817670513e-01 -1.687776228458353345e-01
2.098623828347036646e+00 1.500000000000000000e+01 8.944380716172250345e+01 8.904364477034458769e-01 1.151917253224003801e+01 1.609654111465495196e+00 4.089571868947478733e-02 -4.452912586840860887e-01
2.098623828347036646e+00 1.600000000000000000e+01 9.531555076849160457e+01 1.484826737686461229e+00 1.088045171601829395e+02 3.459866520444172977e+00 8.547064868907081059e-02 -1.553342387940029601e-01
2.098623828347036646e+00 1.700000000000000000e+01 1.016750628095278444e+02 1.054938388070052024e+00 2.986753444359784382e+01 1.989373954429537017e+00 1.530644316260142135e-01 -3.366783473516685166e-01
2.098623828347036646e+00 1.800000000000000000e+01 1.068906393411479030e+02 1.231963800767509332e+00 5.397026114926342188e+01 2.457701782376297217e+00 2.917730395475143790e-01 -2.236108827421482217e-02
2.098623828347036646e+00 1.900000000000000000e+01 1.134606034954341993e+02 1.387125923226435242e+00 9.170534011040692235e+01 3.179481295580671496e+00 1.906669937812293103e-01 -7.247985142134605319e-02
2.098623828347036646e+00 2.000000000000000000e+01 1.189828848137709372e+02 9.005671975063344048e-01 1.177347575074870001e+01 1.675438122525929163e+00 3.989369485674636451e-01 1.675572874909345700e-01
2.098623828347036646e+00 2.100000000000000000e+01 1.248338865436967211e+02 1.492766083776255082e+00 1.099303519088518897e+02 3.539091478205572017e+00 1.150285197411384658e-01 1.257304177434468428e-01
2.098623828347036646e+00 2.200000000000000000e+01 1.312037429338009247e+02 1.069168018439830448e+00 3.143751749183139310e+01 2.071808852016672198e+00 2.613316044797342474e-01 2.401323158416354964e-01
2.098623828347036646e+00 2.300000000000000000e+01 1.364016354182842008e+02 1.239442619261498235e+00 5.375518774507283126e+01 2.501667019313580820e+00 -7.294174674161761629e-02 2.768172265592603876e-01
2.098623828347036646e+00 2.400000000000000000e+01 1.429662541716357111e+02 1.397575515688392667e+00 9.435723396150277154e+01 3.276020141919001816e+00 4.623236861213348217e-03 1.943114407538174271e-01
2.098623828347036646e+00 2.500000000000000000e+01 1.484946014029646051e+02 9.075116037258370572e-01 1.205697977711389512e+01 1.724108512525524883e+00 -2.819449886176547682e-01 3.143866807496570881e-01
2.098623828347036646e+00 2.600000000000000000e+01 1.543189741749893642e+02 1.501369460384905707e+00 1.111023913651252144e+02 3.598889654825291551e+00 -1.535351044051100622e-01 6.149024130270076133e-02
2.098623828347036646e+00 2.700000000000000000e+01 1.607056568677796520e+02 1.089653964701460254e+00 3.343281492792517184e+01 2.148881926978209567e+00 -3.021968692303240167e-01 1.590330803008745131e-01
2.098623828347036646e+00 2.800000000000000000e+01 1.658852079133756945e+02 1.236800925317327549e+00 5.300653931499152804e+01 2.525965655291797507e+00 -2.303032484221695930e-01 -1.641385242236076125e-01
2.098623828347036646e+00 2.900000000000000000e+01 1.724447022174567792e+02 1.406912612174750166e+00 9.754460766509544101e+01 3.365217207868034244e+00 -1.750670683249882231e-01 -6.249825101159359880e-02
2.098623828347036646e+00 3.000000000000000000e+01 1.779847712467702081e+02 9.104815362850056104e-01 1.235889276859849240e+01 1.759798133430276135e+00 -1.933163575925724853e-01 -3.670264068460869500e-01
2.098623828347036646e+00 3.100000000000000000e+01 1.837781243064300440e+02 1.501972952552565577e+00 1.119456720407334558e+02 3.643023458465394882e+00 8.163318907221959802e-04 -1.617789373366808336e-01
2.098623828347036646e+00 3.200000000000000000e+01 1.901857101777980859e+02 1.102284153836153635e+00 3.580605598624470787e+01 2.220928111425346074e+00 -3.922286052822845925e-02 -3.270625650317082189e-01
2.098623828347036646e+00 3.300000000000000000e+01 1.953487381055491312e+02 1.223137032931169710e+00 5.219386816732475154e+01 2.534121854689207698e+00 2.371293057805489990e-01 -1.519902808791424031e-01
2.098623828347036646e+00 3.400000000000000000e+01 2.018977850418210096e+02 1.428818840676436830e+00 1.007355567197687094e+02 3.449599586058675893e+00 1.194966983522390974e-01 -1.322077509135284323e-01
2.098623828347036646e+00 3.500000000000000000e+01 2.074570806593142436e+02 9.154907594799333026e-01 1.266706992640716045e+01 1.790473458430806630e+00 4.059529516264190341e-01 -4.564362762845395466e-02
2.098623828347036646e+00 3.600000000000000000e+01 2.132184970872502277e+02 1.495757610567920004e+00 1.125871455966079679e+02 3.675423176584819984e+00 1.460009426716691039e-01 6.342243496033746208e-02
2.098623828347036646e+00 3.700000000000000000e+01 2.196487338041833937e+02 1.120693887530617827e+00 3.823932500464655959e+01 2.291129943583914752e+00 3.071285382277731402e-01 8.260848681516813619e-02
2.098623828347036646e+00 3.800000000000000000e+01 2.247952547147240239e+02 1.211478526878140505e+00 5.111307083645088767e+01 2.531609042212060512e+00 4.809502342373243866e-02 2.778809409541148634e-01
2.098623828347036646e+00 3.900000000000000000e+01 2.313360653267650378e+02 1.433802936487293067e+00 1.040047354348121047e+02 3.533976717380083787e+00 7.106651136530411916e-02 1.553646062409015649e-01
2.098623828347036646e+00 4.000000000000000000e+01 2.369145155584333224e+02 9.127867113941067201e-01 1.287266978338124801e+01 1.812301584290035406e+00 -1.100095459526113650e-01 3.888133304570624005e-01
2.098623828347036646e+00 4.100000000000000000e+01 2.426421663789444381e+02 1.505656768064229878e+00 1.130886587540136645e+02 3.702352929717224406e+00 -1.160277212590006962e-01 1.058441780834080553e-01
2.098623828347036646e+00 4.200000000000000000e+01 2.490950800019901976e+02 1.136531061806762111e+00 4.126452078423122316e+01 2.359435937271763706e+00 -1.888236477411797121e-01 2.425265494790763976e-01
2.098623828347036646e+00 4.300000000000000000e+01 2.542294395617599889e+02 1.207828548176114403e+00 4.965529526366845658e+01 2.525189586855740576e+00 -2.748391292822562337e-01 -6.713113463199282815e-02
2.098623828347036646e+00 4.400000000000000000e+01 2.607556599002637654e+02 1.449362262764045672e+00 1.076563158944097154e+02 3.613113161580055355e+00 -1.642176494794390929e-01 5.697804334445825090e-04
2.098623828347036646e+00 4.500000000000000000e+01 2.663606623505139623e+02 9.157826399981757737e-01 1.329231858780591224e+01 1.835500886396763010e+00 -3.118988399540899570e-01 -2.495048841020631458e-01
2.098623828347036646e+00 4.600000000000000000e+01 2.720515882505151808e+02 1.501928777300224782e+00 1.133055572191893532e+02 3.718958706328899133e+00 -4.659698637723419523e-02 -1.486201080826909382e-01
2.098623828347036646e+00 4.700000000000000000e+01 2.785287910318901936e+02 1.153534525320716320e+00 4.423110515287412170e+01 2.431553837622900893e+00 -1.415778627049877059e-01 -2.604915596619817308e-01
2.098623828347036646e+00 4.800000000000000000e+01 2.836495375193520090e+02 1.196653003187424957e+00 4.827490619431270602e+01 2.509587982785415505e+00 1.758546013250085471e-01 -2.244479655648544403e-01
2.098623828347036646e+00 4.900000000000000000e+01 2.901652614821300062e+02 1.466269803760221979e+00 1.109438111375561107e+02 3.690747359405255335e+00 6.614703039961669639e-02 -1.434500481814623973e-01
2.098623828347036646e+00 5.000000000000000000e+01 2.957944810612286233e+02 9.232940872049953951e-01 1.374383652845339832e+01 1.859252521192602314e+00 3.492242775152329948e-01 -1.839332483645956529e-01
2.098623828347036646e+00 5.100000000000000000e+01 3.014443764130136287e+02 1.497790849518316092e+00 1.131989613310896488e+02 3.724318310917266839e+00 1.536268316772055331e-01 2.298565328426632401e-02
2.098623828347036646e+00 5.200000000000000000e+01 3.079552377257983835e+02 1.170006142886578671e+00 4.732621355495841442e+01 2.501057618592463783e+00 2.854566628492505309e-01 -2.264339926687981494e-02
2.098623828347036646e+00 5.300000000000000000e+01 3.130610904605140945e+02 1.185504623067226815e+00 4.672867248412509156e+01 2.496012553477037876e+00 1.306835478312382004e-01 2.556066742582412399e-01
2.098623828347036646e+00 5.400000000000000000e+01 3.195554016462812683e+02 1.474879207150004312e+00 1.144459717012056927e+02 3.764798884070889251e+00 9.616052828637111638e-02 1.180060374702065207e-01
2.098623828347036646e+00 5.500000000000000000e+01 3.252217261569200559e+02 9.195766723321316949e-01 1.436365001025319010e+01 1.876938921141624528e+00 2.614824569889336731e-02 3.903513558074191980e-01
2.098623828347036646e+00 5.600000000000000000e+01 3.308369543502950023e+02 1.500616084927048677e+00 1.124160434621433780e+02 3.730203854543823194e+00 -8.758886816669549102e-02 1.277346290552380526e-01
2.098623828347036646e+00 5.700000000000000000e+01 3.373663376239180138e+02 1.194467296715691296e+00 5.054487790683612758e+01 2.576248999980515375e+00 -9.582815528522847792e-02 2.586034236148940235e-01
2.098623828347036646e+00 5.800000000000000000e+01 3.424625147114718970e+02 1.161274001103116404e+00 4.506468277123081378e+01 2.471475422222478180e+00 -2.904988034626136972e-01 8.402251340492192938e-03
2.098623828347036646e+00 5.900000000000000000e+01 3.489404144635313401e+02 1.478006214988523581e+00 1.181701763794289377e+02 3.831483023537372912e+00 -1.435663583534276533e-01 3.265186625351251815e-02
2.098623828347036646e+00 6.000000000000000000e+01 3.546422360768034991e+02 9.264164841350481794e-01 1.526700811848069073e+01 1.902109099296880323e+00 -3.618756960267706102e-01 -1.352755602739107721e-01
2.098623828347036646e+00 6.100000000000000000e+01 3.602138618166081301e+02 1.504885230711328292e+00 1.121312892642545478e+02 3.731496555473973409e+00 -7.440972140526551371e-02 -1.357208511689007302e-01
2.098623828347036646e+00 6.200000000000000000e+01 3.667717160362588515e+02 1.198929467660841075e+00 5.384450561105951039e+01 2.654279107529901260e+00 -1.858110341874537885e-01 -1.892717475322651388e-01
2.098623828347036646e+00 6.300000000000000000e+01 3.718636009874722959e+02 1.144942782641340306e+00 4.353309560525266164e+01 2.451132699837192952e+00 1.184076003565799895e-01 -2.686550525908896203e-01
2.098623828347036646e+00 6.400000000000000000e+01 3.783273867806674957e+02 1.484806812322124303e+00 1.210989312522124237e+02 3.904470943348600898e+00 3.298837802480997922e-02 -1.380701992891773255e-01
2.098623828347036646e+00 6.500000000000000000e+01 3.840659310807633346e+02 9.190048011687412810e-01 1.596966585683655637e+01 1.925019070571172941e+00 2.683800328784947675e-01 -2.717446096997846450e-01
2.098623828347036646e+00 6.600000000000000000e+01 3.896020090186655125e+02 1.485112257199490804e+00 1.116467889877734621e+02 3.731051417590782293e+00 1.546614026861862501e-01 -6.890074262289366813e-03
2.098623828347036646e+00 6.700000000000000000e+01 3.961869081727409707e+02 1.222247497736887789e+00 5.748389537381451930e+01 2.728421053042045852e+00 2.404154653625480420e-01 -8.673380438274966298e-02
2.098623828347036646e+00 6.800000000000000000e+01 4.012802074037397801e+02 1.120332165707228711e+00 4.225775529132280894e+01 2.438155073376366389e+00 1.964320508601648807e-01 2.207628923994623404e-01
2.098623828347036646e+00 6.900000000000000000e+01 4.077257688761150689e+02 1.488439971884200297e+00 1.239421848305961191e+02 3.970262983511001931e+00 1.066990659357956867e-01 8.650884182821350077e-02
2.098623828347036646e+00 7.000000000000000000e+01 4.134983565455058283e+02 9.194039656487960066e-01 1.695612639793719012e+01 1.954409447576182401e+00 1.392235976995686852e-01 3.496639707960770838e-01
2.098623828347036646e+00 7.100000000000000000e+01 4.190062554367609664e+02 1.480326207758186463e+00 1.111949882190858290e+02 3.730504857117852513e+00 -5.978516426807736067e-02 1.428511815608802527e-01
2.098623828347036646e+00 7.200000000000000000e+01 4.256190873456426402e+02 1.235098875738037671e+00 6.034660134457655545e+01 2.797251084614950312e+00 -1.646267192237793608e-02 2.463867584560701651e-01
2.098623828347036646e+00 7.300000000000000000e+01 4.307089164328741617e+02 1.103809683546055798e+00 4.110779169916206399e+01 2.438574856922075540e+00 -2.812927898006219452e-01 9.033007864287645461e-02
2.098623828347036646e+00 7.400000000000000000e+01 4.371413471708830798e+02 1.495463205186951416e+00 1.267180477497100668e+02 4.041305279081277568e+00 -1.187905735972660387e-01 5.884995676961522065e-02
2.098623828347036646e+00 7.500000000000000000e+01 4.429382721017187805e+02 9.183666003730193150e-01 1.799186878716197313e+01 1.989594861394156089e+00 -3.696705384686418405e-01 -9.721638125441032022e-03
2.098623828347036646e+00 7.600000000000000000e+01 4.484253574149067276e+02 1.457467601574031990e+00 1.112184547372330456e+02 3.739500861327873960e+00 -1.049027548609826888e-01 -1.129662547175488696e-01
2.098623828347036646e+00 7.700000000000000000e+01 4.550611392029792341e+02 1.221188997389318187e+00 6.292092357452635554e+01 2.857645419346861004e+00 -2.136337589970808137e-01 -1.084637269888040212e-01
2.098623828347036646e+00 7.800000000000000000e+01 4.601610339889986676e+02 1.093817537857420197e+00 4.069540912599346427e+01 2.433968435336565150e+00 2.434030520985970211e-02 -2.951198162684693371e-01
2.098623828347036646e+00 7.900000000000000000e+01 4.665895720353727256e+02 1.495839441279031901e+00 1.285715136471251867e+02 4.097116198465601933e+00 -8.124732919891757346e-03 -1.286643905731050808e-01
2.098623828347036646e+00 8.000000000000000000e+01 4.724129959216547832e+02 9.100259158413337435e-01 1.865442023932328652e+01 2.020978266205554430e+00 1.406563975597157901e-01 -3.357700612062330947e-01
2.098623828347036646e+00 8.100000000000000000e+01 4.778758761065658973e+02 1.465821815840433029e+00 1.110757965135730103e+02 3.760180818595543872e+00 1.431265626312768768e-01 -5.286130618543988940e-02
2.098623828347036646e+00 8.200000000000000000e+01 4.845232530078244508e+02 1.235992790803351005e+00 6.522334882364060604e+01 2.922705387162369828e+00 1.746684360695224814e-01 -1.525742784083468917e-01
2.098623828347036646e+00 8.300000000000000000e+01 4.896234090721423513e+02 1.069229219886571380e+00 4.026228267344477985e+01 2.443726126339578641e+00 2.633859850174588013e-01 1.321533440156567596e-01
2.098623828347036646e+00 8.400000000000000000e+01 4.960433185111121475e+02 1.510544563671639695e+00 1.304487363719823065e+02 4.143425362424183689e+00 1.192411908185382757e-01 4.061947421077272830e-02
2.098623828347036646e+00 8.500000000000000000e+01 5.018899216360741207e+02 9.011287100963639718e-01 1.912430195943588984e+01 2.039872694468026992e+00 2.601676254259330801e-01 2.497159826414404316e-01
2.098623828347036646e+00 8.600000000000000000e+01 5.073455719385788143e+02 1.474903346814861571e+00 1.109196628895921037e+02 3.781823746727327684e+00 -3.266203173217518095e-03 1.508987689306868496e-01
2.098623828347036646e+00 8.700000000000000000e+01 5.140097949219567681e+02 1.227724741728003055e+00 6.692303030894358074e+01 2.966505025673704665e+00 7.980223055130847287e-02 2.124018167996022111e-01
2.098623828347036646e+00 8.800000000000000000e+01 5.191098759835751935e+02 1.063575452715104452e+00 4.034836378905421128e+01 2.469432675482583495e+00 -2.134374501371846256e-01 1.976798284082342261e-01
2.098623828347036646e+00 8.900000000000000000e+01 5.255183800065969990e+02 1.514687025741317417e+00 1.322747832590029304e+02 4.202721083930164525e+00 -7.863059969688282469e-02 9.365925930848598147e-02
2.098623828347036646e+00 9.000000000000000000e+01 5.313727217050386571e+02 9.057654022556576034e-01 1.997839148859014102e+01 2.077977322605252031e+00 -3.195732677086272067e-01 1.518423129824836570e-01
2.098623828347036646e+00 9.100000000000000000e+01 5.368116181652876548e+02 1.455139585361505228e+00 1.114282939540659640e+02 3.804908151603999311e+00 -1.373819627344856908e-01 -5.820170140749456045e-02
2.098623828347036646e+00 9.200000000000000000e+01 5.434799456013079180e+02 1.241107728519228237e+00 6.868043659911606369e+01 3.021645623336199016e+00 -2.207014846256918905e-01 -3.439573335912960231e-03
2.098623828347036646e+00 9.300000000000000000e+01 5.485750271237354809e+02 1.055351606231994088e+00 3.985579740351403188e+01 2.472727391243297212e+00 -1.042437618046168774e-01 -2.710861771391970820e-01
2.098623828347036646e+00 9.400000000000000000e+01 5.549874907370641495e+02 1.512381874330073206e+00 1.339527178882460134e+02 4.227372546990614488e+00 -5.752737626293941836e-02 -1.062133585118309603e-01
2.098623828347036646e+00 9.500000000000000000e+01 5.608613660231103495e+02 8.980914379218323251e-01 2.037892691867342876e+01 2.095560589696237042e+00 -3.050078831120687714e-02 -3.493865666998673958e-01
2.098623828347036646e+00 9.600000000000000000e+01 5.662936747581345571e+02 1.454312346894838681e+00 1.112220438787882131e+02 3.819103931506602212e+00 1.024687008118194548e-01 -1.069935692725540177e-01
2.098623828347036646e+00 9.700000000000000000e+01 5.729755725121571004e+02 1.247618145890909691e+00 6.977657877725738444e+01 3.056113858999379929e+00 7.746016847905322356e-02 -2.026578007978511453e-01
2.098623828347036646e+00 9.800000000000000000e+01 5.780689848031792053e+02 1.065377256170463749e+00 4.003315793816540946e+01 2.494540304978534628e+00 2.872514987860808611e-01 -4.578183349243613622e-03
2.098623828347036646e+00 9.900000000000000000e+01 5.844713887541104214e+02 1.506185648449521519e+00 1.352456014163136899e+02 4.271761630575198865e+00 1.170630944877187468e-01 -1.591873135631260983e-02
2.098623828347036646e+00 1.000000000000000000e+02 5.903469228509533195e+02 9.085301381777536323e-01 2.107793721685390054e+01 2.127875316547014339e+00 3.323610235968114668e-01 9.287735946075287297e-02
