3.013144123536931618e-01
-1.000000000000000000e+00
1.000000000000000000e+00
1.000000000000000000e+00
1.000000000000000000e+00
6.283185307179586232e-01
7.926654595212021537e-01
-8.497986042542244878e-01
1.588632512079844128e+00
1.206014202185408557e+00
1.790701729111846829e-01
1.202648723246402679e-01
-5.658250826603545391e+00
1.664264997885890551e+00
1.282914607389646688e+00
1.282914607389654682e+00
5.265245584877888962e-01
1.000000000000004885e+00
1.001327198971029286e+00
1.000827517343400253e+00
1.118147570673328761e-01
1.202648723527549313e-01
1.750539190059984485e+00
