0.000000000000000000e+00 0.000000000000000000e+00
1.000000000000000194e-02 4.928955481496808191e-03
2.000000000000000389e-02 9.593294602468084575e-03
3.000000000000000930e-02 1.382541523533043805e-02
4.000000000000000777e-02 1.756497637515400112e-02
5.000000000000000971e-02 2.081254767622853219e-02
6.000000000000001860e-02 2.365166243492384038e-02
7.000000000000002054e-02 2.616954029016361691e-02
8.000000000000001554e-02 2.845297285836152421e-02
9.000000000000001055e-02 3.060754324148801803e-02
1.000000000000000194e-01 3.268789706790817262e-02
1.100000000000000144e-01 3.477547965010718140e-02
1.200000000000000372e-01 3.694048414888918136e-02
1.300000000000000322e-01 3.923147282004884467e-02
1.400000000000000411e-01 4.173211200239997781e-02
1.500000000000000222e-01 4.449476733807684187e-02
1.600000000000000311e-01 4.756912196763223022e-02
1.700000000000000400e-01 5.098872511010243275e-02
1.800000000000000211e-01 5.473206910942035597e-02
1.900000000000000022e-01 5.873436009547509939e-02
2.000000000000000389e-01 6.286813207485725252e-02
2.100000000000000477e-01 6.696544300706055997e-02
2.200000000000000289e-01 7.084677603176051108e-02
2.300000000000000377e-01 7.436928291758886089e-02
2.400000000000000744e-01 7.745785834052004715e-02
2.500000000000000555e-01 8.011249111747370533e-02
2.600000000000000644e-01 8.240482079886703171e-02
2.700000000000000733e-01 8.442133076284465132e-02
2.800000000000000822e-01 8.626089098131628496e-02
2.900000000000000355e-01 8.801026060140648699e-02
3.000000000000000444e-01 8.973065647191412475e-02
3.100000000000000533e-01 9.149411635763940454e-02
3.200000000000000622e-01 9.335159063352803377e-02
3.300000000000000711e-01 9.535729957645007471e-02
3.400000000000000799e-01 9.757429437392101113e-02
3.500000000000000333e-01 1.000468744754924866e-01
3.600000000000000422e-01 1.028204974561345159e-01
3.700000000000000511e-01 1.059139926904182488e-01
3.800000000000000044e-01 1.093066893452932786e-01
3.900000000000000688e-01 1.129341941956765044e-01
4.000000000000000777e-01 1.166778404281104270e-01
4.100000000000000866e-01 1.203836362412404604e-01
4.200000000000000955e-01 1.238884604610029638e-01
4.300000000000001044e-01 1.270627540251737797e-01
4.400000000000000577e-01 1.298386431809887553e-01
4.500000000000000111e-01 1.322227838959328383e-01
4.600000000000000755e-01 1.342797715367620437e-01
4.700000000000000289e-01 1.360955522670329598e-01
4.800000000000001488e-01 1.377623695743639964e-01
4.900000000000001021e-01 1.393562616388586417e-01
5.000000000000001110e-01 1.409410286299451753e-01
5.100000000000001199e-01 1.425764703443682946e-01
5.200000000000001288e-01 1.443117649359624555e-01
5.300000000000001377e-01 1.462006339263890731e-01
5.400000000000001465e-01 1.482951451362660433e-01
5.500000000000000444e-01 1.506411620684691699e-01
5.600000000000001643e-01 1.532775737666202953e-01
5.700000000000001732e-01 1.562181052059745945e-01
5.800000000000000711e-01 1.594418873586222196e-01
5.900000000000001910e-01 1.628824951343396388e-01
6.000000000000000888e-01 1.664254800202504547e-01
6.100000000000000977e-01 1.699228787816582931e-01
6.200000000000001066e-01 1.732211798957344895e-01
6.300000000000001155e-01 1.761993056342230635e-01
6.400000000000001243e-01 1.787980267554716285e-01
6.500000000000001332e-01 1.810286609951355929e-01
6.600000000000001421e-01 1.829546799613159247e-01
6.700000000000000400e-01 1.846621847845078823e-01
6.800000000000001599e-01 1.862365882159535968e-01
6.900000000000000577e-01 1.877509066039678154e-01
7.000000000000000666e-01 1.892666051976035213e-01
7.100000000000001865e-01 1.908373108451252020e-01
7.200000000000000844e-01 1.925131474777694307e-01
7.300000000000000933e-01 1.943438991263441995e-01
7.400000000000001021e-01 1.963786657648957656e-01
7.500000000000001110e-01 1.986627479270741958e-01
7.600000000000000089e-01 2.012301094980329663e-01
7.700000000000001288e-01 2.040923092527923699e-01
7.800000000000001377e-01 2.072257541063265429e-01
7.900000000000000355e-01 2.105621603386214902e-01
8.000000000000001554e-01 2.139880684618345186e-01
8.100000000000001643e-01 2.173586168137816299e-01
8.200000000000001732e-01 2.205263041738634577e-01
8.300000000000002931e-01 2.233772405199927202e-01
8.400000000000001910e-01 2.258596416562974607e-01
8.500000000000001998e-01 2.279893902250193782e-01
8.600000000000002087e-01 2.298314115569086435e-01
8.700000000000002176e-01 2.314705088986989123e-01
8.800000000000001155e-01 2.329888763898888548e-01
8.900000000000001243e-01 2.344567138769394210e-01
9.000000000000000222e-01 2.359328899010369185e-01
9.100000000000000311e-01 2.374689990921269589e-01
9.200000000000001510e-01 2.391136695213005869e-01
9.300000000000000488e-01 2.409154099903651758e-01
9.400000000000000577e-01 2.429216452893734057e-01
9.500000000000000666e-01 2.451758965124763712e-01
9.600000000000002975e-01 2.477098511782466483e-01
9.700000000000003064e-01 2.505319736978539047e-01
9.800000000000002043e-01 2.536159588072575688e-01
9.900000000000003242e-01 2.568911062969699843e-01
1.000000000000000222e+00 2.602432740505303821e-01
1.010000000000000231e+00 2.635291699026136025e-01
1.020000000000000240e+00 2.666057679633433430e-01
1.030000000000000249e+00 2.693655331671613307e-01
1.040000000000000258e+00 2.717632461065594973e-01
1.050000000000000266e+00 2.738202474153941801e-01
1.060000000000000275e+00 2.756023948110344901e-01
1.070000000000000284e+00 2.771943638857121139e-01
1.080000000000000293e+00 2.786759594605262014e-01
1.090000000000000302e+00 2.801141489336437251e-01
1.100000000000000089e+00 2.815675312060471058e-01
1.110000000000000320e+00 2.830847001077568259e-01
1.120000000000000329e+00 2.847138868179308613e-01
1.130000000000000115e+00 2.865034614986586847e-01
1.140000000000000346e+00 2.884981735270927827e-01
1.150000000000000355e+00 2.907415492849099725e-01
1.160000000000000142e+00 2.932625034631070049e-01
1.170000000000000151e+00 2.960665123356733264e-01
1.180000000000000382e+00 2.991247110225490058e-01
1.190000000000000169e+00 3.023630590005649266e-01
1.200000000000000178e+00 3.056661845822511991e-01
1.210000000000000409e+00 3.088913527242505008e-01
1.220000000000000195e+00 3.118994688973815155e-01
1.230000000000000204e+00 3.145884279142130979e-01
1.240000000000000213e+00 3.169200693634132149e-01
1.250000000000000222e+00 3.189204495084034807e-01
1.260000000000000231e+00 3.206568189590064399e-01
1.270000000000000240e+00 3.222145621580911889e-01
1.280000000000000249e+00 3.236699550334444786e-01
1.290000000000000258e+00 3.250891733173192355e-01
1.300000000000000266e+00 3.265294323775404517e-01
1.310000000000000053e+00 3.280367215510951451e-01
1.320000000000000284e+00 3.296608154623103526e-01
1.330000000000000293e+00 3.314478039910032092e-01
1.340000000000000080e+00 3.334419188519474053e-01
1.350000000000000311e+00 3.356863619314049973e-01
1.360000000000000320e+00 3.382066552330861287e-01
1.370000000000000107e+00 3.410064882245840701e-01
1.380000000000000115e+00 3.440532561018894708e-01
1.390000000000000346e+00 3.472697360760915175e-01
1.400000000000000133e+00 3.505386628667879201e-01
1.410000000000000142e+00 3.537176076394820123e-01
1.420000000000000373e+00 3.566706616963692955e-01
1.430000000000000160e+00 3.593014410037886353e-01
1.440000000000000169e+00 3.615785439022459191e-01
1.450000000000000178e+00 3.635320506017311049e-01
1.460000000000000187e+00 3.652323217138675471e-01
1.470000000000000195e+00 3.667631411775377770e-01
1.480000000000000204e+00 3.681995577128912012e-01
1.490000000000000213e+00 3.696069388069138095e-01
1.500000000000000222e+00 3.710391339354738305e-01
1.510000000000000231e+00 3.725438453556456642e-01
1.520000000000000018e+00 3.741687800748089154e-01
1.530000000000000249e+00 3.759593481425449468e-01
1.540000000000000258e+00 3.779610348097743877e-01
1.550000000000000044e+00 3.802133826168827557e-01
1.560000000000000275e+00 3.827417782282954706e-01
1.570000000000000284e+00 3.855463536761604137e-01
1.580000000000000071e+00 3.885907443498751168e-01
1.590000000000000080e+00 3.917948924493945828e-01
1.600000000000000311e+00 3.950388992139600708e-01
1.610000000000000320e+00 3.981807569469085761e-01
1.620000000000000329e+00 4.010862706573637970e-01
1.630000000000000560e+00 4.036689456219650363e-01
1.640000000000000346e+00 4.058968435248100359e-01
1.650000000000000355e+00 4.078096267310424294e-01
1.660000000000000586e+00 4.094857337473812864e-01
1.670000000000000373e+00 4.109862452777256481e-01
1.680000000000000382e+00 4.124106029920697747e-01
1.690000000000000391e+00 4.138224758272844306e-01
1.700000000000000400e+00 4.152342401820200979e-01
1.710000000000000409e+00 4.167398554765742724e-01
1.720000000000000417e+00 4.183895956834674523e-01
1.730000000000000204e+00 4.201783410344943626e-01
1.740000000000000435e+00 4.221797308165326501e-01
1.750000000000000444e+00 4.244546644872578822e-01
1.760000000000000231e+00 4.270045079437558844e-01
1.770000000000000462e+00 4.298149078118559396e-01
1.780000000000000249e+00 4.328568600084806151e-01
1.790000000000000258e+00 4.360586673233636801e-01
1.800000000000000044e+00 4.392863515607498548e-01
1.810000000000000497e+00 4.423886457356954183e-01
1.820000000000000062e+00 4.452439938947715392e-01
1.830000000000000293e+00 4.477848137129821215e-01
1.840000000000000302e+00 4.499947569308728190e-01
1.850000000000000311e+00 4.518945170709359749e-01
1.860000000000000098e+00 4.535439564681232882e-01
1.870000000000000551e+00 4.550180885493283478e-01
1.880000000000000115e+00 4.563973671948813315e-01
1.890000000000000346e+00 4.577583948392409674e-01
1.900000000000000133e+00 4.591583210992216668e-01
1.910000000000000364e+00 4.606503434398052654e-01
1.920000000000000595e+00 4.622792773792095411e-01
1.930000000000000382e+00 4.640868566924614136e-01
1.940000000000000613e+00 4.661172298496000233e-01
1.950000000000000400e+00 4.684035777844172133e-01
1.960000000000000409e+00 4.709669998789942635e-01
1.970000000000000195e+00 4.738013956684049566e-01
1.980000000000000648e+00 4.768622212111368608e-01
1.990000000000000435e+00 4.800634401211899549e-01
2.000000000000000444e+00 4.832808326909194263e-01
2.010000000000000231e+00 4.863740551952470126e-01
2.020000000000000462e+00 4.892164117612315399e-01
2.030000000000000249e+00 4.917292083841396377e-01
2.040000000000000480e+00 4.938956264900618565e-01
2.050000000000000266e+00 4.957534215844728864e-01
2.060000000000000497e+00 4.973735439785657020e-01
2.070000000000000284e+00 4.988329013425523706e-01
2.080000000000000515e+00 5.002079171803522906e-01
2.090000000000000302e+00 5.015706179674854770e-01
2.100000000000000533e+00 5.029852816784085023e-01
2.110000000000000320e+00 5.045071511124874508e-01
2.120000000000000551e+00 5.061752316097506421e-01
2.130000000000000338e+00 5.080191004524909903e-01
2.140000000000000568e+00 5.100698650598834982e-01
2.150000000000000355e+00 5.123637048561553442e-01
2.160000000000000586e+00 5.149314624797205475e-01
2.170000000000000373e+00 5.177734845288777255e-01
2.180000000000000604e+00 5.208426032882463863e-01
2.190000000000000391e+00 5.240438427128103482e-01
2.200000000000000178e+00 5.272469278426332728e-01
2.210000000000000409e+00 5.303050689164072740e-01
2.220000000000000639e+00 5.330876473163931317e-01
2.230000000000000426e+00 5.355279491178258633e-01
2.240000000000000657e+00 5.376406939256458406e-01
2.250000000000000444e+00 5.394783889606127314e-01
2.260000000000000231e+00 5.410875488513251508e-01
2.270000000000000462e+00 5.425328646253898546e-01
2.280000000000000693e+00 5.439183732093926249e-01
2.290000000000000036e+00 5.453243400817342490e-01
2.300000000000000711e+00 5.467685699112933007e-01
2.310000000000000053e+00 5.482803027185081390e-01
2.320000000000000284e+00 5.499366034218001742e-01
2.330000000000000515e+00 5.517899006905538917e-01
2.340000000000000302e+00 5.538563311521670363e-01
2.350000000000000089e+00 5.561744365280618663e-01
2.360000000000000764e+00 5.587795332458296294e-01
2.370000000000000107e+00 5.616500245062411301e-01
2.380000000000000338e+00 5.647245251404654498e-01
2.390000000000000568e+00 5.679166794564740606e-01
2.400000000000000355e+00 5.711044153764029963e-01
2.410000000000000142e+00 5.741382408293943529e-01
2.420000000000000817e+00 5.768879764343837202e-01
2.430000000000000160e+00 5.793065808972821529e-01
2.440000000000000391e+00 5.813951158136663189e-01
2.450000000000000622e+00 5.831771872656821287e-01
2.460000000000000409e+00 5.847564068511771351e-01
2.470000000000000195e+00 5.862192545603722715e-01
2.480000000000000426e+00 5.876040375328427379e-01
2.490000000000000213e+00 5.889958986106862415e-01
2.500000000000000444e+00 5.904414611305295324e-01
2.510000000000000231e+00 5.919695930176815946e-01
2.520000000000000462e+00 5.936480722159344081e-01
2.530000000000000249e+00 5.955087325404554432e-01
2.540000000000000480e+00 5.975946542320528243e-01
2.550000000000000266e+00 5.999477634910582724e-01
2.560000000000000497e+00 6.025715578113436388e-01
2.570000000000000728e+00 6.054587738251384632e-01
2.580000000000000515e+00 6.085514523647103102e-01
2.590000000000000746e+00 6.117463911129461529e-01
2.600000000000000533e+00 6.149210332311396687e-01
2.610000000000000764e+00 6.179263709781510627e-01
2.620000000000000107e+00 6.206490327424128983e-01
2.630000000000000782e+00 6.230361052162320945e-01
2.640000000000000568e+00 6.250778729052611782e-01
2.650000000000000355e+00 6.268465201760174965e-01
2.660000000000000586e+00 6.284107251409146722e-01
2.670000000000000817e+00 6.298520800365983163e-01
2.680000000000000160e+00 6.312445891403729581e-01
2.690000000000000835e+00 6.326350979543767794e-01
2.700000000000000622e+00 6.340837930725315985e-01
2.710000000000000409e+00 6.356279519821165236e-01
2.720000000000000639e+00 6.373188277041668126e-01
2.730000000000000870e+00 6.391986716311526262e-01
2.740000000000000213e+00 6.413103253721889052e-01
2.750000000000000888e+00 6.436857543803971016e-01
2.760000000000000231e+00 6.463370784870809960e-01
2.770000000000000462e+00 6.492454301175033526e-01
2.780000000000000693e+00 6.523504137774390754e-01
2.790000000000000480e+00 6.555508065966396680e-01
2.800000000000000266e+00 6.587109555046590792e-01
2.810000000000000941e+00 6.616940441626795177e-01
2.820000000000000284e+00 6.643853530402591412e-01
2.830000000000000515e+00 6.667347085487799196e-01
2.840000000000000746e+00 6.687493335719332244e-01
2.850000000000000533e+00 6.704919539356669622e-01
2.860000000000000320e+00 6.720410801405676260e-01
2.870000000000000995e+00 6.734754107788104571e-01
2.880000000000000338e+00 6.748636923657472808e-01
2.890000000000000568e+00 6.762591701027378388e-01
2.900000000000000355e+00 6.777137455528651211e-01
2.910000000000000586e+00 6.792709550394357976e-01
2.920000000000000373e+00 6.809776685156897491e-01
2.930000000000000604e+00 6.828782914026818585e-01
2.940000000000000391e+00 6.850144752443336760e-01
2.950000000000000622e+00 6.874159695945879500e-01
2.960000000000000409e+00 6.900938955172175593e-01
2.970000000000000639e+00 6.930240658054163116e-01
2.980000000000000426e+00 6.961434611018727514e-01
2.990000000000000657e+00 6.993455544073088337e-01
3.000000000000000444e+00 7.024952995391751109e-01
3.010000000000000675e+00 7.054526883863111442e-01
3.020000000000000462e+00 7.081141284210409337e-01
3.030000000000000693e+00 7.104277875517468477e-01
3.040000000000000036e+00 7.124140096744701056e-01
3.050000000000000711e+00 7.141341715861438955e-01
3.060000000000000497e+00 7.156682627693536913e-01
3.070000000000000284e+00 7.170966465866825956e-01
3.080000000000000515e+00 7.184823653055757431e-01
3.090000000000000746e+00 7.198829396240908896e-01
3.100000000000000089e+00 7.213445886812299701e-01
3.110000000000000764e+00 7.229161409877393751e-01
3.120000000000000551e+00 7.246386906192620048e-01
3.130000000000000338e+00 7.265620955605169851e-01
3.140000000000000568e+00 7.287232300097313820e-01
3.150000000000000799e+00 7.311514182647922411e-01
3.160000000000000142e+00 7.338570919054521191e-01
3.170000000000000817e+00 7.368090487661533849e-01
3.180000000000000160e+00 7.399426501463207684e-01
3.190000000000000391e+00 7.431464057422779712e-01
3.200000000000000622e+00 7.462843123351399210e-01
3.210000000000000409e+00 7.492180474715137706e-01
3.220000000000000639e+00 7.518454254755103650e-01
3.230000000000000870e+00 7.541293564223775503e-01
3.240000000000000657e+00 7.560843458967174691e-01
3.250000000000000444e+00 7.577835232500969020e-01
3.260000000000001119e+00 7.593071475242885171e-01
3.270000000000000462e+00 7.607251035395627969e-01
3.280000000000000693e+00 7.621136139041491120e-01
3.290000000000000924e+00 7.635183713689132068e-01
3.300000000000000711e+00 7.649871344796814743e-01
3.310000000000000497e+00 7.665743379760656673e-01
3.320000000000001172e+00 7.683154899071213961e-01
3.330000000000000515e+00 7.702586590657651833e-01
3.340000000000000746e+00 7.724485088655725917e-01
3.350000000000000533e+00 7.749040065019701107e-01
3.360000000000000764e+00 7.776353042086533440e-01
3.370000000000000551e+00 7.806121087127770863e-01
3.380000000000000782e+00 7.837573242024196141e-01
3.390000000000000568e+00 7.869643846201380688e-01
3.400000000000000799e+00 7.900869023200982610e-01
3.410000000000000586e+00 7.929953980180376449e-01
3.420000000000000817e+00 7.955993524473337075e-01
3.430000000000000160e+00 7.978409485431156023e-01
3.440000000000000835e+00 7.997631497903747722e-01
3.450000000000000622e+00 8.014610864524743805e-01
3.460000000000000409e+00 8.029706828096164761e-01
3.470000000000000639e+00 8.043577064569441548e-01
3.480000000000000870e+00 8.057557206051174647e-01
3.490000000000000213e+00 8.071957252868144916e-01
3.500000000000000888e+00 8.086608881527584947e-01
3.510000000000000675e+00 8.102361202901507964e-01
3.520000000000000462e+00 8.120026815242995522e-01
3.530000000000000693e+00 8.139873701937910822e-01
3.540000000000000924e+00 8.162109798349802547e-01
3.550000000000000266e+00 8.186839675579528075e-01
3.560000000000000497e+00 8.214297691782658228e-01
3.570000000000001172e+00 8.244368073934298380e-01
3.580000000000000515e+00 8.276024269236624820e-01
3.590000000000000746e+00 8.308004307318601622e-01
3.600000000000000089e+00 8.339103761071202658e-01
3.610000000000000764e+00 8.368045652489183306e-01
3.620000000000000995e+00 8.393823541214229245e-01
3.630000000000000338e+00 8.415931952573423303e-01
3.640000000000000124e+00 8.434629001021246575e-01
3.650000000000000799e+00 8.451043455368443258e-01
3.660000000000000586e+00 8.466227326832432842e-01
3.670000000000000373e+00 8.480670393713980459e-01
3.680000000000000604e+00 8.494880792892058885e-01
3.690000000000000835e+00 8.509199355608332294e-01
3.700000000000000622e+00 8.523799850802584732e-01
3.710000000000000853e+00 8.539455806262195026e-01
3.720000000000000195e+00 8.557043413788092412e-01
3.730000000000000870e+00 8.576835332614463070e-01
3.740000000000001101e+00 8.599177961025209482e-01
3.750000000000000444e+00 8.624521077693495519e-01
3.760000000000000231e+00 8.652632578664086749e-01
3.770000000000000462e+00 8.682908999625039703e-01
3.780000000000000693e+00 8.714640734378846787e-01
3.790000000000000480e+00 8.746610329209949519e-01
3.800000000000000266e+00 8.777419555640587623e-01
3.810000000000000941e+00 8.805921476511555657e-01
3.820000000000000728e+00 8.831221163328379919e-01
3.830000000000000515e+00 8.853086881754483883e-01
3.840000000000001190e+00 8.872096183019857474e-01
3.850000000000000977e+00 8.888906618791192482e-01
3.860000000000000764e+00 8.904102243039813125e-01
3.870000000000000551e+00 8.918607502120869945e-01
3.880000000000001226e+00 8.933136215631751753e-01
3.890000000000000568e+00 8.947845271865720873e-01
3.900000000000000799e+00 8.963190905996706315e-01
3.910000000000000142e+00 8.980001437980212886e-01
3.920000000000000817e+00 8.998598343581036829e-01
3.930000000000001048e+00 9.019056873907452809e-01
3.940000000000000391e+00 9.041952748707495768e-01
3.950000000000000622e+00 9.067755521179873268e-01
3.960000000000001297e+00 9.096183121232740421e-01
3.970000000000000639e+00 9.126712195004296202e-01
3.980000000000000870e+00 9.158676627653868918e-01
3.990000000000000213e+00 9.190817686510698303e-01
4.000000000000000888e+00 9.221671874244090628e-01
4.010000000000000675e+00 9.250130401487023368e-01
4.020000000000000462e+00 9.275369532866655220e-01
4.030000000000000249e+00 9.297081041054823247e-01
4.040000000000000924e+00 9.315876652022138105e-01
4.050000000000000711e+00 9.332685091722915383e-01
4.060000000000000497e+00 9.348010311044059328e-01
4.070000000000000284e+00 9.362357653432774596e-01
4.080000000000000959e+00 9.376593379942048667e-01
4.090000000000000746e+00 9.391248259785002217e-01
4.100000000000000533e+00 9.406325292372484936e-01
4.110000000000000320e+00 9.422227161484477698e-01
4.120000000000000995e+00 9.439972700295024000e-01
4.130000000000000782e+00 9.460241758838701109e-01
4.140000000000000568e+00 9.483092717754902923e-01
4.150000000000000355e+00 9.508660330516549575e-01
4.160000000000001030e+00 9.537124588214115350e-01
4.170000000000000817e+00 9.567963414021741775e-01
4.180000000000000604e+00 9.600040378113452455e-01
4.190000000000000391e+00 9.632178168278818786e-01
4.200000000000001066e+00 9.663064908854341883e-01
4.210000000000000853e+00 9.691238324774127388e-01
4.220000000000000639e+00 9.715830766632668203e-01
4.230000000000000426e+00 9.736917390910226899e-01
4.240000000000001101e+00 9.754971138333075054e-01
4.250000000000000888e+00 9.770650006645479335e-01
4.260000000000000675e+00 9.785100434722336926e-01
4.270000000000000462e+00 9.799518371054039001e-01
4.280000000000001137e+00 9.814196474006101623e-01
4.290000000000000924e+00 9.828757342082313775e-01
4.300000000000000711e+00 9.843466166247515359e-01
4.310000000000000497e+00 9.859559346553860015e-01
4.320000000000001172e+00 9.878094197420709266e-01
4.330000000000000959e+00 9.899174028787316448e-01
4.340000000000000746e+00 9.922591361966015544e-01
4.350000000000000533e+00 9.948532586846179360e-01
4.360000000000001208e+00 9.977134100277034179e-01
4.370000000000000995e+00 1.000787144110710347e+00
4.380000000000000782e+00 1.003977854008242687e+00
4.390000000000000568e+00 1.007176458745522973e+00
4.400000000000000355e+00 1.010246814996169862e+00
4.410000000000001030e+00 1.013039713292552602e+00
4.420000000000000817e+00 1.015465512423294525e+00
4.430000000000000604e+00 1.017536316956060727e+00
4.440000000000001279e+00 1.019331109177280759e+00
4.450000000000001066e+00 1.020936619590386840e+00
4.460000000000000853e+00 1.022415688477087858e+00
4.470000000000000639e+00 1.023814452804813202e+00
4.480000000000001315e+00 1.025195858922013814e+00
4.490000000000001101e+00 1.026641566833758512e+00
4.500000000000000888e+00 1.028197262184504801e+00
4.510000000000001563e+00 1.029870869047911697e+00
4.520000000000000462e+00 1.031713046070971807e+00
4.530000000000000249e+00 1.033813873941907602e+00
4.540000000000000924e+00 1.036199831050960141e+00
4.550000000000001599e+00 1.038835023377117306e+00
4.560000000000001386e+00 1.041708090542414977e+00
4.570000000000000284e+00 1.044800661465151492e+00
4.580000000000000071e+00 1.048014861268906861e+00
4.590000000000000746e+00 1.051211973503663133e+00
4.600000000000001421e+00 1.054254693333278148e+00
4.610000000000001208e+00 1.057004910177529178e+00
4.620000000000000107e+00 1.059389555653659221e+00
4.630000000000000782e+00 1.061449282536503613e+00
4.640000000000000568e+00 1.063244331754066963e+00
4.650000000000000355e+00 1.064818388496031387e+00
4.660000000000001030e+00 1.066275313942432579e+00
4.670000000000001705e+00 1.067697246963485558e+00
4.680000000000000604e+00 1.069073029568433197e+00
4.690000000000000391e+00 1.070479177739817267e+00
4.700000000000000178e+00 1.072071545063322029e+00
4.710000000000000853e+00 1.073830953098470209e+00
4.720000000000001528e+00 1.075688048458175894e+00
4.730000000000001315e+00 1.077761686259488760e+00
4.740000000000000213e+00 1.080154684206351634e+00
4.750000000000000888e+00 1.082829504184858793e+00
4.760000000000000675e+00 1.085752296868265576e+00
4.770000000000000462e+00 1.088879386471178323e+00
4.780000000000001137e+00 1.092106937023057833e+00
4.790000000000001812e+00 1.095292414155284000e+00
4.800000000000000711e+00 1.098291833973805698e+00
4.810000000000000497e+00 1.101009235038270306e+00
4.820000000000000284e+00 1.103372183169388565e+00
4.830000000000000959e+00 1.105393889959510156e+00
4.840000000000001634e+00 1.107194052904368009e+00
4.850000000000000533e+00 1.108785142741943064e+00
4.860000000000000320e+00 1.110171666181838601e+00
4.870000000000000995e+00 1.111544168689297729e+00
4.880000000000000782e+00 1.112983106329726857e+00
4.890000000000000568e+00 1.114459957949270663e+00
4.900000000000001243e+00 1.116059060525432134e+00
4.910000000000001030e+00 1.117769074391122164e+00
4.920000000000000817e+00 1.119614436367913246e+00
4.930000000000000604e+00 1.121759444904516068e+00
4.940000000000000391e+00 1.124203300734405886e+00
4.950000000000001066e+00 1.126906335488614408e+00
4.960000000000000853e+00 1.129866897636786716e+00
4.970000000000000639e+00 1.132999657393534587e+00
4.980000000000000426e+00 1.136215719170369232e+00
4.990000000000001101e+00 1.139406671034919549e+00
5.000000000000000888e+00 1.142391565395806108e+00
5.009999999999999787e+00 1.145042668986082424e+00
5.020000000000000462e+00 1.147386877037575692e+00
5.030000000000001137e+00 1.149427283794415500e+00
5.040000000000000924e+00 1.151177493029145849e+00
5.050000000000000711e+00 1.152735726604795508e+00
5.060000000000000497e+00 1.154127497410365022e+00
5.070000000000000284e+00 1.155495906266348127e+00
5.080000000000000959e+00 1.156939136277223890e+00
5.090000000000000746e+00 1.158435979738461796e+00
5.100000000000000533e+00 1.160063557596271666e+00
5.110000000000001208e+00 1.161772495313865505e+00
5.120000000000000995e+00 1.163646426910643905e+00
5.130000000000000782e+00 1.165818755494875125e+00
5.140000000000001457e+00 1.168265331724330114e+00
5.150000000000001243e+00 1.171019137803407828e+00
5.160000000000001030e+00 1.174009430360489104e+00
5.170000000000000817e+00 1.177148957965360454e+00
5.180000000000001492e+00 1.180387754289988100e+00
5.190000000000000391e+00 1.183565210991805339e+00
5.200000000000001066e+00 1.186526417839999903e+00
5.210000000000000853e+00 1.189172424911236092e+00
5.220000000000001528e+00 1.191442862570535999e+00
5.230000000000001315e+00 1.193436742241212656e+00
5.240000000000000213e+00 1.195185482240778363e+00
5.250000000000000888e+00 1.196746267446002099e+00
5.260000000000001563e+00 1.198193657603546347e+00
5.270000000000001350e+00 1.199532003381374112e+00
5.280000000000001137e+00 1.200913526800786890e+00
5.290000000000000036e+00 1.202391394901762833e+00
5.300000000000000711e+00 1.204046764105736189e+00
5.310000000000000497e+00 1.205857424284541235e+00
5.320000000000001172e+00 1.207807381622391540e+00
5.330000000000000959e+00 1.209970612883342511e+00
5.340000000000001634e+00 1.212394571535382992e+00
5.350000000000000533e+00 1.215151399571967605e+00
5.360000000000000320e+00 1.218163165751083188e+00
5.370000000000000995e+00 1.221345353654557986e+00
5.380000000000001670e+00 1.224573652080488628e+00
5.390000000000001457e+00 1.227724947829621716e+00
5.400000000000001243e+00 1.230696250756106336e+00
5.410000000000000142e+00 1.233336109410132497e+00
5.420000000000000817e+00 1.235613439931987578e+00
5.430000000000000604e+00 1.237525916425544104e+00
5.440000000000001279e+00 1.239197473038575747e+00
5.450000000000001066e+00 1.240729908257947267e+00
5.460000000000001741e+00 1.242194459943831486e+00
5.470000000000000639e+00 1.243633591245720593e+00
5.480000000000000426e+00 1.245054016871331992e+00
5.490000000000001101e+00 1.246517924545822886e+00
5.500000000000001776e+00 1.248080055320244242e+00
5.510000000000001563e+00 1.249840763691947076e+00
5.520000000000000462e+00 1.251842539639376861e+00
5.530000000000000249e+00 1.254119753732136022e+00
5.540000000000000924e+00 1.256649396837658861e+00
5.550000000000000711e+00 1.259428890451437688e+00
5.560000000000001386e+00 1.262431228473667399e+00
5.570000000000001172e+00 1.265614575862861413e+00
5.580000000000000959e+00 1.268860454117014314e+00
5.590000000000000746e+00 1.272005114432420925e+00
5.600000000000000533e+00 1.274897334740422439e+00
5.610000000000001208e+00 1.277452668335389285e+00
5.620000000000001883e+00 1.279687559352435722e+00
5.630000000000001670e+00 1.281643013362596895e+00
5.640000000000000568e+00 1.283378027856560744e+00
5.650000000000000355e+00 1.284924214233820638e+00
5.660000000000001030e+00 1.286338442409643790e+00
5.670000000000000817e+00 1.287698797899334169e+00
5.680000000000001492e+00 1.289094846401118710e+00
5.690000000000000391e+00 1.290612029126334326e+00
5.700000000000001066e+00 1.292281812979155564e+00
5.710000000000000853e+00 1.294126922247226474e+00
5.720000000000000639e+00 1.296143459980378720e+00
5.730000000000001315e+00 1.298369005694813838e+00
5.740000000000001990e+00 1.300851797078836025e+00
5.750000000000000888e+00 1.303623545325852895e+00
5.760000000000000675e+00 1.306669989794081888e+00
5.770000000000001350e+00 1.309877269094612329e+00
5.780000000000001137e+00 1.313116643311968312e+00
5.790000000000000924e+00 1.316227641368679313e+00
5.800000000000000711e+00 1.319120742730170326e+00
5.810000000000001386e+00 1.321711149180862632e+00
5.820000000000001172e+00 1.323970466612327090e+00
5.830000000000000959e+00 1.325893371267022003e+00
5.840000000000000746e+00 1.327526672366819760e+00
5.850000000000001421e+00 1.328978995635899052e+00
5.860000000000001208e+00 1.330345291473701952e+00
5.870000000000000995e+00 1.331749881062264995e+00
5.880000000000000782e+00 1.333215891010139043e+00
5.890000000000001457e+00 1.334797541796602260e+00
5.900000000000001243e+00 1.336470404076767426e+00
5.910000000000000142e+00 1.338278652107636857e+00
5.920000000000000817e+00 1.340266700651296716e+00
5.930000000000001492e+00 1.342498625538082191e+00
5.940000000000001279e+00 1.345047561159185889e+00
5.950000000000001066e+00 1.347891126739712453e+00
5.960000000000000853e+00 1.350985473115172919e+00
5.970000000000000639e+00 1.354206474470828869e+00
5.980000000000001315e+00 1.357429615857064897e+00
5.990000000000001101e+00 1.360543959813634185e+00
6.000000000000000888e+00 1.363424983816849068e+00
