1.714121900933472276e+00 0.000000000000000000e+00 1.000000000000000000e+00 -0.000000000000000000e+00
1.714121900933472276e+00 1.000000000000000056e-01 9.555709695008581805e-01 2.148899576617474896e-02
1.714121900933472276e+00 2.000000000000000111e-01 9.105681028421731549e-01 8.480582557377665254e-02
1.714121900933472276e+00 3.000000000000000444e-01 8.686538943333363960e-01 1.572404541448712834e-01
1.714121900933472276e+00 4.000000000000000222e-01 8.257276453511117609e-01 2.315305396969724039e-01
1.714121900933472276e+00 5.000000000000000000e-01 7.795127045251051268e-01 3.047150895174082219e-01
1.714121900933472276e+00 6.000000000000000888e-01 7.288222887287638674e-01 3.750486012272235548e-01
1.714121900933472276e+00 7.000000000000000666e-01 6.730975380873660541e-01 4.412879183846238895e-01
1.714121900933472276e+00 8.000000000000000444e-01 6.122108969277444412e-01 5.024304390294869194e-01
1.714121900933472276e+00 9.000000000000000222e-01 5.463241945129561072e-01 5.576053008670761590e-01
1.714121900933472276e+00 1.000000000000000000e+00 4.758080590281803524e-01 6.060611928777188684e-01
1.714121900933472276e+00 1.100000000000000089e+00 4.012058663832230865e-01 6.471453243712909087e-01
1.714121900933472276e+00 1.200000000000000178e+00 3.231860457294826183e-01 6.803027519212664354e-01
1.714121900933472276e+00 1.300000000000000044e+00 2.425196563090173951e-01 7.050857361493050313e-01
1.714121900933472276e+00 1.400000000000000133e+00 1.600609022117414348e-01 7.211511342239784739e-01
1.714121900933472276e+00 1.500000000000000000e+00 7.672036850792680884e-02 7.282691907384191143e-01
1.714121900933472276e+00 1.600000000000000089e+00 -6.546980000253963504e-03 7.263276028587909439e-01
1.714121900933472276e+00 1.700000000000000178e+00 -8.876332285547973433e-02 7.153310210096268662e-01
1.714121900933472276e+00 1.800000000000000044e+00 -1.689447721101121902e-01 6.954051084164668550e-01
1.714121900933472276e+00 1.900000000000000133e+00 -2.461147581585277633e-01 6.667940014656182912e-01
1.714121900933472276e+00 2.000000000000000000e+00 -3.193232928845963214e-01 6.298582123511021758e-01
1.714121900933472276e+00 2.100000000000000089e+00 -3.876592921136589598e-01 5.850723462237673589e-01
1.714121900933472276e+00 2.200000000000000178e+00 -4.502660801698369908e-01 5.330173475343026324e-01
1.714121900933472276e+00 2.300000000000000266e+00 -5.063550250633916949e-01 4.743748769395852438e-01
1.714121900933472276e+00 2.400000000000000355e+00 -5.552164356060652617e-01 4.099182340233152866e-01
1.714121900933472276e+00 2.500000000000000000e+00 -5.962321926643791015e-01 3.405018253592939637e-01
1.714121900933472276e+00 2.600000000000000089e+00 -6.288845963021316710e-01 2.670510577828843490e-01
1.714121900933472276e+00 2.700000000000000178e+00 -6.527649426004032973e-01 1.905486677150196873e-01
1.714121900933472276e+00 2.800000000000000266e+00 -6.675805144611681730e-01 1.120222572920327869e-01
1.714121900933472276e+00 2.900000000000000355e+00 -6.731591670926586612e-01 3.253003786205357212e-02
1.714121900933472276e+00 3.000000000000000000e+00 -6.694531484951107281e-01 -4.685402912308513079e-02
1.714121900933472276e+00 3.100000000000000089e+00 -6.565404211105625443e-01 -1.250546905641161111e-01
1.714121900933472276e+00 3.200000000000000178e+00 -6.346243624811249706e-01 -2.010108797819353810e-01
1.714121900933472276e+00 3.300000000000000266e+00 -6.040318232729744441e-01 -2.736903903197249188e-01
1.714121900933472276e+00 3.400000000000000355e+00 -5.652091130904463023e-01 -3.421046090934577455e-01
1.714121900933472276e+00 3.500000000000000000e+00 -5.187163537509754674e-01 -4.053226029317610890e-01
1.714121900933472276e+00 3.600000000000000089e+00 -4.652201464795888142e-01 -4.624844618200007473e-01
1.714121900933472276e+00 3.700000000000000178e+00 -4.054847387363553213e-01 -5.128135791705532576e-01
1.714121900933472276e+00 3.800000000000000266e+00 -3.403614815755235390e-01 -5.556281713005295497e-01
1.714121900933472276e+00 3.900000000000000355e+00 -2.707773748342954812e-01 -5.903510922562525964e-01
1.714121900933472276e+00 4.000000000000000000e+00 -1.977218582904444744e-01 -6.165182634268113748e-01
1.714121900933472276e+00 4.100000000000000533e+00 -1.222333027335657518e-01 -6.337858278227193054e-01
1.714121900933472276e+00 4.200000000000000178e+00 -4.538447398961973495e-02 -6.419350785762230061e-01
1.714121900933472276e+00 4.299999999999999822e+00 3.173312491510782429e-02 -6.408762948003257076e-01
1.714121900933472276e+00 4.400000000000000355e+00 1.080240271675546870e-01 -6.306500709013319605e-01
1.714121900933472276e+00 4.500000000000000000e+00 1.824052191052028815e-01 -6.114268294925297997e-01
1.714121900933472276e+00 4.600000000000000533e+00 2.538208652179057556e-01 -5.835052793207610167e-01
1.714121900933472276e+00 4.700000000000000178e+00 3.212579139434582065e-01 -5.473077460123342286e-01
1.714121900933472276e+00 4.800000000000000711e+00 3.837610204285076265e-01 -5.033748656139375166e-01
1.714121900933472276e+00 4.900000000000000355e+00 4.404454483747501370e-01 -4.523576542930923816e-01
1.714121900933472276e+00 5.000000000000000000e+00 4.905109513952247147e-01 -3.950080950671565616e-01
1.714121900933472276e+00 5.100000000000000533e+00 5.332524803725894325e-01 -3.321695443099760836e-01
1.714121900933472276e+00 5.200000000000000178e+00 5.680713305521331025e-01 -2.647631221496826726e-01
1.714121900933472276e+00 5.300000000000000711e+00 5.944837453999604060e-01 -1.937757960907121602e-01
1.714121900933472276e+00 5.400000000000000355e+00 6.121271712483570271e-01 -1.202452384223991616e-01
1.714121900933472276e+00 5.500000000000000000e+00 6.207669742679883251e-01 -4.524522903553788999e-02
1.714121900933472276e+00 5.600000000000000533e+00 6.202991195089820886e-01 3.012911176141759226e-02
1.714121900933472276e+00 5.700000000000000178e+00 6.107523726063665004e-01 1.047796331631277861e-01
1.714121900933472276e+00 5.800000000000000711e+00 5.922874992248930992e-01 1.776183517002944690e-01
1.714121900933472276e+00 5.900000000000000355e+00 5.651940476515776579e-01 2.475850314911565431e-01
1.714121900933472276e+00 6.000000000000000000e+00 5.298897900412984363e-01 3.136617703105245569e-01
1.714121900933472276e+00 6.100000000000000533e+00 4.869109240840233110e-01 3.748898956689126205e-01
1.714121900933472276e+00 6.200000000000000178e+00 4.369034886145296004e-01 4.303814089877289195e-01
1.714121900933472276e+00 6.300000000000000711e+00 3.806211803544068961e-01 4.793314922099129460e-01
1.714121900933472276e+00 6.400000000000000355e+00 3.189033714823420462e-01 5.210378687842940337e-01
1.714121900933472276e+00 6.500000000000000000e+00 2.526740560679004433e-01 5.548977781764611317e-01
1.714121900933472276e+00 6.600000000000000533e+00 1.829174732019712424e-01 5.804308900744962196e-01
1.714121900933472276e+00 6.700000000000000178e+00 1.106737008010229700e-01 5.972775687070348560e-01
1.714121900933472276e+00 6.800000000000000711e+00 3.701788015575644547e-02 6.052048459403642777e-01
1.714121900933472276e+00 6.900000000000000355e+00 -3.696180120770073407e-02 6.041161410044547653e-01
1.714121900933472276e+00 7.000000000000000000e+00 -1.101620957810561657e-01 5.940472274475601111e-01
1.714121900933472276e+00 7.100000000000000533e+00 -1.814958956381860777e-01 5.751625408991611899e-01
1.714121900933472276e+00 7.200000000000000178e+00 -2.499152204047276893e-01 5.477597490375236688e-01
1.714121900933472276e+00 7.300000000000000711e+00 -3.144061529371767194e-01 5.122677174157941327e-01
1.714121900933472276e+00 7.400000000000000355e+00 -3.740120346624375425e-01 4.692310330989473699e-01
1.714121900933472276e+00 7.500000000000000000e+00 -4.278533236495620229e-01 4.193052269354157202e-01
1.714121900933472276e+00 7.600000000000000533e+00 -4.751390302077117544e-01 3.632472808551168164e-01
1.714121900933472276e+00 7.700000000000000178e+00 -5.151764681381130195e-01 3.019056848797825876e-01
1.714121900933472276e+00 7.800000000000000711e+00 -5.473812734192365914e-01 2.362090832239722993e-01
1.714121900933472276e+00 7.900000000000000355e+00 -5.712859213698766592e-01 1.671476237604478388e-01
1.714121900933472276e+00 8.000000000000000000e+00 -5.865477087151537150e-01 9.576450144814370458e-02
1.714121900933472276e+00 8.099999999999999645e+00 -5.929546828262123315e-01 2.313218853748202908e-02
1.714121900933472276e+00 8.200000000000001066e+00 -5.904249253080231519e-01 -4.965615084656899159e-02
1.714121900933472276e+00 8.300000000000000711e+00 -5.790149632563070803e-01 -1.215071304430355575e-01
1.714121900933472276e+00 8.400000000000000355e+00 -5.589080059566882142e-01 -1.913443639705689758e-01
1.714121900933472276e+00 8.500000000000000000e+00 -5.304235596481845505e-01 -2.581157691587844250e-01
1.714121900933472276e+00 8.599999999999999645e+00 -4.940045740124793250e-01 -3.208236345384957167e-01
1.714121900933472276e+00 8.700000000000001066e+00 -4.502163435565483263e-01 -3.785246450860067502e-01
1.714121900933472276e+00 8.800000000000000711e+00 -3.997376125529124025e-01 -4.303624550126317061e-01
1.714121900933472276e+00 8.900000000000000355e+00 -3.433377856765424396e-01 -4.755672368069251421e-01
1.714121900933472276e+00 9.000000000000000000e+00 -2.818751922828360290e-01 -5.134670841682555942e-01
1.714121900933472276e+00 9.099999999999999645e+00 -2.162829023396577455e-01 -5.434959534464460784e-01
1.714121900933472276e+00 9.200000000000001066e+00 -1.475694987792139090e-01 -5.652111077554535790e-01
1.714121900933472276e+00 9.300000000000000711e+00 -7.678525357854119882e-02 -5.783043601757599239e-01
1.714121900933472276e+00 9.400000000000000355e+00 -4.999925950206073229e-03 -5.825920182068191622e-01
1.714121900933472276e+00 9.500000000000000000e+00 6.670478486319496303e-02 -5.780161316080448808e-01
1.714121900933472276e+00 9.600000000000001421e+00 1.372309111570570173e-01 -5.646618037973283322e-01
1.714121900933472276e+00 9.700000000000001066e+00 2.055014058643935826e-01 -5.427545212828467358e-01
1.714121900933472276e+00 9.800000000000000711e+00 2.704993123920544917e-01 -5.126342988876073647e-01
1.714121900933472276e+00 9.900000000000000355e+00 3.312387190721427510e-01 -4.747643317461345269e-01
1.714121900933472276e+00 1.000000000000000000e+01 3.867823045407168814e-01 -4.297520445150851409e-01
1.714121900933472276e+00 1.010000000000000142e+01 4.363194655026852997e-01 -3.782812709189454226e-01
1.714121900933472276e+00 1.020000000000000107e+01 4.790904485731649620e-01 -3.211368102866275498e-01
1.714121900933472276e+00 1.030000000000000071e+01 5.144446518876394370e-01 -2.592327460128991956e-01
1.714121900933472276e+00 1.040000000000000036e+01 5.418825989347525462e-01 -1.934741714293514159e-01
1.714121900933472276e+00 1.050000000000000000e+01 5.609573395387909001e-01 -1.249118605662496023e-01
1.714121900933472276e+00 1.060000000000000142e+01 5.714340563947089002e-01 -5.457830241042641722e-02
1.714121900933472276e+00 1.070000000000000107e+01 5.731213338764907794e-01 1.646069116776422217e-02
1.714121900933472276e+00 1.080000000000000071e+01 5.660478506294952528e-01 8.707320661269804529e-02
1.714121900933472276e+00 1.090000000000000036e+01 5.502969264757333612e-01 1.562504585666003309e-01
1.714121900933472276e+00 1.100000000000000000e+01 5.261572925509125920e-01 2.228456255540320619e-01
1.714121900933472276e+00 1.110000000000000142e+01 4.939752662969472685e-01 2.859416709052039485e-01
1.714121900933472276e+00 1.120000000000000107e+01 4.542969997264948434e-01 3.444712347170437727e-01
1.714121900933472276e+00 1.130000000000000071e+01 4.076913678101183325e-01 3.976519088605229291e-01
1.714121900933472276e+00 1.140000000000000036e+01 3.549447144787423736e-01 4.445635314582865316e-01
1.714121900933472276e+00 1.150000000000000000e+01 2.968017863892181696e-01 4.846033326679372033e-01
1.714121900933472276e+00 1.160000000000000142e+01 2.342545269047328904e-01 5.170686304811183964e-01
1.714121900933472276e+00 1.170000000000000107e+01 1.681570809169209979e-01 5.415461852492839956e-01
1.714121900933472276e+00 1.180000000000000071e+01 9.966722944515137017e-02 5.576232934766275351e-01
1.714121900933472276e+00 1.190000000000000036e+01 2.969436071359429080e-02 5.650781458386718858e-01
1.714121900933472276e+00 1.200000000000000000e+01 -4.054491472914144995e-02 5.638332856582157770e-01
1.714121900933472276e+00 1.210000000000000142e+01 -1.100671568889245999e-01 5.538468744197985183e-01
1.714121900933472276e+00 1.220000000000000107e+01 -1.777625680284979914e-01 5.354006356078439000e-01
1.714121900933472276e+00 1.230000000000000071e+01 -2.425610397127096196e-01 5.086578939006856093e-01
1.714121900933472276e+00 1.240000000000000036e+01 -3.035536862350241560e-01 4.741416388591727094e-01
1.714121900933472276e+00 1.250000000000000000e+01 -3.596841154213678005e-01 4.323781893183717973e-01
1.714121900933472276e+00 1.260000000000000142e+01 -4.102051340408676139e-01 3.839352782737469605e-01
1.714121900933472276e+00 1.270000000000000107e+01 -4.542802457635793378e-01 3.297340564062862800e-01
1.714121900933472276e+00 1.280000000000000071e+01 -4.912191360920992178e-01 2.704443357891733735e-01
1.714121900933472276e+00 1.290000000000000036e+01 -5.205510570143939697e-01 2.071024702912371007e-01
1.714121900933472276e+00 1.300000000000000000e+01 -5.417159212530957557e-01 1.406849614446590013e-01
1.714121900933472276e+00 1.310000000000000142e+01 -5.544691439349115347e-01 7.214801264518198864e-02
1.714121900933472276e+00 1.320000000000000107e+01 -5.586288469960783987e-01 2.643728575637543411e-03
1.714121900933472276e+00 1.330000000000000071e+01 -5.540918085866669562e-01 -6.677468001133753106e-02
1.714121900933472276e+00 1.340000000000000036e+01 -5.409537287026602304e-01 -1.350838260851809358e-01
1.714121900933472276e+00 1.350000000000000000e+01 -5.194975332377615995e-01 -2.011613413641788750e-01
1.714121900933472276e+00 1.360000000000000142e+01 -4.899601332298137435e-01 -2.639734674817325044e-01
1.714121900933472276e+00 1.370000000000000107e+01 -4.528441754282619969e-01 -3.226482915242940286e-01
1.714121900933472276e+00 1.380000000000000071e+01 -4.088273092869952885e-01 -3.761832493555136714e-01
1.714121900933472276e+00 1.390000000000000036e+01 -3.584647086659973336e-01 -4.237505053854689896e-01
1.714121900933472276e+00 1.400000000000000000e+01 -3.025915364075959513e-01 -4.646996794659373209e-01
1.714121900933472276e+00 1.410000000000000142e+01 -2.421576743221292849e-01 -4.983486606642138494e-01
1.714121900933472276e+00 1.420000000000000107e+01 -1.780189029582652516e-01 -5.241611699260855239e-01
1.714121900933472276e+00 1.430000000000000071e+01 -1.111978162519045299e-01 -5.417858679629616869e-01
1.714121900933472276e+00 1.440000000000000036e+01 -4.277923608294005586e-02 -5.509450808179804371e-01
1.714121900933472276e+00 1.450000000000000000e+01 2.623674717804987469e-02 -5.514844251020667443e-01
1.714121900933472276e+00 1.460000000000000142e+01 9.474218724441915707e-02 -5.434553818265773772e-01
1.714121900933472276e+00 1.470000000000000107e+01 1.616085151863185521e-01 -5.269833589381471839e-01
1.714121900933472276e+00 1.480000000000000071e+01 2.258701722536615164e-01 -5.022629915433504122e-01
1.714121900933472276e+00 1.490000000000000036e+01 2.865526101205647658e-01 -4.697230737907744369e-01
1.714121900933472276e+00 1.500000000000000000e+01 3.426495595779560643e-01 -4.299505822077431261e-01
1.714121900933472276e+00 1.510000000000000142e+01 3.932903324669341782e-01 -3.835216819903263241e-01
1.714121900933472276e+00 1.520000000000000107e+01 4.377343685414045726e-01 -3.311245843428338165e-01
1.714121900933472276e+00 1.530000000000000071e+01 4.752774517773469820e-01 -2.736609463756531913e-01
1.714121900933472276e+00 1.540000000000000036e+01 5.053144268993280397e-01 -2.120407588302725133e-01
1.714121900933472276e+00 1.550000000000000000e+01 5.273978310094663557e-01 -1.471471139325555288e-01
1.714121900933472276e+00 1.560000000000000142e+01 5.412114275961676935e-01 -8.001448581965803220e-02
1.714121900933472276e+00 1.570000000000000107e+01 5.465447609011201413e-01 -1.177781014526307207e-02
1.714121900933472276e+00 1.580000000000000071e+01 5.432994498838822350e-01 5.653010058100273877e-02
1.714121900933472276e+00 1.590000000000000036e+01 5.315308695867462241e-01 1.239111509454414728e-01
1.714121900933472276e+00 1.600000000000000000e+01 5.114652081620605362e-01 1.892638465857639229e-01
1.714121900933472276e+00 1.610000000000000142e+01 4.834398130135382221e-01 2.515033808975334906e-01
1.714121900933472276e+00 1.619999999999999929e+01 4.478578544446623622e-01 3.097044796174300285e-01
1.714121900933472276e+00 1.630000000000000071e+01 4.052629036046264677e-01 3.630170753039814735e-01
1.714121900933472276e+00 1.640000000000000213e+01 3.563860990501628856e-01 4.105727417029280679e-01
1.714121900933472276e+00 1.650000000000000000e+01 3.020339635595930550e-01 4.515806775733541278e-01
1.714121900933472276e+00 1.660000000000000142e+01 2.429996927392711892e-01 4.854288361598537715e-01
1.714121900933472276e+00 1.669999999999999929e+01 1.801600598232885597e-01 5.116387753561154605e-01
1.714121900933472276e+00 1.680000000000000071e+01 1.145638280916421864e-01 5.297992544022267491e-01
1.714121900933472276e+00 1.690000000000000213e+01 4.731829351168247849e-02 5.395919405549398640e-01
1.714121900933472276e+00 1.700000000000000000e+01 -2.055318053362464176e-02 5.408499335135091846e-01
1.714121900933472276e+00 1.710000000000000142e+01 -8.805642660418892820e-02 5.335807647846245727e-01
1.714121900933472276e+00 1.719999999999999929e+01 -1.541108649485270488e-01 5.179521350702239735e-01
1.714121900933472276e+00 1.730000000000000071e+01 -2.176070744136530954e-01 4.942509270673041133e-01
1.714121900933472276e+00 1.740000000000000213e+01 -2.775617030805277441e-01 4.628213269514128148e-01
1.714121900933472276e+00 1.750000000000000000e+01 -3.331163872736467857e-01 4.240844748022619126e-01
1.714121900933472276e+00 1.760000000000000142e+01 -3.834143244134328166e-01 3.786381075042100641e-01
1.714121900933472276e+00 1.769999999999999929e+01 -4.275800914223747418e-01 3.273020114633535815e-01
1.714121900933472276e+00 1.780000000000000071e+01 -4.648784003293827127e-01 2.709957888060549047e-01
1.714121900933472276e+00 1.790000000000000213e+01 -4.947993539255057249e-01 2.105385333496820055e-01
1.714121900933472276e+00 1.800000000000000000e+01 -5.169316234909274721e-01 1.467251098456756331e-01
1.714121900933472276e+00 1.810000000000000142e+01 -5.308911735424298728e-01 8.054310904589995213e-02
1.714121900933472276e+00 1.819999999999999929e+01 -5.364080004216000841e-01 1.324342526015069750e-02
1.714121900933472276e+00 1.830000000000000071e+01 -5.334966278066274326e-01 -5.399944594497330108e-02
1.714121900933472276e+00 1.840000000000000213e+01 -5.222181598354701526e-01 -1.203432752843852788e-01
1.714121900933472276e+00 1.850000000000000000e+01 -5.025982530229404777e-01 -1.848466905359411883e-01
1.714121900933472276e+00 1.860000000000000142e+01 -4.749804866558460237e-01 -2.463378783606330336e-01
1.714121900933472276e+00 1.869999999999999929e+01 -4.400269300981056730e-01 -3.037797156186041181e-01
1.714121900933472276e+00 1.880000000000000071e+01 -3.982653551211418064e-01 -3.564501973713459781e-01
1.714121900933472276e+00 1.890000000000000213e+01 -3.500929467388314009e-01 -4.033819186780488453e-01
1.714121900933472276e+00 1.900000000000000000e+01 -2.964844362166341174e-01 -4.436883459832609011e-01
1.714121900933472276e+00 1.910000000000000142e+01 -2.382970265024402234e-01 -4.770866552159360729e-01
1.714121900933472276e+00 1.920000000000000284e+01 -1.762187777135796052e-01 -5.030224434465121464e-01
1.714121900933472276e+00 1.930000000000000071e+01 -1.114894095255773571e-01 -5.208082480054859742e-01
1.714121900933472276e+00 1.940000000000000213e+01 -4.534373538695710137e-02 -5.303766538677253672e-01
1.714121900933472276e+00 1.950000000000000000e+01 2.165668194706701910e-02 -5.316011211595850217e-01
1.714121900933472276e+00 1.960000000000000142e+01 8.823448321675908534e-02 -5.241568831503092829e-01
1.714121900933472276e+00 1.970000000000000284e+01 1.532562236104250408e-01 -5.085789329416106064e-01
1.714121900933472276e+00 1.980000000000000071e+01 2.160182240791393982e-01 -4.850098251159734031e-01
1.714121900933472276e+00 1.990000000000000213e+01 2.751314191570103929e-01 -4.536231860707677366e-01
1.714121900933472276e+00 2.000000000000000000e+01 3.296543559766551557e-01 -4.153894082202208571e-01
1.714121900933472276e+00 2.010000000000000142e+01 3.790947829924156687e-01 -3.703622943989335892e-01
1.714121900933472276e+00 2.020000000000000284e+01 4.222303198498391086e-01 -3.194914827777566857e-01
1.714121900933472276e+00 2.030000000000000071e+01 4.588142447170365790e-01 -2.637325665002378527e-01
1.714121900933472276e+00 2.040000000000000213e+01 4.881193750304853585e-01 -2.035381195311747604e-01
1.714121900933472276e+00 2.050000000000000000e+01 5.095132412806006039e-01 -1.405750742109030949e-01
1.714121900933472276e+00 2.060000000000000142e+01 5.229761758899783564e-01 -7.530375343738350546e-02
1.714121900933472276e+00 2.070000000000000284e+01 5.278384230577777281e-01 -8.919926549756413900e-03
1.714121900933472276e+00 2.080000000000000071e+01 5.245302330632117815e-01 5.737086293213227578e-02
1.714121900933472276e+00 2.090000000000000213e+01 5.126539487561457831e-01 1.230300457278439424e-01
1.714121900933472276e+00 2.100000000000000000e+01 4.927682839530098113e-01 1.864229662941537802e-01
1.714121900933472276e+00 2.110000000000000142e+01 4.651663197026444929e-01 2.470383371443448661e-01
1.714121900933472276e+00 2.120000000000000284e+01 4.300731828856906858e-01 3.033313615442382316e-01
1.714121900933472276e+00 2.130000000000000071e+01 3.883913913942927398e-01 3.549158989197394032e-01
1.714121900933472276e+00 2.140000000000000213e+01 3.402851118109741502e-01 4.006872898429392760e-01
1.714121900933472276e+00 2.150000000000000000e+01 2.871151631745853527e-01 4.400544956053414891e-01
1.714121900933472276e+00 2.160000000000000142e+01 2.290340523936052197e-01 4.723970762806116719e-01
1.714121900933472276e+00 2.170000000000000284e+01 1.676476325579057403e-01 4.971687467302326469e-01
1.714121900933472276e+00 2.180000000000000071e+01 1.033993279081237282e-01 5.141419821001110835e-01
1.714121900933472276e+00 2.190000000000000213e+01 3.792129841636902171e-02 5.227913096247356339e-01
1.714121900933472276e+00 2.200000000000000000e+01 -2.825562632240950431e-02 5.232174336637943624e-01
1.714121900933472276e+00 2.210000000000000142e+01 -9.372310211320845907e-02 5.150891777134249949e-01
1.714121900933472276e+00 2.220000000000000284e+01 -1.578647777156512166e-01 4.988963733007831802e-01
1.714121900933472276e+00 2.230000000000000071e+01 -2.193329055350936863e-01 4.745657157728102038e-01
1.714121900933472276e+00 2.240000000000000213e+01 -2.774224156345065917e-01 4.429042400048728845e-01
1.714121900933472276e+00 2.250000000000000000e+01 -3.308635119622113097e-01 4.040675486791905358e-01
1.714121900933472276e+00 2.260000000000000142e+01 -3.790878498487466608e-01 3.590590709429870020e-01
1.714121900933472276e+00 2.270000000000000284e+01 -4.210068471757459907e-01 3.082277522688965377e-01
1.714121900933472276e+00 2.280000000000000071e+01 -4.563130365177667236e-01 2.526705264653493765e-01
1.714121900933472276e+00 2.290000000000000213e+01 -4.841072976357205238e-01 1.929711436205555075e-01
1.714121900933472276e+00 2.300000000000000000e+01 -5.043383257393104779e-01 1.302835654159935352e-01
1.714121900933472276e+00 2.310000000000000142e+01 -5.163196898671346124e-01 6.548724074133778494e-02
1.714121900933472276e+00 2.320000000000000284e+01 -5.202365690531217668e-01 -2.808674837605946452e-04
1.714121900933472276e+00 2.330000000000000071e+01 -5.157069318100944155e-01 -6.592121705332500137e-02
1.714121900933472276e+00 2.340000000000000213e+01 -5.030787733431311137e-01 -1.304625485714474842e-01
1.714121900933472276e+00 2.350000000000000000e+01 -4.823565200305550693e-01 -1.927232074646416382e-01
1.714121900933472276e+00 2.360000000000000142e+01 -4.539530046986733347e-01 -2.519473851672008879e-01
1.714121900933472276e+00 2.370000000000000284e+01 -4.183255918457444156e-01 -3.069766193705892876e-01
1.714121900933472276e+00 2.380000000000000071e+01 -3.759053936353309866e-01 -3.571799266175455512e-01
1.714121900933472276e+00 2.390000000000000213e+01 -3.276414347558868623e-01 -4.015451307032116834e-01
1.714121900933472276e+00 2.400000000000000000e+01 -2.739871250993829443e-01 -4.395158408241748860e-01
1.714121900933472276e+00 2.410000000000000142e+01 -2.162501134807119085e-01 -4.703814904449877821e-01
1.714121900933472276e+00 2.420000000000000284e+01 -1.549321011103228785e-01 -4.936716994974295614e-01
1.714121900933472276e+00 2.430000000000000071e+01 -9.143356986634620931e-02 -5.090743995105051489e-01
1.714121900933472276e+00 2.440000000000000213e+01 -2.639537811651269245e-02 -5.162392768376085073e-01
1.714121900933472276e+00 2.450000000000000000e+01 3.893590485601486351e-02 -5.151969687980382240e-01
1.714121900933472276e+00 2.460000000000000142e+01 1.036117600991340038e-01 -5.058435755012504753e-01
1.714121900933472276e+00 2.470000000000000284e+01 1.667102153991883440e-01 -4.883970612076053985e-01
1.714121900933472276e+00 2.480000000000000071e+01 2.269313033329757034e-01 -4.631924349927750706e-01
1.714121900933472276e+00 2.490000000000000213e+01 2.836936775178406367e-01 -4.304679222737879396e-01
1.714121900933472276e+00 2.500000000000000000e+01 3.356444364171958794e-01 -3.910601597026979181e-01
1.714121900933472276e+00 2.510000000000000142e+01 3.822660415482803664e-01 -3.452431112995317242e-01
1.714121900933472276e+00 2.520000000000000284e+01 4.226767424575829657e-01 -2.940598138930798910e-01
1.714121900933472276e+00 2.530000000000000071e+01 4.561166811725027026e-01 -2.382091200637810324e-01
1.714121900933472276e+00 2.540000000000000213e+01 4.823552389129733831e-01 -1.784212954035118981e-01
1.714121900933472276e+00 2.550000000000000000e+01 5.006801538849766642e-01 -1.161202201876302964e-01
1.714121900933472276e+00 2.560000000000000142e+01 5.110200325473781557e-01 -5.169017599993250278e-02
1.714121900933472276e+00 2.570000000000000284e+01 5.132758174421204744e-01 1.335822654752846783e-02
1.714121900933472276e+00 2.580000000000000071e+01 5.071799069349847144e-01 7.811984942120926700e-02
1.714121900933472276e+00 2.590000000000000213e+01 4.929973261770126958e-01 1.418937949913294527e-01
1.714121900933472276e+00 2.600000000000000000e+01 4.709475886909002540e-01 2.029167977153491231e-01
1.714121900933472276e+00 2.610000000000000142e+01 4.411215485272048098e-01 2.607715302133630231e-01
1.714121900933472276e+00 2.620000000000000284e+01 4.044717115009399122e-01 3.143654317467180492e-01
1.714121900933472276e+00 2.630000000000000071e+01 3.614374719728141727e-01 3.625286001936912639e-01
1.714121900933472276e+00 2.640000000000000213e+01 3.123525680246724834e-01 4.053024608802998086e-01
1.714121900933472276e+00 2.650000000000000000e+01 2.585546195379787582e-01 4.414281628058734364e-01
1.714121900933472276e+00 2.660000000000000142e+01 2.003553848738703902e-01 4.702124375257309974e-01
1.714121900933472276e+00 2.670000000000000284e+01 1.388170099249630141e-01 4.916698930343338936e-01
1.714121900933472276e+00 2.680000000000000071e+01 7.566021036599433758e-02 5.050138983339159671e-01
1.714121900933472276e+00 2.690000000000000213e+01 1.098684814558747481e-02 5.102206210323730895e-01
1.714121900933472276e+00 2.700000000000000000e+01 -5.395031766936640022e-02 5.075029641713735273e-01
1.714121900933472276e+00 2.710000000000000142e+01 -1.174755636683195853e-01 4.963648328749166727e-01
1.714121900933472276e+00 2.720000000000000284e+01 -1.793574493791055269e-01 4.770496655692022525e-01
1.714121900933472276e+00 2.730000000000000071e+01 -2.382349625912146829e-01 4.504933407725221217e-01
1.714121900933472276e+00 2.740000000000000213e+01 -2.929149772457592671e-01 4.166616467328732587e-01
1.714121900933472276e+00 2.750000000000000000e+01 -3.433637100643494589e-01 3.756888188705185816e-01
1.714121900933472276e+00 2.760000000000000142e+01 -3.881223774088816136e-01 3.290092797444595929e-01
1.714121900933472276e+00 2.770000000000000284e+01 -4.261420932947050932e-01 2.772129356093572250e-01
1.714121900933472276e+00 2.780000000000000071e+01 -4.578083165429272516e-01 2.205057504277950498e-01
1.714121900933472276e+00 2.790000000000000213e+01 -4.821598023881208395e-01 1.605326716154161781e-01
1.714121900933472276e+00 2.800000000000000000e+01 -4.981159206770410797e-01 9.827442914581807631e-02
1.714121900933472276e+00 2.810000000000000142e+01 -5.063031324053235416e-01 3.406869334740511568e-02
1.714121900933472276e+00 2.820000000000000284e+01 -5.067202560505350561e-01 -3.040025789305833906e-02
1.714121900933472276e+00 2.830000000000000071e+01 -4.984370139485102547e-01 -9.400364975614174112e-02
1.714121900933472276e+00 2.840000000000000213e+01 -4.819984152355920037e-01 -1.564666444062852158e-01
1.714121900933472276e+00 2.850000000000000000e+01 -4.584126700848885072e-01 -2.163072870101284684e-01
1.714121900933472276e+00 2.860000000000000142e+01 -4.271955008277092403e-01 -2.722201355997119765e-01
1.714121900933472276e+00 2.870000000000000284e+01 -3.885532434713155903e-01 -3.240206612003320719e-01
1.714121900933472276e+00 2.880000000000000071e+01 -3.442231384488987356e-01 -3.708158317412835192e-01
1.714121900933472276e+00 2.890000000000000213e+01 -2.945500507970679749e-01 -4.112134525589448142e-01
1.714121900933472276e+00 2.900000000000000000e+01 -2.394402146286503386e-01 -4.448455133033382691e-01
1.714121900933472276e+00 2.910000000000000142e+01 -1.807368397236124857e-01 -4.717356888702360918e-01
1.714121900933472276e+00 2.920000000000000284e+01 -1.197051714351150403e-01 -4.909022948533410813e-01
1.714121900933472276e+00 2.930000000000000071e+01 -5.637156601162937597e-02 -5.015449832558406262e-01
1.714121900933472276e+00 2.940000000000000213e+01 8.023971834381252860e-03 -5.044701662454283975e-01
1.714121900933472276e+00 2.950000000000000000e+01 7.180959825748596537e-02 -4.996662552417094338e-01
1.714121900933472276e+00 2.960000000000000142e+01 1.341563254184674758e-01 -4.860835413278069561e-01
1.714121900933472276e+00 2.970000000000000284e+01 1.947263817216745019e-01 -4.646348592308594538e-01
1.714121900933472276e+00 2.980000000000000071e+01 2.523920348893592402e-01 -4.362630824985512801e-01
1.714121900933472276e+00 2.990000000000000213e+01 3.051530649087224600e-01 -4.006416056942639359e-01
1.714121900933472276e+00 3.000000000000000000e+01 3.530576047617186020e-01 -3.582525977576670462e-01
1.714121900933472276e+00 3.010000000000000142e+01 3.961136582566596731e-01 -3.099960763654513451e-01
1.714121900933472276e+00 3.020000000000000284e+01 4.320842157682600049e-01 -2.573022511035246707e-01
1.714121900933472276e+00 3.030000000000000071e+01 4.607355541945796218e-01 -2.004999445769389821e-01
1.714121900933472276e+00 3.040000000000000213e+01 4.823501279656572382e-01 -1.395312017354866096e-01
1.714121900933472276e+00 3.050000000000000000e+01 4.962790944753341371e-01 -7.705207412648201748e-02
1.714121900933472276e+00 3.060000000000000142e+01 5.020886441825130886e-01 -1.386955100474097057e-02
1.714121900933472276e+00 3.070000000000000284e+01 4.990968046099970579e-01 5.009225158952923529e-02
1.714121900933472276e+00 3.080000000000000071e+01 4.885913575399356557e-01 1.133120922149942755e-01
1.714121900933472276e+00 3.090000000000000213e+01 4.705317575432812482e-01 1.744931940974422391e-01
1.714121900933472276e+00 3.100000000000000000e+01 4.443309516789117897e-01 2.319994086449155279e-01
1.714121900933472276e+00 3.110000000000000142e+01 4.108228349053744122e-01 2.865080577871025325e-01
1.714121900933472276e+00 3.120000000000000284e+01 3.706590819690831484e-01 3.366975505119616519e-01
1.714121900933472276e+00 3.130000000000000071e+01 3.253696934748013248e-01 3.806789811753556463e-01
1.714121900933472276e+00 3.140000000000000213e+01 2.740751079702082316e-01 4.184804363852447362e-01
1.714121900933472276e+00 3.150000000000000000e+01 2.180405228653551630e-01 4.495134328766292597e-01
1.714121900933472276e+00 3.160000000000000142e+01 1.588530981833367328e-01 4.740519701181616363e-01
1.714121900933472276e+00 3.170000000000000284e+01 9.755053094732482610e-02 4.900944460132882763e-01
1.714121900933472276e+00 3.180000000000000071e+01 3.466216177852488034e-02 4.980802751516026916e-01
1.714121900933472276e+00 3.190000000000000213e+01 -2.976812888559557391e-02 4.980349637934660123e-01
1.714121900933472276e+00 3.200000000000000000e+01 -9.279732849386850002e-02 4.904838008441444464e-01
1.714121900933472276e+00 3.210000000000000142e+01 -1.541805140841068233e-01 4.748410604378354716e-01
1.714121900933472276e+00 3.220000000000000284e+01 -2.126713762225952986e-01 4.508762244614326065e-01
1.714121900933472276e+00 3.230000000000000426e+01 -2.687575570384129198e-01 4.198143661616152711e-01
1.714121900933472276e+00 3.239999999999999858e+01 -3.199462871335366776e-01 3.822449094590990026e-01
1.714121900933472276e+00 3.250000000000000000e+01 -3.656245105484088320e-01 3.390003699373792534e-01
1.714121900933472276e+00 3.260000000000000142e+01 -4.050518468257955917e-01 2.892794760560558065e-01
1.714121900933472276e+00 3.270000000000000284e+01 -4.385266637073115814e-01 2.350405690547755777e-01
1.714121900933472276e+00 3.280000000000000426e+01 -4.650366770268607453e-01 1.769505138106262365e-01
1.714121900933472276e+00 3.289999999999999858e+01 -4.835824239681246750e-01 1.170396916595719261e-01
1.714121900933472276e+00 3.300000000000000000e+01 -4.939084065440211835e-01 5.426523388323706981e-02
1.714121900933472276e+00 3.310000000000000142e+01 -4.963269984128133583e-01 -9.275409821381853243e-03
1.714121900933472276e+00 3.320000000000000284e+01 -4.912041807576363328e-01 -7.309725055799098925e-02
1.714121900933472276e+00 3.330000000000000426e+01 -4.780626960427105110e-01 -1.343829017109695323e-01
1.714121900933472276e+00 3.339999999999999858e+01 -4.567246931727433346e-01 -1.940576132369442319e-01
1.714121900933472276e+00 3.350000000000000000e+01 -4.277331880490037874e-01 -2.503849334482045053e-01
1.714121900933472276e+00 3.360000000000000142e+01 -3.921781224909325902e-01 -3.034933852055285985e-01
1.714121900933472276e+00 3.370000000000000284e+01 -3.508029757267646098e-01 -3.505989214406472487e-01
1.714121900933472276e+00 3.380000000000000426e+01 -3.034679963296837979e-01 -3.921960909278632279e-01
1.714121900933472276e+00 3.389999999999999858e+01 -2.508090138663621738e-01 -4.268936717046540874e-01
1.714121900933472276e+00 3.400000000000000000e+01 -1.937968767638789946e-01 -4.556904130685706100e-01
1.714121900933472276e+00 3.410000000000000142e+01 -1.345246339363248556e-01 -4.765320683936940527e-01
1.714121900933472276e+00 3.420000000000000284e+01 -7.299438320045346928e-02 -4.898185782995186921e-01
1.714121900933472276e+00 3.430000000000000426e+01 -1.047880492577253457e-02 -4.943137948982385121e-01
1.714121900933472276e+00 3.439999999999999858e+01 5.324890031776129129e-02 -4.912607193269128425e-01
1.714121900933472276e+00 3.450000000000000000e+01 1.153841654062252170e-01 -4.803806216081524805e-01
1.714121900933472276e+00 3.460000000000000142e+01 1.758236177820702018e-01 -4.619859940469871473e-01
1.714121900933472276e+00 3.470000000000000284e+01 2.324394078333953950e-01 -4.356890348479659503e-01
1.714121900933472276e+00 3.480000000000000426e+01 2.862961603914472297e-01 -4.016912647216793197e-01
1.714121900933472276e+00 3.489999999999999858e+01 3.351215416110771006e-01 -3.616686170591992822e-01
1.714121900933472276e+00 3.500000000000000000e+01 3.788762301409990818e-01 -3.157844591409968982e-01
1.714121900933472276e+00 3.510000000000000142e+01 4.157164176087391749e-01 -2.656275337510210499e-01
1.714121900933472276e+00 3.520000000000000284e+01 4.457482270627914356e-01 -2.101101940422462067e-01
1.714121900933472276e+00 3.530000000000000426e+01 4.686958732713523146e-01 -1.514849268650096670e-01
1.714121900933472276e+00 3.539999999999999858e+01 4.839782836549875733e-01 -8.991290000104293356e-02
1.714121900933472276e+00 3.550000000000000000e+01 4.919683032694923686e-01 -2.785703986870547919e-02
1.714121900933472276e+00 3.560000000000000142e+01 4.911270540033635390e-01 3.455340002989336357e-02
1.714121900933472276e+00 3.570000000000000284e+01 4.825972465507917808e-01 9.673076378856657054e-02
1.714121900933472276e+00 3.580000000000000426e+01 4.655991255274223861e-01 1.573637679653385468e-01
1.714121900933472276e+00 3.589999999999999858e+01 4.416876872349002614e-01 2.160205551901122067e-01
1.714121900933472276e+00 3.600000000000000000e+01 4.108376603575693564e-01 2.700473653652208927e-01
1.714121900933472276e+00 3.610000000000000142e+01 3.729657139149997191e-01 3.200898396336135932e-01
1.714121900933472276e+00 3.620000000000000284e+01 3.290856910076561115e-01 3.644371545293499937e-01
1.714121900933472276e+00 3.630000000000000426e+01 2.789237382853907432e-01 4.033772357111432560e-01
1.714121900933472276e+00 3.639999999999999858e+01 2.252056144799053361e-01 4.359365936006928122e-01
1.714121900933472276e+00 3.650000000000000000e+01 1.677688658268436106e-01 4.608758448084437909e-01
1.714121900933472276e+00 3.660000000000000142e+01 1.078725082238216199e-01 4.786335174141506665e-01
1.714121900933472276e+00 3.670000000000000284e+01 4.603731384291648993e-02 4.877395155910270730e-01
1.714121900933472276e+00 3.680000000000000426e+01 -1.734007451586509416e-02 4.893729238138268545e-01
1.714121900933472276e+00 3.689999999999999858e+01 -7.950530469857497451e-02 4.831691146953117633e-01
1.714121900933472276e+00 3.700000000000000000e+01 -1.406589147299421860e-01 4.690576913867781084e-01
1.714121900933472276e+00 3.710000000000000142e+01 -1.988911179210837710e-01 4.477179446474438551e-01
1.714121900933472276e+00 3.720000000000000284e+01 -2.539793878560100415e-01 4.180712876260972433e-01
1.714121900933472276e+00 3.730000000000000426e+01 -3.054616360514780249e-01 3.819837012471873350e-01
1.714121900933472276e+00 3.739999999999999858e+01 -3.514011878791085675e-01 3.398127012858170315e-01
1.714121900933472276e+00 3.750000000000000000e+01 -3.921299977380678370e-01 2.921080428875331148e-01
1.714121900933472276e+00 3.760000000000000142e+01 -4.258818789197704180e-01 2.403762346261515137e-01
1.714121900933472276e+00 3.770000000000000284e+01 -4.524567000680124740e-01 1.838401915937905029e-01
1.714121900933472276e+00 3.780000000000000426e+01 -4.721555706643264516e-01 1.244461321537673193e-01
1.714121900933472276e+00 3.789999999999999858e+01 -4.837056335696915954e-01 6.298984672527550843e-02
1.714121900933472276e+00 3.800000000000000000e+01 -4.878922619728829901e-01 3.587050970113052546e-04
1.714121900933472276e+00 3.810000000000000142e+01 -4.841276998214440463e-01 -6.124164082021923972e-02
1.714121900933472276e+00 3.820000000000000284e+01 -4.718441185032795082e-01 -1.224897080480318451e-01
1.714121900933472276e+00 3.830000000000000426e+01 -4.521811934404595945e-01 -1.818108199310408679e-01
1.714121900933472276e+00 3.840000000000000568e+01 -4.246571923382863045e-01 -2.378951564088881421e-01
1.714121900933472276e+00 3.850000000000000000e+01 -3.904884880996106200e-01 -2.906786387926020288e-01
1.714121900933472276e+00 3.860000000000000142e+01 -3.505648467935624235e-01 -3.380206109880218857e-01
1.714121900933472276e+00 3.870000000000000284e+01 -3.043402632795511042e-01 -3.796869688151201516e-01
1.714121900933472276e+00 3.880000000000000426e+01 -2.534033945029235402e-01 -4.154924375006570081e-01
1.714121900933472276e+00 3.890000000000000568e+01 -1.980469775247606923e-01 -4.439869427739864816e-01
1.714121900933472276e+00 3.900000000000000000e+01 -1.390373981771021172e-01 -4.656214719819604664e-01
1.714121900933472276e+00 3.910000000000000142e+01 -7.881007546964789723e-02 -4.797961141467594892e-01
1.714121900933472276e+00 3.920000000000000284e+01 -1.708761062901142588e-02 -4.856820755239514842e-01
1.714121900933472276e+00 3.930000000000000426e+01 4.497761294680267113e-02 -4.839503652055400784e-01
1.714121900933472276e+00 3.940000000000000568e+01 1.058614640796888412e-01 -4.740722301472155009e-01
1.714121900933472276e+00 3.950000000000000000e+01 1.658586945097267062e-01 -4.560205993889268616e-01
1.714121900933472276e+00 3.960000000000000142e+01 2.228358539098343749e-01 -4.311679460262297647e-01
1.714121900933472276e+00 3.970000000000000284e+01 2.755973467596313231e-01 -3.992744567181552573e-01
1.714121900933472276e+00 3.980000000000000426e+01 3.243573770909972120e-01 -3.606734906129905882e-01
1.714121900933472276e+00 3.990000000000000568e+01 3.673566684191805209e-01 -3.167057481334093483e-01
1.714121900933472276e+00 4.000000000000000000e+01 4.042827514837346037e-01 -2.668517609946378655e-01
1.714121900933472276e+00 4.010000000000000142e+01 4.351786191648741031e-01 -2.123489275518560815e-01
1.714121900933472276e+00 4.020000000000000284e+01 4.585469868910338476e-01 -1.552158058527337015e-01
1.714121900933472276e+00 4.030000000000000426e+01 4.743730285033556648e-01 -9.512116801955487755e-02
1.714121900933472276e+00 4.040000000000000568e+01 4.827608398227857811e-01 -3.376238209957562603e-02
1.714121900933472276e+00 4.050000000000000000e+01 4.828698377341053560e-01 2.762604780522437062e-02
1.714121900933472276e+00 4.060000000000000142e+01 4.748140147937381927e-01 8.961400008381717464e-02
1.714121900933472276e+00 4.070000000000000284e+01 4.593453788624609624e-01 1.498665748988451951e-01
1.714121900933472276e+00 4.080000000000000426e+01 4.362331993765362625e-01 2.072272122801717409e-01
1.714121900933472276e+00 4.090000000000000568e+01 4.058033129453979537e-01 2.616311810543031635e-01
1.714121900933472276e+00 4.100000000000000000e+01 3.695091858773782989e-01 3.111525652309653500e-01
1.714121900933472276e+00 4.110000000000000142e+01 3.267220664351366266e-01 3.553884523198353462e-01
1.714121900933472276e+00 4.120000000000000284e+01 2.780524059096014522e-01 3.942546951244724207e-01
1.714121900933472276e+00 4.130000000000000426e+01 2.254540654589934356e-01 4.266499798604878047e-01
1.714121900933472276e+00 4.140000000000000568e+01 1.687539653173531218e-01 4.516886296216043872e-01
1.714121900933472276e+00 4.150000000000000000e+01 1.094251833257746803e-01 4.696196788748792650e-01
1.714121900933472276e+00 4.160000000000000142e+01 4.908469314697397334e-02 4.799696761545646506e-01
1.714121900933472276e+00 4.170000000000000284e+01 -1.218276763741346809e-02 4.818081791678713310e-01
1.714121900933472276e+00 4.180000000000000426e+01 -7.382600513224163441e-02 4.761699782054553687e-01
1.714121900933472276e+00 4.190000000000000568e+01 -1.339975762505615786e-01 4.627693014842430563e-01
1.714121900933472276e+00 4.200000000000000000e+01 -1.918899057438115119e-01 4.414056199863759522e-01
1.714121900933472276e+00 4.210000000000000142e+01 -2.472330091554225118e-01 4.130046979636471383e-01
1.714121900933472276e+00 4.220000000000000284e+01 -2.975844646830549944e-01 3.784422967836402196e-01
1.714121900933472276e+00 4.230000000000000426e+01 -3.429125735786328066e-01 3.373705565611168078e-01
1.714121900933472276e+00 4.240000000000000568e+01 -3.831003592717798778e-01 2.903574628855783990e-01
1.714121900933472276e+00 4.250000000000000000e+01 -4.169395300995989984e-01 2.391963163121437197e-01
1.714121900933472276e+00 4.260000000000000142e+01 -4.436660069459303912e-01 1.834470694297925253e-01
1.714121900933472276e+00 4.270000000000000284e+01 -4.634955684701244083e-01 1.245287020460815880e-01
1.714121900933472276e+00 4.280000000000000426e+01 -4.758975301736814711e-01 6.423189128863214525e-02
1.714121900933472276e+00 4.290000000000000568e+01 -4.798141039311735745e-01 3.370161705379636635e-03
1.714121900933472276e+00 4.300000000000000000e+01 -4.760619588681725411e-01 -5.822453373374930630e-02
1.714121900933472276e+00 4.310000000000000142e+01 -4.646337016104881146e-01 -1.185446397459109791e-01
1.714121900933472276e+00 4.320000000000000284e+01 -4.453572000823846078e-01 -1.767714626844026915e-01
1.714121900933472276e+00 4.330000000000000426e+01 -4.182583448868040787e-01 -2.328692028320850926e-01
1.714121900933472276e+00 4.340000000000000568e+01 -3.851128580520211675e-01 -2.849724645090025987e-01
1.714121900933472276e+00 4.350000000000000000e+01 -3.456601990049047446e-01 -3.316842674725002382e-01
1.714121900933472276e+00 4.360000000000000142e+01 -3.003077737939546799e-01 -3.728711826773706828e-01
1.714121900933472276e+00 4.370000000000000284e+01 -2.500980037912194920e-01 -4.083711924416882910e-01
1.714121900933472276e+00 4.380000000000000426e+01 -1.963452731616260605e-01 -4.365698096216561463e-01
1.714121900933472276e+00 4.390000000000000568e+01 -1.384595667468526137e-01 -4.576476783173761276e-01
1.714121900933472276e+00 4.400000000000000000e+01 -7.806013565195589476e-02 -4.716357316840887326e-01
1.714121900933472276e+00 4.410000000000000142e+01 -1.701164787219176799e-02 -4.781522059865161434e-01
1.714121900933472276e+00 4.420000000000000284e+01 4.396089655250711575e-02 -4.761438722766646037e-01
1.714121900933472276e+00 4.430000000000000426e+01 1.046308630967304198e-01 -4.665753682425585747e-01
1.714121900933472276e+00 4.440000000000000568e+01 1.629903356920953672e-01 -4.495850116590480727e-01
1.714121900933472276e+00 4.450000000000000000e+01 2.182929814474595109e-01 -4.251058813258251079e-01
1.714121900933472276e+00 4.460000000000000142e+01 2.707452264004266418e-01 -3.928765077163696717e-01
1.714121900933472276e+00 4.470000000000000284e+01 3.193863872293642436e-01 -3.546876300916063651e-01
1.714121900933472276e+00 4.480000000000000426e+01 3.621772775088575869e-01 -3.108608634463727038e-01
1.714121900933472276e+00 4.490000000000000568e+01 3.987689853125444550e-01 -2.618401705903109500e-01
1.714121900933472276e+00 4.500000000000000000e+01 4.290644438077114153e-01 -2.083652168159322582e-01
1.714121900933472276e+00 4.510000000000000142e+01 4.522649717690202520e-01 -1.524948032233435780e-01
1.714121900933472276e+00 4.520000000000000284e+01 4.673176339850643179e-01 -9.387194574497409461e-02
1.714121900933472276e+00 4.530000000000000426e+01 4.748722109932260182e-01 -3.294375580485603416e-02
1.714121900933472276e+00 4.540000000000000568e+01 4.749865254639282774e-01 2.884412879829725829e-02
1.714121900933472276e+00 4.550000000000000000e+01 4.674564641353499139e-01 8.943665203439188360e-02
1.714121900933472276e+00 4.560000000000000142e+01 4.516180970679342654e-01 1.489077178415379454e-01
1.714121900933472276e+00 4.570000000000000284e+01 4.287720145695217977e-01 2.061255265721126384e-01
1.714121900933472276e+00 4.580000000000000426e+01 3.992128873436350256e-01 2.592292859570480279e-01
1.714121900933472276e+00 4.590000000000000568e+01 3.631676041746159100e-01 3.072923124707180875e-01
1.714121900933472276e+00 4.600000000000000000e+01 3.202202514867263372e-01 3.507861230147217291e-01
1.714121900933472276e+00 4.610000000000000142e+01 2.722204849055370190e-01 3.891970649955248107e-01
1.714121900933472276e+00 4.620000000000000284e+01 2.199181346699982109e-01 4.207745329383655308e-01
1.714121900933472276e+00 4.630000000000000426e+01 1.638711465248408883e-01 4.453090629823034940e-01
1.714121900933472276e+00 4.640000000000000568e+01 1.046240991881950272e-01 4.627689891690286439e-01
1.714121900933472276e+00 4.650000000000000000e+01 4.438896654925935520e-02 4.730681775804525535e-01
1.714121900933472276e+00 4.660000000000000142e+01 -1.559518035600705559e-02 4.748192616848714298e-01
1.714121900933472276e+00 4.670000000000000284e+01 -7.565804779695178839e-02 4.685061199514386487e-01
1.714121900933472276e+00 4.680000000000000426e+01 -1.350231023925269613e-01 4.545921388484475134e-01
1.714121900933472276e+00 4.690000000000000568e+01 -1.922152436640165163e-01 4.335286278389290926e-01
1.714121900933472276e+00 4.700000000000000000e+01 -2.456812747788666984e-01 4.050249947980225085e-01
1.714121900933472276e+00 4.710000000000000142e+01 -2.959468867636195766e-01 3.694199571644120605e-01
1.714121900933472276e+00 4.720000000000000284e+01 -3.416313071133596502e-01 3.282206208725265140e-01
1.714121900933472276e+00 4.730000000000000426e+01 -3.811129460730251495e-01 2.821774492304536808e-01
1.714121900933472276e+00 4.740000000000000568e+01 -4.134555754455362941e-01 2.318937609222041230e-01
1.714121900933472276e+00 4.750000000000000000e+01 -4.392435278686740441e-01 1.769726186611632612e-01
1.714121900933472276e+00 4.760000000000000142e+01 -4.581994286066907729e-01 1.193586488330145162e-01
1.714121900933472276e+00 4.770000000000000284e+01 -4.692313443362451375e-01 6.008740113640061165e-02
1.714121900933472276e+00 4.780000000000000426e+01 -4.724857156864444296e-01 -4.978676845967408776e-04
1.714121900933472276e+00 4.790000000000000568e+01 -4.678617453888487265e-01 -6.208977730946014378e-02
1.714121900933472276e+00 4.800000000000000000e+01 -4.562019001836544185e-01 -1.225097201889628618e-01
1.714121900933472276e+00 4.810000000000000142e+01 -4.372639142050896988e-01 -1.797528008746833716e-01
1.714121900933472276e+00 4.820000000000000284e+01 -4.106238669893418902e-01 -2.340627906710327222e-01
1.714121900933472276e+00 4.830000000000000426e+01 -3.770454270152176490e-01 -2.844390548896639226e-01
1.714121900933472276e+00 4.840000000000000568e+01 -3.376222713004395359e-01 -3.302262504884350691e-01
1.714121900933472276e+00 4.850000000000000000e+01 -2.929486748447156508e-01 -3.702480430927789223e-01
1.714121900933472276e+00 4.860000000000000142e+01 -2.423839770901646262e-01 -4.039167474216114884e-01
1.714121900933472276e+00 4.870000000000000284e+01 -1.875639817006782839e-01 -4.316030665794733379e-01
1.714121900933472276e+00 4.880000000000000426e+01 -1.297347777523752410e-01 -4.526645999455582436e-01
1.714121900933472276e+00 4.890000000000000568e+01 -7.032496720814258861e-02 -4.660233594844815364e-01
1.714121900933472276e+00 4.900000000000000000e+01 -1.032827780274251858e-02 -4.711223258163869110e-01
1.714121900933472276e+00 4.910000000000000142e+01 5.051447121516089434e-02 -4.685589760942251991e-01
1.714121900933472276e+00 4.920000000000000284e+01 1.099692809637739244e-01 -4.585070182518239945e-01
1.714121900933472276e+00 4.930000000000000426e+01 1.669230717569460121e-01 -4.408138900572464713e-01
1.714121900933472276e+00 4.940000000000000568e+01 2.214019296944771953e-01 -4.154926550568482368e-01
1.714121900933472276e+00 4.950000000000000000e+01 2.727736064176041753e-01 -3.824998178924595149e-01
1.714121900933472276e+00 4.960000000000000142e+01 3.202615800062765250e-01 -3.437489458371774109e-01
1.714121900933472276e+00 4.970000000000000284e+01 3.623077952090343334e-01 -2.997752965322774688e-01
1.714121900933472276e+00 4.980000000000000426e+01 3.977876312228135203e-01 -2.505789280793137563e-01
1.714121900933472276e+00 4.990000000000000568e+01 4.268053985703966213e-01 -1.975077044956768946e-01
1.714121900933472276e+00 5.000000000000000000e+01 4.489785194034009996e-01 -1.409956255371113965e-01
1.714121900933472276e+00 5.010000000000000142e+01 4.635248436991201704e-01 -8.319408493778104874e-02
1.714121900933472276e+00 5.020000000000000284e+01 4.700302977181279318e-01 -2.436412591953961843e-02
1.714121900933472276e+00 5.030000000000000426e+01 4.683092331762417904e-01 3.595827076448078474e-02
1.714121900933472276e+00 5.040000000000000568e+01 4.591843920194350059e-01 9.580727255882111326e-02
1.714121900933472276e+00 5.050000000000000000e+01 4.428940621104193731e-01 1.545239553620648687e-01
1.714121900933472276e+00 5.060000000000000142e+01 4.192472768997020927e-01 2.102857195925028899e-01
1.714121900933472276e+00 5.070000000000000284e+01 3.885344170033518396e-01 2.623543741520899530e-01
1.714121900933472276e+00 5.080000000000000426e+01 3.512103473786493679e-01 3.107992857496596484e-01
1.714121900933472276e+00 5.090000000000000568e+01 3.088651730098103676e-01 3.535069006256039148e-01
1.714121900933472276e+00 5.100000000000000000e+01 2.619408904487464107e-01 3.900429175962436545e-01
1.714121900933472276e+00 5.110000000000000142e+01 2.103833835698094012e-01 4.196387713275186448e-01
1.714121900933472276e+00 5.120000000000000284e+01 1.550244814365315527e-01 4.420808754201007718e-01
1.714121900933472276e+00 5.130000000000000426e+01 9.641871876394572660e-02 4.579970509017265434e-01
1.714121900933472276e+00 5.140000000000000568e+01 3.667359679480820117e-02 4.662325889933618961e-01
1.714121900933472276e+00 5.150000000000000000e+01 -2.370321929882211742e-02 4.667976463277475063e-01
1.714121900933472276e+00 5.160000000000000142e+01 -8.427838760517346317e-02 4.593429252214352165e-01
1.714121900933472276e+00 5.170000000000000284e+01 -1.432582851667303647e-01 4.444629434423227332e-01
1.714121900933472276e+00 5.180000000000000426e+01 -2.000344328754644352e-01 4.227534046411641211e-01
1.714121900933472276e+00 5.190000000000000568e+01 -2.523011424764839417e-01 3.943018974224217210e-01
1.714121900933472276e+00 5.200000000000000000e+01 -3.000973381900957082e-01 3.591809682159947670e-01
1.714121900933472276e+00 5.210000000000000142e+01 -3.431562905172139688e-01 3.174123683165266385e-01
1.714121900933472276e+00 5.220000000000000284e+01 -3.805059069149523965e-01 2.706640719863164790e-01
1.714121900933472276e+00 5.230000000000000426e+01 -4.120173671346545885e-01 2.191984705980221937e-01
1.714121900933472276e+00 5.240000000000000568e+01 -4.362061963305224888e-01 1.643322506554310836e-01
1.714121900933472276e+00 5.250000000000000000e+01 -4.533947834677202193e-01 1.062370643650708546e-01
1.714121900933472276e+00 5.260000000000000142e+01 -4.630836593821313629e-01 4.570220224676532772e-02
1.714121900933472276e+00 5.270000000000000284e+01 -4.657087927506434188e-01 -1.476399867900983487e-02
1.714121900933472276e+00 5.280000000000000426e+01 -4.605317628994343715e-01 -7.482767206962019635e-02
1.714121900933472276e+00 5.290000000000000568e+01 -4.476231553309485967e-01 -1.327097287662940273e-01
1.714121900933472276e+00 5.300000000000000000e+01 -4.270579414450016431e-01 -1.885950490815503366e-01
1.714121900933472276e+00 5.310000000000000142e+01 -3.990284932297088472e-01 -2.414553424443433294e-01
1.714121900933472276e+00 5.320000000000000284e+01 -3.651058783787528017e-01 -2.903218077222123883e-01
1.714121900933472276e+00 5.330000000000000426e+01 -3.246906039433674063e-01 -3.341087979391103024e-01
1.714121900933472276e+00 5.340000000000000568e+01 -2.788206667062781419e-01 -3.725216572979590524e-01
1.714121900933472276e+00 5.350000000000000000e+01 -2.276323237111507469e-01 -4.050521444519515901e-01
1.714121900933472276e+00 5.360000000000000142e+01 -1.727611623246452788e-01 -4.311291564499749041e-01
1.714121900933472276e+00 5.370000000000000284e+01 -1.152806771491180493e-01 -4.505257026403625686e-01
1.714121900933472276e+00 5.380000000000000426e+01 -5.685991569900476772e-02 -4.619862164883574152e-01
1.714121900933472276e+00 5.390000000000000568e+01 2.719214284860935801e-03 -4.658114164389032252e-01
1.714121900933472276e+00 5.400000000000000000e+01 6.215782913784404645e-02 -4.615551304831549406e-01
1.714121900933472276e+00 5.410000000000000142e+01 1.203719688470590576e-01 -4.500791468173391263e-01
1.714121900933472276e+00 5.420000000000000284e+01 1.765853472551437153e-01 -4.308798794859670100e-01
1.714121900933472276e+00 5.430000000000000426e+01 2.294198756972223308e-01 -4.049393320749009040e-01
1.714121900933472276e+00 5.440000000000000568e+01 2.787848180537788600e-01 -3.714268185629112651e-01
1.714121900933472276e+00 5.450000000000000000e+01 3.240557533674544022e-01 -3.315783106550272974e-01
1.714121900933472276e+00 5.460000000000000142e+01 3.643941915279882982e-01 -2.862135698835786002e-01
1.714121900933472276e+00 5.470000000000000284e+01 3.984440236577163064e-01 -2.366633839226819913e-01
1.714121900933472276e+00 5.480000000000000426e+01 4.261048201993333784e-01 -1.831614019924005521e-01
1.714121900933472276e+00 5.490000000000000568e+01 4.461724372080286272e-01 -1.271282234536595945e-01
1.714121900933472276e+00 5.500000000000000000e+01 4.589970979550033192e-01 -6.860087220896950166e-02
1.714121900933472276e+00 5.510000000000000142e+01 4.641672990080237260e-01 -9.156509282522051069e-03
1.714121900933472276e+00 5.520000000000000284e+01 4.619655779652616090e-01 4.976766826944625105e-02
1.714121900933472276e+00 5.530000000000000426e+01 4.514935199706980873e-01 1.076885339342713438e-01
1.714121900933472276e+00 5.540000000000000568e+01 4.335702182873973909e-01 1.642088022523755797e-01
1.714121900933472276e+00 5.550000000000000000e+01 4.079242135897135912e-01 2.181524184800723021e-01
1.714121900933472276e+00 5.560000000000000142e+01 3.756072903885239178e-01 2.690978507456714408e-01
1.714121900933472276e+00 5.570000000000000284e+01 3.370103043245167851e-01 3.157290023533520507e-01
1.714121900933472276e+00 5.580000000000000426e+01 2.935518717053434701e-01 3.567130256956551060e-01
1.714121900933472276e+00 5.590000000000000568e+01 2.446263724657349314e-01 3.916424471151013220e-01
1.714121900933472276e+00 5.600000000000000000e+01 1.918624380190814549e-01 4.203814435426648788e-01
1.714121900933472276e+00 5.610000000000000142e+01 1.359645909727547897e-01 4.419176365044970023e-01
1.714121900933472276e+00 5.620000000000000284e+01 7.837660839404798907e-02 4.561903372783828736e-01
1.714121900933472276e+00 5.630000000000000426e+01 1.966659741629444083e-02 4.627360734354739602e-01
1.714121900933472276e+00 5.640000000000000568e+01 -3.867091850932297820e-02 4.614182470732778873e-01
1.714121900933472276e+00 5.650000000000000000e+01 -9.726681746980843368e-02 4.517957895669852952e-01
1.714121900933472276e+00 5.660000000000000142e+01 -1.545874768836675017e-01 4.349719301910684455e-01
1.714121900933472276e+00 5.670000000000000284e+01 -2.093654011173801399e-01 4.108719270085020581e-01
1.714121900933472276e+00 5.680000000000000426e+01 -2.605504202981529516e-01 3.801145904747741389e-01
1.714121900933472276e+00 5.690000000000000568e+01 -3.076741683553523843e-01 3.427759634577364767e-01
1.714121900933472276e+00 5.700000000000000000e+01 -3.493231934778412984e-01 3.002309680849725160e-01
1.714121900933472276e+00 5.710000000000000142e+01 -3.853779590442556469e-01 2.520113966921422310e-01
1.714121900933472276e+00 5.720000000000000284e+01 -4.154234298826706140e-01 1.999867414996463755e-01
1.714121900933472276e+00 5.730000000000000426e+01 -4.382937726666367717e-01 1.453169567361689285e-01
1.714121900933472276e+00 5.740000000000000568e+01 -4.535420800391540830e-01 8.899604110390127443e-02
1.714121900933472276e+00 5.750000000000000000e+01 -4.610042029873549496e-01 3.055845000960901586e-02
1.714121900933472276e+00 5.760000000000000142e+01 -4.609557129904349182e-01 -2.809891918844885719e-02
1.714121900933472276e+00 5.770000000000000284e+01 -4.528647819641752892e-01 -8.671618935204462864e-02
1.714121900933472276e+00 5.780000000000000426e+01 -4.375672640167987959e-01 -1.443196443474449031e-01
1.714121900933472276e+00 5.790000000000000568e+01 -4.150363501724939064e-01 -1.993394566477067198e-01
1.714121900933472276e+00 5.800000000000000000e+01 -3.858159636327352371e-01 -2.505442749940569036e-01
1.714121900933472276e+00 5.810000000000000142e+01 -3.493739090938258185e-01 -2.981000891960598476e-01
1.714121900933472276e+00 5.820000000000000284e+01 -3.073788835001317055e-01 -3.412353028455069048e-01
1.714121900933472276e+00 5.830000000000000426e+01 -2.606139628894041382e-01 -3.783568649101985981e-01
1.714121900933472276e+00 5.840000000000000568e+01 -2.097645915513627335e-01 -4.093344073942748462e-01
1.714121900933472276e+00 5.850000000000000000e+01 -1.557937818437674371e-01 -4.333046936864927701e-01
1.714121900933472276e+00 5.860000000000000142e+01 -9.991893395570744518e-02 -4.499223454977953618e-01
1.714121900933472276e+00 5.870000000000000284e+01 -4.219614575727717587e-02 -4.585621761644086969e-01
1.714121900933472276e+00 5.880000000000000426e+01 1.716315849254705303e-02 -4.598342952387588500e-01
1.714121900933472276e+00 5.890000000000000568e+01 7.573359246359526176e-02 -4.537779846567348563e-01
1.714121900933472276e+00 5.900000000000000000e+01 1.330167995238842604e-01 -4.400114426503221599e-01
1.714121900933472276e+00 5.910000000000000142e+01 1.880167293010603924e-01 -4.187276625745457448e-01
1.714121900933472276e+00 5.920000000000000284e+01 2.402725950110010111e-01 -3.903558306533359001e-01
1.714121900933472276e+00 5.930000000000000426e+01 2.883128933365580737e-01 -3.556300691044988471e-01
1.714121900933472276e+00 5.940000000000000568e+01 3.319919990575991298e-01 -3.142252652168184834e-01
1.714121900933472276e+00 5.950000000000000000e+01 3.706423329518045429e-01 -2.681964794797564999e-01
1.714121900933472276e+00 5.960000000000000142e+01 4.027748185811181325e-01 -2.182630106865144914e-01
1.714121900933472276e+00 5.970000000000000284e+01 4.276780847536884034e-01 -1.652217760810568703e-01
1.714121900933472276e+00 5.980000000000000426e+01 4.452908193242148260e-01 -1.090986635001086058e-01
1.714121900933472276e+00 5.990000000000000568e+01 4.558183649508443236e-01 -5.102017169480788789e-02
