0.000000000000000000e+00 1.010763216601363867e-02 0.000000000000000000e+00 7.143153515126160653e-03
1.088306826211185990e-01 1.507739413138242147e-02 1.093927580768145613e-01 1.255646454862255866e-02
2.176613652422371981e-01 2.734378991605401071e-02 2.187855161536291226e-01 2.549505499428957045e-02
3.264920478633557832e-01 3.715298874521805184e-02 3.281782742304436562e-01 3.827117268673038003e-02
4.353227304844743961e-01 4.463239580582038096e-02 4.375710323072582453e-01 4.575290687996606820e-02
5.441534131055929535e-01 5.125963115446580814e-02 5.469637903840728343e-01 4.998747747487861104e-02
6.529840957267115664e-01 5.115453467444448094e-02 6.563565484608873124e-01 5.245560308048238113e-02
7.618147783478301793e-01 4.952132461764890969e-02 7.657493065377019015e-01 5.317034908698337059e-02
8.706454609689487922e-01 5.057613939384350554e-02 8.751420646145164906e-01 5.213123396709639507e-02
9.794761435900674051e-01 4.966284755962824260e-02 9.845348226913310796e-01 4.897333426954577490e-02
1.088306826211185907e+00 4.923260807226427505e-02 1.093927580768145669e+00 4.669052676855006689e-02
1.197137508832304631e+00 4.515796345566022024e-02 1.203320338844960258e+00 4.496840380127739567e-02
1.305968191453423133e+00 4.064849369356022396e-02 1.312713096921774625e+00 4.221318206116995292e-02
1.414798874074541857e+00 4.102685536901307800e-02 1.422105854998589214e+00 3.991305489076964891e-02
1.523629556695660359e+00 3.742614984635704578e-02 1.531498613075403803e+00 3.803081335670201873e-02
1.632460239316779083e+00 3.434796230903202491e-02 1.640891371152218392e+00 3.566109641328977370e-02
1.741290921937897584e+00 3.408439793185213257e-02 1.750284129229032981e+00 3.350937586822834435e-02
1.850121604559016086e+00 3.215414725007265800e-02 1.859676887305847570e+00 3.138018201572705806e-02
1.958952287180134810e+00 3.044752784867123252e-02 1.969069645382662159e+00 2.935596901201939848e-02
2.067782969801253312e+00 2.822911024071643807e-02 2.078462403459476526e+00 2.771313374795796036e-02
2.176613652422371814e+00 2.574321784653884129e-02 2.187855161536291337e+00 2.614738388018897700e-02
2.285444335043490760e+00 2.481795922349465042e-02 2.297247919613105704e+00 2.473624346261651258e-02
2.394275017664609262e+00 2.307293240904747383e-02 2.406640677689920516e+00 2.292378638755351167e-02
2.503105700285727764e+00 2.175232563361636715e-02 2.516033435766734883e+00 2.154004500378134401e-02
2.611936382906846266e+00 2.066357382565355699e-02 2.625426193843549250e+00 2.066518921386705648e-02
2.720767065527964768e+00 1.966280072167439844e-02 2.734818951920364061e+00 1.960505508968146335e-02
2.829597748149083714e+00 1.833083249037716078e-02 2.844211709997178428e+00 1.837914074641094561e-02
2.938428430770202215e+00 1.718342752416803995e-02 2.953604468073993239e+00 1.736376050433738327e-02
3.047259113391320717e+00 1.660752020351738065e-02 3.062997226150807606e+00 1.641857974419065613e-02
3.156089796012439219e+00 1.582949641141682962e-02 3.172389984227622417e+00 1.550782766376398829e-02
3.264920478633558165e+00 1.495120053698628659e-02 3.281782742304436784e+00 1.477982721776155937e-02
3.373751161254676667e+00 1.412182711217431323e-02 3.391175500381251595e+00 1.401130614322056850e-02
3.482581843875795169e+00 1.364720335285278530e-02 3.500568258458065962e+00 1.341307488183049283e-02
3.591412526496913671e+00 1.285283799219357447e-02 3.609961016534880329e+00 1.275240206118386822e-02
3.700243209118032173e+00 1.216795644741506914e-02 3.719353774611695140e+00 1.207004303720349454e-02
3.809073891739151119e+00 1.153917322032290901e-02 3.828746532688509507e+00 1.149297072653597367e-02
3.917904574360269621e+00 1.117148699267419068e-02 3.938139290765324318e+00 1.105051151926273248e-02
4.026735256981388567e+00 1.068923047384729395e-02 4.047532048842138686e+00 1.059706070700335359e-02
4.135565939602506624e+00 1.011215426222203048e-02 4.156924806918953053e+00 1.007702871880037168e-02
4.244396622223625570e+00 9.735081842143167297e-03 4.266317564995768308e+00 9.625562300383588496e-03
4.353227304844743628e+00 9.296936290023701671e-03 4.375710323072582675e+00 9.228866916022688757e-03
4.462057987465862574e+00 8.914582471078673354e-03 4.485103081149397042e+00 8.877363549893602102e-03
4.570888670086981520e+00 8.576858453320658493e-03 4.594495839226211409e+00 8.497316982547414507e-03
4.679719352708099578e+00 8.300370430983066566e-03 4.703888597303025776e+00 8.121699749761434814e-03
4.788550035329218524e+00 7.971330343311541083e-03 4.813281355379841031e+00 7.826518284056350680e-03
4.897380717950336582e+00 7.514754500919056460e-03 4.922674113456655398e+00 7.553425660842171679e-03
5.006211400571455528e+00 7.232086026807738738e-03 5.032066871533469765e+00 7.244693286937451196e-03
5.115042083192574474e+00 7.008864608666973660e-03 5.141459629610284132e+00 6.957596134313787442e-03
5.223872765813692531e+00 6.773399098251755082e-03 5.250852387687098499e+00 6.730064133237847850e-03
5.332703448434811477e+00 6.632908432384965365e-03 5.360245145763913754e+00 6.494422499568092318e-03
5.441534131055929535e+00 6.280358792753635948e-03 5.469637903840728121e+00 6.239997704636196345e-03
5.550364813677048481e+00 6.089860402300207795e-03 5.579030661917542488e+00 6.019814325272624875e-03
5.659195496298167427e+00 5.973620938949425821e-03 5.688423419994356856e+00 5.813124585777445022e-03
5.768026178919285485e+00 5.638609452802968020e-03 5.797816178071172111e+00 5.635041272443007745e-03
5.876856861540404431e+00 5.398169952989033578e-03 5.907208936147986478e+00 5.428712182425015666e-03
5.985687544161523377e+00 5.278517990755399528e-03 6.016601694224800845e+00 5.235416493169281135e-03
6.094518226782641435e+00 5.167508706848686698e-03 6.125994452301615212e+00 5.088538720812103670e-03
6.203348909403760381e+00 5.009096638072084093e-03 6.235387210378429579e+00 4.928665861540692562e-03
6.312179592024878438e+00 4.790831861641540838e-03 6.344779968455244834e+00 4.760466310378960036e-03
6.421010274645997384e+00 4.648530848340129591e-03 6.454172726532059201e+00 4.622755900838483763e-03
6.529840957267116330e+00 4.526364794159303158e-03 6.563565484608873568e+00 4.470155327994991372e-03
6.638671639888234388e+00 4.395839134013040592e-03 6.672958242685687935e+00 4.334416777360372910e-03
6.747502322509353334e+00 4.233870144489104530e-03 6.782351000762503190e+00 4.220582802727883796e-03
6.856333005130471392e+00 4.109157376118890807e-03 6.891743758839317557e+00 4.086973174498963711e-03
6.965163687751590338e+00 4.006618039166839028e-03 7.001136516916131924e+00 3.967794596086223098e-03
7.073994370372709284e+00 3.956780853553026889e-03 7.110529274992946291e+00 3.853914713047209336e-03
7.182825052993827342e+00 3.787311195856994921e-03 7.219922033069760658e+00 3.746500138507497836e-03
7.291655735614946288e+00 3.642363581067933811e-03 7.329314791146575914e+00 3.643896389224470997e-03
7.400486418236064345e+00 3.593178842115378989e-03 7.438707549223390281e+00 3.553412685766354877e-03
7.509317100857183291e+00 3.472017551249055936e-03 7.548100307300204648e+00 3.453173706947418927e-03
7.618147783478302237e+00 3.395382527196038301e-03 7.657493065377019015e+00 3.349256201395306356e-03
7.726978466099420295e+00 3.306996573289302296e-03 7.766885823453834270e+00 3.266841742947839897e-03
7.835809148720539241e+00 3.151538796403378310e-03 7.876278581530648637e+00 3.181803358974165472e-03
7.944639831341657299e+00 3.153007607148518299e-03 7.985671339607463004e+00 3.100875172088717307e-03
8.053470513962777133e+00 3.098832446284332555e-03 8.095064097684277371e+00 3.027849648863200575e-03
8.162301196583895191e+00 2.956376107493368516e-03 8.204456855761092626e+00 2.944192408280291075e-03
8.271131879205013249e+00 2.895093497495885258e-03 8.313849613837906105e+00 2.867054108904527714e-03
8.379962561826131306e+00 2.804022321648229517e-03 8.423242371914721360e+00 2.803370706696975152e-03
8.488793244447251141e+00 2.772409695298328012e-03 8.532635129991536616e+00 2.739016670232402497e-03
8.597623927068369198e+00 2.720387550335939039e-03 8.642027888068350094e+00 2.671898526448873452e-03
8.706454609689487256e+00 2.640281287398746693e-03 8.751420646145165350e+00 2.609530560737915832e-03
8.815285292310607090e+00 2.556909515836049661e-03 8.860813404221978828e+00 2.546314817250480006e-03
8.924115974931725148e+00 2.509965775106435051e-03 8.970206162298794084e+00 2.482988196709569849e-03
9.032946657552843206e+00 2.468991526926867398e-03 9.079598920375609339e+00 2.427013865414161774e-03
9.141777340173963040e+00 2.395001685442278358e-03 9.188991678452422818e+00 2.375078184463659710e-03
9.250608022795081098e+00 2.362438946478823392e-03 9.298384436529238073e+00 2.321398937176383064e-03
9.359438705416199156e+00 2.304638268750752467e-03 9.407777194606051552e+00 2.269824012374122273e-03
9.468269388037318990e+00 2.233454449836076976e-03 9.517169952682866807e+00 2.218218498730257279e-03
9.577100070658437048e+00 2.182914383841908119e-03 9.626562710759682062e+00 2.171359393059332354e-03
9.685930753279555105e+00 2.129575996541644648e-03 9.735955468836495541e+00 2.127571531727074673e-03
9.794761435900673163e+00 2.102330720761777429e-03 9.845348226913310796e+00 2.083098139853254219e-03
9.903592118521792997e+00 2.061133753993215668e-03 9.954740984990124275e+00 2.037376979203547704e-03
1.001242280114291106e+01 2.005988272621569632e-03 1.006413374306693953e+01 1.992838621971295462e-03
1.012125348376402911e+01 1.969659515544455990e-03 1.017352650114375479e+01 1.953448627940750169e-03
1.023008416638514895e+01 1.948225241502612873e-03 1.028291925922056826e+01 1.913563215258557359e-03
1.033891484900626700e+01 1.896997551007333603e-03 1.039231201729738352e+01 1.877753082119372734e-03
1.044774553162738506e+01 1.859996148802022832e-03 1.050170477537419700e+01 1.839548331004714618e-03
1.055657621424850490e+01 1.814836462236301112e-03 1.061109753345101225e+01 1.801860205761956915e-03
1.066540689686962295e+01 1.775455656605750675e-03 1.072049029152782751e+01 1.767618341507103293e-03
1.077423757949074101e+01 1.751201443912711901e-03 1.082988304960464099e+01 1.733608364861886995e-03
1.088306826211185907e+01 1.712349309014951811e-03 1.093927580768145624e+01 1.704023975187710788e-03
1.099189894473297890e+01 1.695359507983364589e-03 1.104866856575827150e+01 1.670530990377872092e-03
1.110072962735409696e+01 1.659891441431263865e-03 1.115806132383508498e+01 1.637875696831774582e-03
1.120956030997521502e+01 1.622041892027300397e-03 1.126745408191190023e+01 1.606602737377107451e-03
1.131839099259633485e+01 1.597722395185637240e-03 1.137684683998871371e+01 1.577439582892091940e-03
1.142722167521745291e+01 1.564917834697169543e-03 1.148623959806552897e+01 1.551022710361663363e-03
1.153605235783857097e+01 1.543837408531459040e-03 1.159563235614234422e+01 1.521688242745984762e-03
1.164488304045969080e+01 1.519893560546560366e-03 1.170502511421915770e+01 1.494258384860454314e-03
1.175371372308080886e+01 1.473340183656595206e-03 1.181441787229597296e+01 1.471143467322150872e-03
1.186254440570192692e+01 1.454388261874445341e-03 1.192381063037278643e+01 1.447790937636051715e-03
1.197137508832304675e+01 1.438548825668233434e-03 1.203320338844960169e+01 1.420431665356751676e-03
1.208020577094416481e+01 1.397086952701095822e-03 1.214259614652641694e+01 1.396329324867887339e-03
1.218903645356528287e+01 1.387582760370652778e-03 1.225198890460323042e+01 1.374051061665303554e-03
1.229786713618640093e+01 1.373585739808131723e-03 1.236138166268004568e+01 1.349719536397579658e-03
1.240669781880752076e+01 1.345131639149462367e-03 1.247077442075685916e+01 1.317407067124653532e-03
1.251552850142863882e+01 1.314228475660430499e-03 1.258016717883367441e+01 1.278721793167791670e-03
1.262435918404975688e+01 1.262590708074395407e-03 1.268955993691048967e+01 1.234800119945491347e-03
1.273318986667087671e+01 1.217481920343830301e-03 1.279895269498730315e+01 1.185977591716559599e-03
1.284202054929199477e+01 1.165351666962703833e-03 1.290834545306411840e+01 1.134157067425762893e-03
1.295085123191311283e+01 1.118290879381627278e-03 1.301773821114093366e+01 1.083889816017517002e-03
1.305968191453423266e+01 1.066456856422925764e-03 1.312713096921774714e+01 1.039899395858676296e-03
1.316851259715535072e+01 1.017942952798978800e-03 1.323652372729456239e+01 9.952814364155477839e-04
1.327734327977646878e+01 9.773898401378476944e-04 1.334591648537137587e+01 9.517866289845587028e-04
1.338617396239758683e+01 9.338898303026302826e-04 1.345530924344819113e+01 9.108536668717690573e-04
1.349500464501870667e+01 8.942043991518046049e-04 1.356470200152500638e+01 8.716846115664258219e-04
1.360383532763982473e+01 8.546378113351502104e-04 1.367409475960181986e+01 8.328369398223976327e-04
1.371266601026094278e+01 8.237378576307875181e-04 1.378348751767863511e+01 7.959997666540417167e-04
1.382149669288206262e+01 7.880656019127365696e-04 1.389288027575544859e+01 7.618243795756526231e-04
1.393032737550318068e+01 7.454611847164570792e-04 1.400227303383226385e+01 7.281092771311386798e-04
1.403915805812429873e+01 7.128556578666167369e-04 1.411166579190907910e+01 6.949854081388068911e-04
1.414798874074541857e+01 6.864944998866476505e-04 1.422105854998589258e+01 6.633491948481339733e-04
1.425681942336653663e+01 6.561996460971339070e-04 1.433045130806270784e+01 6.342479666665480241e-04
1.436565010598765468e+01 6.262921498838066193e-04 1.443984406613952132e+01 6.052620736460198039e-04
1.447448078860877452e+01 5.958470453723367904e-04 1.454923682421633657e+01 5.766424479447929520e-04
1.458331147122989258e+01 5.650010097903113366e-04 1.465862958229315183e+01 5.491351751156632556e-04
1.469214215385101063e+01 5.407823881585132123e-04 1.476802234036996531e+01 5.233753481900315719e-04
1.480097283647212869e+01 5.160096908059015218e-04 1.487741509844678056e+01 4.994409079477777008e-04
1.490980351909324852e+01 4.928811999605711312e-04 1.498680785652359404e+01 4.755056100121165933e-04
1.501863420171436658e+01 4.669305267521215797e-04 1.509620061460040930e+01 4.518623426173434907e-04
1.512746488433548464e+01 4.438476952642904567e-04 1.520559337267722455e+01 4.290604488552644141e-04
1.523629556695660447e+01 4.259213369782723297e-04 1.531498613075403803e+01 4.077203996559727915e-04
1.534512624957772253e+01 4.027047081786694458e-04 1.542437888883085328e+01 3.868787224058653842e-04
1.545395693219884059e+01 3.789724392713365799e-04 1.553377164690766854e+01 3.667418938690660771e-04
1.556278761481996042e+01 3.606067361768785411e-04 1.564316440498448202e+01 3.471561432032717180e-04
1.567161829744107848e+01 3.419365041832298749e-04 1.575255716306129727e+01 3.286429585022816431e-04
1.578044898006219654e+01 3.251189678696049913e-04 1.586194992113811075e+01 3.103413275613128744e-04
1.588927966268331460e+01 3.083725351130524556e-04 1.597134267921492601e+01 2.930940361935230418e-04
1.599811034530443443e+01 2.874749148657350004e-04 1.608073543729173949e+01 2.769003443704221609e-04
1.610694102792555427e+01 2.718681157662180973e-04 1.619012819536855474e+01 2.605597424106738413e-04
1.621577171054667232e+01 2.572584488702282682e-04 1.629952095344537000e+01 2.447741689452212141e-04
1.632460239316779038e+01 2.404800631973376911e-04 1.640891371152218525e+01 2.294290593020860706e-04
1.643343307578890844e+01 2.274183145563168766e-04 1.651830646959900051e+01 2.148492232424556111e-04
1.654226375841002650e+01 2.121029540584746208e-04 1.662769922767581221e+01 2.008539835354846597e-04
1.665109444103114456e+01 1.975562995809710776e-04 1.673709198575262747e+01 1.873250962084006886e-04
1.675992512365226261e+01 1.831304403483013780e-04 1.684648474382944272e+01 1.739355335155083095e-04
1.686875580627338422e+01 1.689947905831344958e-04 1.695587750190625798e+01 1.614219734112209027e-04
1.697758648889450228e+01 1.593532623521658881e-04 1.706527025998307323e+01 1.492287208125499221e-04
1.708641717151562034e+01 1.470453237806013688e-04 1.717466301805988493e+01 1.370186432033329701e-04
1.719524785413673840e+01 1.345040114656202539e-04 1.728405577613670019e+01 1.256656432730049152e-04
1.730407853675785645e+01 1.232258510253383076e-04 1.739344853421351544e+01 1.144921986801602696e-04
1.741290921937897451e+01 1.129973989867336960e-04 1.750284129229033070e+01 1.036845439623665702e-04
1.752173990200009612e+01 1.027267978961883484e-04 1.761223405036714595e+01 9.338778634378706032e-05
1.763057058462121418e+01 9.135599203679560141e-05 1.772162680844395766e+01 8.370008570708112295e-05
1.773940126724233224e+01 8.137392214653469118e-05 1.783101956652077291e+01 7.510981360099567260e-05
1.784823194986345030e+01 7.346924161348659379e-05 1.794041232459758817e+01 6.770414152449923334e-05
1.795706263248456835e+01 6.632018068985899182e-05 1.804980508267440342e+01 6.098951482807953581e-05
1.806589331510568641e+01 5.940933550026954044e-05 1.815919784075121868e+01 5.490218724442384767e-05
1.817472399772680447e+01 5.337748659516270306e-05 1.826859059882803038e+01 4.961702113867439123e-05
1.828355468034792608e+01 4.868026916148426045e-05 1.837798335690484564e+01 4.476695976347100028e-05
1.839238536296904414e+01 4.414315110650817293e-05 1.848737611498166089e+01 4.028761154924251630e-05
1.850121604559016220e+01 3.948379036276379676e-05 1.859676887305847615e+01 3.631814013502809358e-05
1.861004672821128025e+01 3.567226413903409080e-05 1.870616163113529140e+01 3.272261549088460730e-05
1.871887741083239831e+01 3.200396508419336544e-05 1.881555438921210310e+01 2.930602291067033316e-05
1.882770809345351637e+01 2.904878018942038293e-05 1.892494714728891836e+01 2.616911260416014033e-05
1.893653877607463798e+01 2.602504033402793245e-05 1.903433990536573361e+01 2.344577700090045579e-05
1.904536945869575604e+01 2.292672175503671173e-05 1.914373266344254887e+01 2.092200043124401679e-05
1.915420014131687410e+01 2.053072872992994406e-05 1.925312542151936412e+01 1.852248414390648352e-05
1.926303082393799215e+01 1.798690975103025349e-05 1.936251817959617583e+01 1.640054382101806930e-05
1.937186150655911021e+01 1.613134119758560160e-05 1.947191093767299108e+01 1.448401542065159637e-05
1.948069218918022827e+01 1.438684528607649322e-05 1.958130369574980634e+01 1.275210303870077033e-05
1.958952287180134633e+01 1.261396775591932878e-05 1.969069645382662159e+01 1.116275597970024782e-05
1.969835355442246794e+01 1.076521719508001548e-05 1.980008921190343685e+01 9.671570223325839125e-06
1.980718423704358599e+01 9.456094123052138207e-06 1.990948196998024855e+01 8.363674048034396263e-06
1.991601491966470405e+01 8.304507865928430178e-06 2.001887472805706381e+01 7.191452487420055292e-06
2.002484560228582211e+01 7.155387784747272662e-06 2.012826748613387906e+01 6.151793073070029172e-06
2.013367628490694017e+01 6.082945233602399559e-06 2.023766024421069432e+01 5.180128325725679288e-06
2.024250696752805823e+01 5.042660459825297072e-06 2.034705300228750957e+01 4.292888179395347136e-06
2.035133765014917628e+01 4.246024940976312972e-06 2.045644576036432127e+01 3.575931689358411409e-06
2.046016833277029789e+01 3.508276519554811230e-06 2.056583851844113653e+01 2.903153309570954349e-06
2.056899901539141595e+01 2.829435470036164590e-06 2.067523127651795178e+01 2.324201125180458541e-06
2.067782969801253401e+01 2.232370060818423381e-06 2.078462403459476704e+01 1.811868671995346015e-06
2.078666038063365207e+01 1.818682072277619313e-06 2.089401679267158229e+01 1.399441832667912390e-06
2.089549106325477013e+01 1.359907041061265806e-06 2.100340955074839400e+01 1.033168076894307486e-06
2.100432174587588818e+01 1.009491755362747665e-06 2.111280230882520925e+01 7.476051784250085093e-07
2.111315242849700979e+01 7.086750180717408290e-07 2.122219506690202451e+01 5.182497998153103828e-07
2.122198311111812785e+01 4.828697834680414378e-07 2.133158782497883976e+01 3.074605331199586616e-07
2.133081379373924591e+01 2.967991531218282811e-07 2.144098058305565502e+01 1.765617187524164810e-07
2.143964447636036397e+01 1.594814633326116363e-07 2.155037334113247027e+01 8.470004868326060871e-08
2.154847515898148202e+01 1.254662030905192498e-07 2.165976609920928198e+01 6.141097614577147054e-08
