0.000000000000000000e+00 3.044502411670059819e-02 0.000000000000000000e+00 1.315673218943540744e-02
1.088306826211185990e-01 4.556423076534244637e-02 1.106517151550982375e-01 2.521803090304652537e-02
2.176613652422371981e-01 8.320161469013323541e-02 2.213034303101964750e-01 5.381791240156977296e-02
3.264920478633557832e-01 1.141429449952746089e-01 3.319551454652946987e-01 9.465917701482072510e-02
4.353227304844743961e-01 1.392546975690813205e-01 4.426068606203929501e-01 1.337451356427360738e-01
5.441534131055929535e-01 1.629976016047045562e-01 5.532585757754912015e-01 1.616959341051456833e-01
6.529840957267115664e-01 1.663910242599382638e-01 6.639102909305893974e-01 1.787954748042770436e-01
7.618147783478301793e-01 1.652881660488103865e-01 7.745620060856877043e-01 1.811399167107386465e-01
8.706454609689487922e-01 1.733748548820067681e-01 8.852137212407859002e-01 1.857830939346862831e-01
9.794761435900674051e-01 1.749643385763943459e-01 9.958654363958840960e-01 1.865046631859806625e-01
1.088306826211185907e+00 1.788432120472147890e-01 1.106517151550982403e+00 1.772871301892200435e-01
1.197137508832304631e+00 1.686391075649026627e-01 1.217168866706080710e+00 1.731350151894175682e-01
1.305968191453423133e+00 1.565283454015488629e-01 1.327820581861178795e+00 1.724726811242732194e-01
1.414798874074541857e+00 1.624622473685611301e-01 1.438472297016277102e+00 1.642253699738429884e-01
1.523629556695660359e+00 1.523469708260601074e-01 1.549124012171375409e+00 1.550037740673597397e-01
1.632460239316779083e+00 1.438313519237632565e-01 1.659775727326473493e+00 1.499024904550900206e-01
1.741290921937897584e+00 1.465930968853506877e-01 1.770427442481571800e+00 1.447958740211638118e-01
1.850121604559016086e+00 1.419361808408958203e-01 1.881079157636670107e+00 1.417491692418732796e-01
1.958952287180134810e+00 1.380425652098704603e-01 1.991730872791768192e+00 1.354289471471016859e-01
2.067782969801253312e+00 1.311102089597025455e-01 2.102382587946866721e+00 1.294258520629371356e-01
2.176613652422371814e+00 1.225293417014849950e-01 2.213034303101964806e+00 1.266462435736983305e-01
2.285444335043490760e+00 1.207973523811587124e-01 2.323686018257062891e+00 1.212731800044918318e-01
2.394275017664609262e+00 1.147802266233090424e-01 2.434337733412161420e+00 1.137285651149354121e-01
2.503105700285727764e+00 1.105282400274447963e-01 2.544989448567259505e+00 1.093257100839895718e-01
2.611936382906846266e+00 1.070834838294184438e-01 2.655641163722357589e+00 1.058012250639323998e-01
2.720767065527964768e+00 1.039212987212176920e-01 2.766292878877456118e+00 1.020487481952474101e-01
2.829597748149083714e+00 9.863751229504975904e-02 2.876944594032554203e+00 9.876953634666719994e-02
2.938428430770202215e+00 9.414148530906905898e-02 2.987596309187652288e+00 9.468097628301987145e-02
3.047259113391320717e+00 9.249225668584597215e-02 3.098248024342750817e+00 9.079478032471786919e-02
3.156089796012439219e+00 8.962253703070899302e-02 3.208899739497848902e+00 8.749745261844434074e-02
3.264920478633558165e+00 8.595036490127515305e-02 3.319551454652946987e+00 8.438394690673774179e-02
3.373751161254676667e+00 8.240671233005275598e-02 3.430203169808045516e+00 8.118197225627298008e-02
3.482581843875795169e+00 8.076745145546244953e-02 3.540854884963143601e+00 7.847160807846205455e-02
3.591412526496913671e+00 7.709933139325998719e-02 3.651506600118241685e+00 7.510569627618243760e-02
3.700243209118032173e+00 7.394529195647499276e-02 3.762158315273340214e+00 7.199085559965127945e-02
3.809073891739151119e+00 7.097949652096971485e-02 3.872810030428438299e+00 7.022551405987344231e-02
3.917904574360269621e+00 6.954698587659978448e-02 3.983461745583536384e+00 6.835661801866818599e-02
4.026735256981388567e+00 6.728463683184081334e-02 4.094113460738634913e+00 6.598845048031211358e-02
4.135565939602506624e+00 6.435978589739381472e-02 4.204765175893733442e+00 6.325358253651414131e-02
4.244396622223625570e+00 6.259229442456780423e-02 4.315416891048831083e+00 6.086446067565459001e-02
4.353227304844743628e+00 6.037555033517839204e-02 4.426068606203929612e+00 5.901576217870654895e-02
4.462057987465862574e+00 5.843774348942802621e-02 4.536720321359028141e+00 5.717166253132401760e-02
4.570888670086981520e+00 5.674308486530627027e-02 4.647372036514125782e+00 5.509458335428196046e-02
4.679719352708099578e+00 5.539401558307405909e-02 4.758023751669224310e+00 5.347791744637798994e-02
4.788550035329218524e+00 5.365068102474180450e-02 4.868675466824322839e+00 5.213070249380400562e-02
4.897380717950336582e+00 5.097989590413543048e-02 4.979327181979420480e+00 5.027525084884142820e-02
5.006211400571455528e+00 4.944695672964056349e-02 5.089978897134519009e+00 4.855736593685182345e-02
5.115042083192574474e+00 4.826559055537948256e-02 5.200630612289617538e+00 4.720966344836802914e-02
5.223872765813692531e+00 4.698291066390288678e-02 5.311282327444715179e+00 4.601645775219172230e-02
5.332703448434811477e+00 4.632070192803073444e-02 5.421934042599813708e+00 4.439884057105873694e-02
5.441534131055929535e+00 4.414961469480915834e-02 5.532585757754912237e+00 4.276935495825812811e-02
5.550364813677048481e+00 4.308447882680608437e-02 5.643237472910009878e+00 4.181602582187222278e-02
5.659195496298167427e+00 4.252046768746391148e-02 5.753889188065108407e+00 4.078896898331463988e-02
5.768026178919285485e+00 4.036996848673293781e-02 5.864540903220206935e+00 3.956003559142003828e-02
5.876856861540404431e+00 3.886874863847210315e-02 5.975192618375304576e+00 3.847589654151529343e-02
5.985687544161523377e+00 3.821007746069576827e-02 6.085844333530403105e+00 3.746594079579364245e-02
6.094518226782641435e+00 3.760512385710312183e-02 6.196496048685501634e+00 3.633264805227448546e-02
6.203348909403760381e+00 3.663425875436605167e-02 6.307147763840599275e+00 3.517866891676625640e-02
6.312179592024878438e+00 3.521116889501511860e-02 6.417799478995697804e+00 3.421502223472244753e-02
6.421010274645997384e+00 3.432537688515518992e-02 6.528451194150796333e+00 3.331576072061791932e-02
6.529840957267116330e+00 3.357593463887748042e-02 6.639102909305893974e+00 3.259921198573283163e-02
6.638671639888234388e+00 3.275018612503251964e-02 6.749754624460992503e+00 3.186884736213161512e-02
6.747502322509353334e+00 3.167758563877520750e-02 6.860406339616091032e+00 3.089673715884058355e-02
6.856333005130471392e+00 3.087024137625948503e-02 6.971058054771188672e+00 3.006049162222347929e-02
6.965163687751590338e+00 3.021938871935985621e-02 7.081709769926287201e+00 2.947044661694361856e-02
7.073994370372709284e+00 2.995960897855384428e-02 7.192361485081385730e+00 2.870705082211606057e-02
7.182825052993827342e+00 2.878198793807668077e-02 7.303013200236483371e+00 2.781378093692806266e-02
7.291655735614946288e+00 2.778276477841997230e-02 7.413664915391581900e+00 2.717372337506595084e-02
7.400486418236064345e+00 2.750211772706795399e-02 7.524316630546680429e+00 2.657326208626777791e-02
7.509317100857183291e+00 2.666558539692473473e-02 7.634968345701778070e+00 2.593317066409301166e-02
7.618147783478302237e+00 2.616363223436525554e-02 7.745620060856876599e+00 2.533923051943919036e-02
7.726978466099420295e+00 2.556424529916934488e-02 7.856271776011975128e+00 2.467600657726023994e-02
7.835809148720539241e+00 2.443796737299253063e-02 7.966923491167072768e+00 2.419471356323405278e-02
7.944639831341657299e+00 2.452586819173767710e-02 8.077575206322171297e+00 2.375884819106545767e-02
8.053470513962777133e+00 2.417419070237369905e-02 8.188226921477269826e+00 2.310555537685755542e-02
8.162301196583895191e+00 2.313202768053354563e-02 8.298878636632368355e+00 2.253409045137716102e-02
8.271131879205013249e+00 2.271606318385122059e-02 8.409530351787466884e+00 2.202464378114553367e-02
8.379962561826131306e+00 2.206297395907004522e-02 8.520182066942563637e+00 2.153971665100394561e-02
8.488793244447251141e+00 2.187374195393107165e-02 8.630833782097662166e+00 2.114217035231819725e-02
8.597623927068369198e+00 2.152084443721050816e-02 8.741485497252760695e+00 2.076089589710689368e-02
8.706454609689487256e+00 2.094276350680747412e-02 8.852137212407859224e+00 2.031706200941126028e-02
8.815285292310607090e+00 2.033400318688856345e-02 8.962788927562957753e+00 1.981875166919281825e-02
8.924115974931725148e+00 2.001231161472261447e-02 9.073440642718056282e+00 1.934581586500278699e-02
9.032946657552843206e+00 1.973523151177100296e-02 9.184092357873153034e+00 1.901810009655014247e-02
9.141777340173963040e+00 1.919213157759070212e-02 9.294744073028251563e+00 1.865527565437447022e-02
9.250608022795081098e+00 1.897888908203011066e-02 9.405395788183350092e+00 1.823694006449586708e-02
9.359438705416199156e+00 1.856010123579173929e-02 9.516047503338448621e+00 1.784812655562636671e-02
9.468269388037318990e+00 1.803174817131158320e-02 9.626699218493547150e+00 1.755613315914661063e-02
9.577100070658437048e+00 1.766689540876617212e-02 9.737350933648645679e+00 1.723273478766022826e-02
9.685930753279555105e+00 1.727783707739131286e-02 9.848002648803742431e+00 1.688861449065148096e-02
9.794761435900673163e+00 1.709913695321982688e-02 9.958654363958840960e+00 1.659846682595047737e-02
9.903592118521792997e+00 1.680598815110765157e-02 1.006930607911393949e+01 1.628435077113856225e-02
1.001242280114291106e+01 1.639764277267558024e-02 1.017995779426903802e+01 1.596857725127450930e-02
1.012125348376402911e+01 1.614181352258504260e-02 1.029060950942413655e+01 1.566628067946283440e-02
1.023008416638514895e+01 1.600789181294549543e-02 1.040126122457923508e+01 1.541505568632764618e-02
1.033891484900626700e+01 1.562812180067039980e-02 1.051191293973433183e+01 1.515859323233501033e-02
1.044774553162738506e+01 1.536534344257120370e-02 1.062256465488943036e+01 1.493073943449859178e-02
1.055657621424850490e+01 1.503322264636716005e-02 1.073321637004452889e+01 1.465702125020682499e-02
1.066540689686962295e+01 1.474959003876409082e-02 1.084386808519962742e+01 1.438121685737650882e-02
1.077423757949074101e+01 1.459024963168879981e-02 1.095451980035472594e+01 1.419818887785103713e-02
1.088306826211185907e+01 1.430998951146319684e-02 1.106517151550982447e+01 1.397685015694639411e-02
1.099189894473297890e+01 1.421244706880171738e-02 1.117582323066492123e+01 1.371922445565611388e-02
1.110072962735409696e+01 1.396062784487718186e-02 1.128647494582001976e+01 1.350063372878537553e-02
1.120956030997521502e+01 1.368897687784261137e-02 1.139712666097511828e+01 1.331978290114965019e-02
1.131839099259633485e+01 1.353192724815892659e-02 1.150777837613021681e+01 1.314785687283451070e-02
1.142722167521745291e+01 1.330351096239624359e-02 1.161843009128531534e+01 1.294815345660457230e-02
1.153605235783857097e+01 1.317637734464981343e-02 1.172908180644041387e+01 1.277219714063727515e-02
1.164488304045969080e+01 1.302519149137446389e-02 1.183973352159551062e+01 1.262712206540333656e-02
1.175371372308080886e+01 1.268091815384197497e-02 1.195038523675060915e+01 1.244995486831941209e-02
1.186254440570192692e+01 1.257501269289884593e-02 1.206103695190570768e+01 1.221381476854963705e-02
1.197137508832304675e+01 1.249832816569191804e-02 1.217168866706080621e+01 1.199944602106669915e-02
1.208020577094416481e+01 1.220065686502504014e-02 1.228234038221590474e+01 1.183018661292829614e-02
1.218903645356528287e+01 1.218414455335586552e-02 1.239299209737100327e+01 1.166520969182291249e-02
1.229786713618640093e+01 1.212928938793141932e-02 1.250364381252610002e+01 1.143068231757679576e-02
1.240669781880752076e+01 1.194978676071464622e-02 1.261429552768119855e+01 1.109106420459095126e-02
1.251552850142863882e+01 1.173298798566833195e-02 1.272494724283629708e+01 1.072381709749295302e-02
1.262435918404975688e+01 1.130678557402889015e-02 1.283559895799139561e+01 1.035424468761439107e-02
1.273318986667087671e+01 1.092630813722329265e-02 1.294625067314649414e+01 9.964505095704560833e-03
1.284202054929199477e+01 1.048180081097591955e-02 1.305690238830159267e+01 9.606997778049457259e-03
1.295085123191311283e+01 1.008158096006724069e-02 1.316755410345668942e+01 9.292757523803077749e-03
1.305968191453423266e+01 9.635969676849601845e-03 1.327820581861178795e+01 8.927165796271962356e-03
1.316851259715535072e+01 9.218590289211762642e-03 1.338885753376688648e+01 8.538947404333233418e-03
1.327734327977646878e+01 8.871885039075754278e-03 1.349950924892198501e+01 8.174991264943134647e-03
1.338617396239758683e+01 8.497219222345376785e-03 1.361016096407708353e+01 7.833431412223423873e-03
1.349500464501870667e+01 8.155602510454921031e-03 1.372081267923218206e+01 7.507738886075457710e-03
1.360383532763982473e+01 7.813618360677546462e-03 1.383146439438727882e+01 7.195785164567034160e-03
1.371266601026094278e+01 7.549933800074268113e-03 1.394211610954237734e+01 6.902962417291704129e-03
1.382149669288206262e+01 7.241212696205298616e-03 1.405276782469747587e+01 6.616564093715354179e-03
1.393032737550318068e+01 6.867587040376542037e-03 1.416341953985257440e+01 6.334454867720226180e-03
1.403915805812429873e+01 6.584405085525501383e-03 1.427407125500767293e+01 6.045952069236532576e-03
1.414798874074541857e+01 6.357773421582436219e-03 1.438472297016277146e+01 5.773742470854213368e-03
1.425681942336653663e+01 6.094049767273465937e-03 1.449537468531786999e+01 5.534173487556412648e-03
1.436565010598765468e+01 5.832895637283857897e-03 1.460602640047296674e+01 5.299280271758629451e-03
1.447448078860877452e+01 5.565254932983734922e-03 1.471667811562806527e+01 5.057834971148477375e-03
1.458331147122989258e+01 5.292701612045831901e-03 1.482732983078316380e+01 4.816607211304334800e-03
1.469214215385101063e+01 5.080979467073005497e-03 1.493798154593826233e+01 4.602699046360595944e-03
1.480097283647212869e+01 4.863429324548226677e-03 1.504863326109336086e+01 4.401811162285809188e-03
1.490980351909324852e+01 4.660329357998152337e-03 1.515928497624845939e+01 4.188696164302175597e-03
1.501863420171436658e+01 4.429265741458895088e-03 1.526993669140355614e+01 3.986749198576351912e-03
1.512746488433548464e+01 4.224512604428515630e-03 1.538058840655865467e+01 3.810888465024734554e-03
1.523629556695660447e+01 4.067888171465216564e-03 1.549124012171375320e+01 3.626766262749364818e-03
1.534512624957772253e+01 3.859837724640162622e-03 1.560189183686885173e+01 3.435618393308148728e-03
1.545395693219884059e+01 3.645607504652661601e-03 1.571254355202395026e+01 3.261874667618798896e-03
1.556278761481996042e+01 3.481927986513126076e-03 1.582319526717904878e+01 3.094606337779610018e-03
1.567161829744107848e+01 3.314332712604338513e-03 1.593384698233414554e+01 2.940700617912074023e-03
1.578044898006219654e+01 3.163830854731652063e-03 1.604449869748924584e+01 2.783797651030720834e-03
1.588927966268331460e+01 3.012970558468314360e-03 1.615515041264434259e+01 2.624795214052349276e-03
1.599811034530443443e+01 2.820575970164889042e-03 1.626580212779943935e+01 2.486919232089569980e-03
1.610694102792555427e+01 2.678837935370465429e-03 1.637645384295453965e+01 2.345672126158503384e-03
1.621577171054667232e+01 2.545857386428711407e-03 1.648710555810963641e+01 2.194310639053679863e-03
1.632460239316779038e+01 2.390321539471362486e-03 1.659775727326473671e+01 2.057911583026319872e-03
1.643343307578890844e+01 2.270775651881523638e-03 1.670840898841983346e+01 1.938725242213728325e-03
1.654226375841002650e+01 2.127727251671517224e-03 1.681906070357493377e+01 1.807630486757186381e-03
1.665109444103114456e+01 1.991032136503841001e-03 1.692971241873003052e+01 1.675481737265334002e-03
1.675992512365226261e+01 1.853829415038332241e-03 1.704036413388512727e+01 1.559539923754717011e-03
1.686875580627338422e+01 1.718800621843616459e-03 1.715101584904022758e+01 1.448461780110519648e-03
1.697758648889450228e+01 1.628267359578654044e-03 1.726166756419532433e+01 1.332020046643725506e-03
1.708641717151562034e+01 1.509097300938809505e-03 1.737231927935042464e+01 1.215768762432733368e-03
1.719524785413673840e+01 1.386051791348202802e-03 1.748297099450552139e+01 1.114193677033147077e-03
1.730407853675785645e+01 1.274796998270148534e-03 1.759362270966061814e+01 1.019793038361700059e-03
1.741290921937897451e+01 1.173046478905439465e-03 1.770427442481571845e+01 9.233318822880269257e-04
1.752173990200009612e+01 1.069214787166921027e-03 1.781492613997081520e+01 8.347921377313882512e-04
1.763057058462121418e+01 9.524159024376366300e-04 1.792557785512591551e+01 7.593811594911035372e-04
1.773940126724233224e+01 8.493110179545208457e-04 1.803622957028101226e+01 6.850382020558372408e-04
1.784823194986345030e+01 7.680065954570932524e-04 1.814688128543611256e+01 6.139799322904949778e-04
1.795706263248456835e+01 6.948784453411520953e-04 1.825753300059120932e+01 5.540586892439094101e-04
1.806589331510568641e+01 6.242114935079813923e-04 1.836818471574630607e+01 4.990229766854869424e-04
1.817472399772680447e+01 5.625294419620144922e-04 1.847883643090140637e+01 4.502783239571217901e-04
1.828355468034792608e+01 5.146958588921590185e-04 1.858948814605650313e+01 4.069911239458509720e-04
1.839238536296904414e+01 4.683959533761287248e-04 1.870013986121160343e+01 3.653201475627508967e-04
1.850121604559016220e+01 4.204818248818729324e-04 1.881079157636670018e+01 3.289556201447093719e-04
1.861004672821128025e+01 3.814005720219611575e-04 1.892144329152179694e+01 2.971247854697211762e-04
1.871887741083239831e+01 3.435606890171644741e-04 1.903209500667689724e+01 2.666996713930322232e-04
1.882770809345351637e+01 3.132230405331200523e-04 1.914274672183199399e+01 2.389607705869203121e-04
1.893653877607463798e+01 2.818607404475689695e-04 1.925339843698709430e+01 2.126380657223184763e-04
1.904536945869575604e+01 2.494966681941909346e-04 1.936405015214219105e+01 1.889558670948313296e-04
1.915420014131687410e+01 2.244985730154899610e-04 1.947470186729729136e+01 1.682545749527336490e-04
1.926303082393799215e+01 1.976912549646196770e-04 1.958535358245238811e+01 1.485312191373348021e-04
1.937186150655911021e+01 1.782291783709429793e-04 1.969600529760748486e+01 1.307570246718130495e-04
1.948069218918022827e+01 1.598321111383384111e-04 1.980665701276258517e+01 1.149397968062319217e-04
1.958952287180134633e+01 1.409396435026154791e-04 1.991730872791768192e+01 9.995440246596032407e-05
1.969835355442246794e+01 1.209913201234975421e-04 2.002796044307278223e+01 8.626412479017575086e-05
1.980718423704358599e+01 1.069479923299730803e-04 2.013861215822787898e+01 7.497854976253908094e-05
1.991601491966470405e+01 9.450585238098677446e-05 2.024926387338297573e+01 6.414802954028247508e-05
2.002484560228582211e+01 8.198830605064237750e-05 2.035991558853807604e+01 5.463210988989398623e-05
2.013367628490694017e+01 7.016951297318688933e-05 2.047056730369317279e+01 4.564362117656345743e-05
2.024250696752805823e+01 5.859932132662912219e-05 2.058121901884827309e+01 3.793566778537401708e-05
2.035133765014917628e+01 4.969739270519551945e-05 2.069187073400336985e+01 3.126282510432927509e-05
2.046016833277029789e+01 4.138375441365966904e-05 2.080252244915847015e+01 2.485426782873659168e-05
2.056899901539141595e+01 3.362890360887711911e-05 2.091317416431356691e+01 1.970063159149114426e-05
2.067782969801253401e+01 2.675621245212672164e-05 2.102382587946866366e+01 1.505948387470861435e-05
2.078666038063365207e+01 2.197310063978331240e-05 2.113447759462376396e+01 1.150349904391730288e-05
2.089549106325477013e+01 1.657178095508539441e-05 2.124512930977886072e+01 8.610584696211088818e-06
2.100432174587588818e+01 1.240902633646679301e-05 2.135578102493396102e+01 6.333632210693644988e-06
2.111315242849700979e+01 8.784458973187297262e-06 2.146643274008905777e+01 4.396459694990146652e-06
2.122198311111812785e+01 6.039877871516919918e-06 2.157708445524415808e+01 3.003054169333445289e-06
2.133081379373924591e+01 3.741102055153608153e-06 2.168773617039925483e+01 1.902991103230607737e-06
2.143964447636036397e+01 2.028831026957561488e-06 2.179838788555435158e+01 9.721330340766403398e-07
2.154847515898148202e+01 1.603234316116882635e-06 2.190903960070945189e+01 7.172324457096779251e-07
