-2.500000000000000000e+01 -2.500000000000000000e+01 -2.500000000000000000e+01 9.567478843011448242e-02 9.567478843011446854e-02 1.385368943947078157e-01 -1.250385135757131572e+01 -1.250385135757131572e+01 -1.250385135757131572e+01 2.182736513275737675e-03 2.182736513275654409e-03 2.343059013236468112e-03 -1.110968727815471624e+01 2.393587917323031743e-03
-2.475000000000000000e+01 -2.475000000000000000e+01 -2.475000000000000000e+01 9.572226583595896954e-02 9.572226583595894178e-02 1.385543110807903600e-01 -1.237881284399560222e+01 -1.237881284399560222e+01 -1.237881284399560222e+01 2.191407112491887584e-03 2.191407112491807786e-03 2.301165093260868193e-03 -1.098464876457900274e+01 2.448565079613656149e-03
-2.450000000000000000e+01 -2.450000000000000000e+01 -2.450000000000000000e+01 9.581717676518053395e-02 9.581717676518046456e-02 1.385881718104660376e-01 -1.225377433041988873e+01 -1.225377433041988873e+01 -1.225377433041988873e+01 2.207511030832141636e-03 2.207511030832077885e-03 2.269853146388019823e-03 -1.085961025100328925e+01 2.505087280029928525e-03
-2.425000000000000000e+01 -2.425000000000000000e+01 -2.425000000000000000e+01 9.595995886125224805e-02 9.595995886125222030e-02 1.386406778804425144e-01 -1.212873581684417523e+01 -1.212873581684417523e+01 -1.212873581684417523e+01 2.229494094413069210e-03 2.229494094413012398e-03 2.248031664843072683e-03 -1.073457173742757575e+01 2.563002714524153375e-03
-2.400000000000000000e+01 -2.400000000000000000e+01 -2.400000000000000000e+01 9.615047973987712882e-02 9.615047973987712882e-02 1.387089064170529407e-01 -1.200369730326846351e+01 -1.200369730326846351e+01 -1.200369730326846351e+01 2.256249766832775765e-03 2.256249766832726759e-03 2.233717590957127064e-03 -1.060953322385186404e+01 2.623340494580854616e-03
-2.375000000000000000e+01 -2.375000000000000000e+01 -2.375000000000000000e+01 9.638962159919442496e-02 9.638962159919439721e-02 1.387972751311084829e-01 -1.187865878969275002e+01 -1.187865878969275002e+01 -1.187865878969275002e+01 2.287204064384563799e-03 2.287204064384529539e-03 2.225590383646234519e-03 -1.048449471027615054e+01 2.686842292059943554e-03
-2.350000000000000000e+01 -2.350000000000000000e+01 -2.350000000000000000e+01 9.667716133253195787e-02 9.667716133253197175e-02 1.389008959932999665e-01 -1.175362027611703652e+01 -1.175362027611703652e+01 -1.175362027611703652e+01 2.322081894634364565e-03 2.322081894634337677e-03 2.222995513349047044e-03 -1.035945619670043705e+01 2.753801577765691358e-03
-2.325000000000000000e+01 -2.325000000000000000e+01 -2.325000000000000000e+01 9.701443969363844622e-02 9.701443969363844622e-02 1.390264337082881829e-01 -1.162858176254132303e+01 -1.162858176254132303e+01 -1.162858176254132303e+01 2.360730874848320209e-03 2.360730874848304163e-03 2.225553537056441326e-03 -1.023441768312472355e+01 2.824332006750922882e-03
-2.300000000000000000e+01 -2.300000000000000000e+01 -2.300000000000000000e+01 9.740113911963629856e-02 9.740113911963625692e-02 1.391670099283533191e-01 -1.150354324896560954e+01 -1.150354324896560954e+01 -1.150354324896560954e+01 2.403051908500481674e-03 2.403051908500474735e-03 2.232972455892334902e-03 -1.010937916954901006e+01 2.898516160615840793e-03
-2.275000000000000000e+01 -2.275000000000000000e+01 -2.275000000000000000e+01 9.783908037479373265e-02 9.783908037479373265e-02 1.393315830965588253e-01 -1.137850473538989782e+01 -1.137850473538989782e+01 -1.137850473538989782e+01 2.448979691075068264e-03 2.448979691075066530e-03 2.245003319811177296e-03 -9.984340655973298340e+00 2.976442009737341726e-03
-2.250000000000000000e+01 -2.250000000000000000e+01 -2.250000000000000000e+01 9.832784614332674977e-02 9.832784614332672202e-02 1.395112487045851446e-01 -1.125346622181418432e+01 -1.125346622181418432e+01 -1.125346622181418432e+01 2.498474471490146499e-03 2.498474471490153871e-03 2.261433861023146637e-03 -9.859302142397584845e+00 3.058209362968770592e-03
-2.225000000000000000e+01 -2.225000000000000000e+01 -2.225000000000000000e+01 9.886976667340922897e-02 9.886976667340925673e-02 1.397173229294553787e-01 -1.112842770823847083e+01 -1.112842770823847083e+01 -1.112842770823847083e+01 2.551519205485556011e-03 2.551519205485572924e-03 2.282084513104229006e-03 -9.734263628821871350e+00 3.143929551116876261e-03
-2.200000000000000000e+01 -2.200000000000000000e+01 -2.200000000000000000e+01 9.946431796698933236e-02 9.946431796698934624e-02 1.399388279461734885e-01 -1.100338919466275733e+01 -1.100338919466275733e+01 -1.100338919466275733e+01 2.608115628557097256e-03 2.608115628557123276e-03 2.306806271768769168e-03 -9.609225115246157856e+00 3.233726666163056276e-03
-2.175000000000000000e+01 -2.175000000000000000e+01 -2.175000000000000000e+01 1.001143780358040442e-01 1.001143780358039886e-01 1.401895204228879588e-01 -1.087835068108704384e+01 -1.087835068108704384e+01 -1.087835068108704384e+01 2.668283679779104127e-03 2.668283679779137087e-03 2.335476647321777302e-03 -9.484186601670444361e+00 3.327736559721072851e-03
-2.150000000000000000e+01 -2.150000000000000000e+01 -2.150000000000000000e+01 1.008193075472831601e-01 1.008193075472830214e-01 1.404562899028357070e-01 -1.075331216751133212e+01 -1.075331216751133212e+01 -1.075331216751133212e+01 2.732058562208922094e-03 2.732058562208964161e-03 2.367998229310298245e-03 -9.359148088094732643e+00 3.426108388469219657e-03
-2.125000000000000000e+01 -2.125000000000000000e+01 -2.125000000000000000e+01 1.015825804064539734e-01 1.015825804064540011e-01 1.407554370570074098e-01 -1.062827365393561863e+01 -1.062827365393561863e+01 -1.062827365393561863e+01 2.799491312706294758e-03 2.799491312706337692e-03 2.404295145672145657e-03 -9.234109574519019148e+00 3.529003533227538687e-03
-2.100000000000000000e+01 -2.100000000000000000e+01 -2.100000000000000000e+01 1.024034314602982748e-01 1.024034314602982332e-01 1.410716462432237694e-01 -1.050323514035990513e+01 -1.050323514035990513e+01 -1.050323514035990513e+01 2.870646254813448255e-03 2.870646254813491189e-03 2.444312563558949207e-03 -9.109071060943305653e+00 3.636597538456863392e-03
-2.075000000000000000e+01 -2.075000000000000000e+01 -2.075000000000000000e+01 1.032859898311798003e-01 1.032859898311798280e-01 1.414238889549052081e-01 -1.037819662678419164e+01 -1.037819662678419164e+01 -1.037819662678419164e+01 2.945602360937415228e-03 2.945602360937459464e-03 2.488013583353157736e-03 -8.984032547367592159e+00 3.749078968960688468e-03
-2.050000000000000000e+01 -2.050000000000000000e+01 -2.050000000000000000e+01 1.042293520948626151e-01 1.042293520948625457e-01 1.417945572277444222e-01 -1.025315811320847814e+01 -1.025315811320847814e+01 -1.025315811320847814e+01 3.024450849256997767e-03 3.024450849257033329e-03 2.535379535732022911e-03 -8.858994033791878664e+00 3.866651759931615494e-03
-2.025000000000000000e+01 -2.025000000000000000e+01 -2.025000000000000000e+01 1.052383748130254759e-01 1.052383748130255453e-01 1.422054467216783968e-01 -1.012811959963276642e+01 -1.012811959963276642e+01 -1.012811959963276642e+01 3.107297182516403217e-03 3.107297182516432273e-03 2.586407146971475991e-03 -8.733955520216166946e+00 3.989534010654625061e-03
-2.000000000000000000e+01 -2.000000000000000000e+01 -2.000000000000000000e+01 1.063120017238812914e-01 1.063120017238812359e-01 1.426365537822762708e-01 -1.000308108605705115e+01 -1.000308108605705115e+01 -1.000308108605705115e+01 3.194258680677212244e-03 3.194258680677238265e-03 2.641109502923383052e-03 -8.608917006640451675e+00 4.117960761391150151e-03
-1.975000000000000000e+01 -1.975000000000000000e+01 -1.975000000000000000e+01 1.074559040885090105e-01 1.074559040885090799e-01 1.431126821182400477e-01 -9.878042572481339434e+00 -9.878042572481339434e+00 -9.878042572481339434e+00 3.285467082829065470e-03 3.285467082829079781e-03 2.699513358412672544e-03 -8.483878493064739956e+00 4.252182725587611012e-03
-1.950000000000000000e+01 -1.950000000000000000e+01 -1.950000000000000000e+01 1.086688559572180635e-01 1.086688559572180357e-01 1.436113107853980719e-01 -9.753004058905625939e+00 -9.753004058905625939e+00 -9.753004058905625939e+00 3.381066101816109209e-03 3.381066101816122219e-03 2.761660681055344915e-03 -8.358839979489026462e+00 4.392469517997888914e-03
-1.925000000000000000e+01 -1.925000000000000000e+01 -1.925000000000000000e+01 1.099574482660787833e-01 1.099574482660787694e-01 1.441604709453840338e-01 -9.627965545329912445e+00 -9.627965545329912445e+00 -9.627965545329912445e+00 3.481214518646159276e-03 3.481214518646168817e-03 2.827606013874814361e-03 -8.233801465913312967e+00 4.539108332706578465e-03
-1.900000000000000000e+01 -1.900000000000000000e+01 -1.900000000000000000e+01 1.113202660604549477e-01 1.113202660604549477e-01 1.447349821207123133e-01 -9.502927031754200726e+00 -9.502927031754200726e+00 -9.502927031754200726e+00 3.586083634583422594e-03 3.586083634583428232e-03 2.897418545617976710e-03 -8.108762952337601249e+00 4.692407656882328915e-03
-1.875000000000000000e+01 -1.875000000000000000e+01 -1.875000000000000000e+01 1.127649459882611865e-01 1.127649459882611588e-01 1.453663640292512937e-01 -9.377888518178485455e+00 -9.377888518178485455e+00 -9.377888518178485455e+00 3.695860893929943120e-03 3.695860893929950926e-03 2.971179461737709707e-03 -7.983724438761886866e+00 4.852695908692784832e-03
-1.850000000000000000e+01 -1.850000000000000000e+01 -1.850000000000000000e+01 1.142898621154973121e-01 1.142898621154972844e-01 1.460266108745698899e-01 -9.252850004602773737e+00 -9.252850004602773737e+00 -9.252850004602773737e+00 3.810747206892247437e-03 3.810747206892260881e-03 3.048984512649613107e-03 -7.858685925186175147e+00 5.020325682047535598e-03
-1.825000000000000000e+01 -1.825000000000000000e+01 -1.825000000000000000e+01 1.159038480853264302e-01 1.159038480853264858e-01 1.467510413927808066e-01 -9.127811491027060242e+00 -9.127811491027060242e+00 -9.127811491027060242e+00 3.930961115532602759e-03 3.930961115532622709e-03 3.130941306392849392e-03 -7.733647411610461653e+00 5.195672366018766648e-03
-1.800000000000000000e+01 -1.800000000000000000e+01 -1.800000000000000000e+01 1.176050421641968574e-01 1.176050421641967741e-01 1.475086316665737696e-01 -9.002772977451346748e+00 -9.002772977451346748e+00 -9.002772977451346748e+00 4.056735972897182636e-03 4.056735972897212127e-03 3.217172365107756008e-03 -7.608608898034748158e+00 5.379138978168632353e-03
-1.775000000000000000e+01 -1.775000000000000000e+01 -1.775000000000000000e+01 1.194036567696633577e-01 1.194036567696633716e-01 1.483388687875246137e-01 -8.877734463875635029e+00 -8.877734463875635029e+00 -8.877734463875635029e+00 4.188324682398387143e-03 4.188324682398426174e-03 3.307812325741625332e-03 -7.483570384459036440e+00 5.571154795795807760e-03
-1.750000000000000000e+01 -1.750000000000000000e+01 -1.750000000000000000e+01 1.212975665331943037e-01 1.212975665331943176e-01 1.492074867383648140e-01 -8.752695950299919758e+00 -8.752695950299919758e+00 -8.752695950299919758e+00 4.325996728143228359e-03 4.325996728143275197e-03 3.403011490278100726e-03 -7.358531870883321169e+00 5.772180849545713310e-03
-1.725000000000000000e+01 -1.725000000000000000e+01 -1.725000000000000000e+01 1.232985815302580640e-01 1.232985815302580640e-01 1.501585810404167387e-01 -8.627657436724208040e+00 -8.627657436724208040e+00 -8.627657436724208040e+00 4.470043532284580928e-03 4.470043532284626031e-03 3.502932910720356601e-03 -7.233493357307609450e+00 5.982708607251307174e-03
-1.700000000000000000e+01 -1.700000000000000000e+01 -1.700000000000000000e+01 1.254042817824073119e-01 1.254042817824072564e-01 1.511543834377322704e-01 -8.502618923148494545e+00 -8.502618923148494545e+00 -8.502618923148494545e+00 4.620775339913144215e-03 4.620775339913198859e-03 3.607756451925455982e-03 -7.108454843731895956e+00 6.203266216251497427e-03
-1.675000000000000000e+01 -1.675000000000000000e+01 -1.675000000000000000e+01 1.276283393708421976e-01 1.276283393708421421e-01 1.522441235402077209e-01 -8.377580409572781051e+00 -8.377580409572781051e+00 -8.377580409572781051e+00 4.778527253498032756e-03 4.778527253498086533e-03 3.717675745086735945e-03 -6.983416330156182461e+00 6.434417293496011783e-03
-1.650000000000000000e+01 -1.650000000000000000e+01 -1.650000000000000000e+01 1.299680055545960333e-01 1.299680055545960611e-01 1.533862285866479935e-01 -8.252541895997069332e+00 -8.252541895997069332e+00 -8.252541895997069332e+00 4.943655984277459808e-03 4.943655984277519656e-03 3.832902794609282897e-03 -6.858377816580470743e+00 6.676768025226743029e-03
-1.625000000000000000e+01 -1.625000000000000000e+01 -1.625000000000000000e+01 1.324391348671106472e-01 1.324391348671105917e-01 1.546356921967003140e-01 -8.127503382421354061e+00 -8.127503382421354061e+00 -8.127503382421354061e+00 5.116546638971992966e-03 5.116546638972059753e-03 3.953664791389844245e-03 -6.733339303004755472e+00 6.930966133238551478e-03
-1.600000000000000000e+01 -1.600000000000000000e+01 -1.600000000000000000e+01 1.350386125857130082e-01 1.350386125857129804e-01 1.559467855565306038e-01 -8.002464868845642343e+00 -8.002464868845642343e+00 -8.002464868845642343e+00 5.297609359296075529e-03 5.297609359296143183e-03 4.080209307963125059e-03 -6.608300789429043753e+00 7.197708965425504007e-03
-1.575000000000000000e+01 -1.575000000000000000e+01 -1.575000000000000000e+01 1.377848658542401017e-01 1.377848658542401017e-01 1.573810241104402485e-01 -7.877426355269929736e+00 -7.877426355269929736e+00 -7.877426355269929736e+00 5.487286954770888292e-03 5.487286954770949875e-03 4.212800969811096065e-03 -6.483262275853331147e+00 7.477742728713537325e-03
-1.550000000000000000e+01 -1.550000000000000000e+01 -1.550000000000000000e+01 1.406743740399268583e-01 1.406743740399268305e-01 1.588881135857671545e-01 -7.752387841694215354e+00 -7.752387841694215354e+00 -7.752387841694215354e+00 5.686051463737918851e-03 5.686051463737975230e-03 4.351727296867190231e-03 -6.358223762277616764e+00 7.771871734836365876e-03
-1.525000000000000000e+01 -1.525000000000000000e+01 -1.525000000000000000e+01 1.437286143139759331e-01 1.437286143139758776e-01 1.605370070499306245e-01 -7.627349328118502747e+00 -7.627349328118502747e+00 -7.627349328118502747e+00 5.894412748517643616e-03 5.894412748517691321e-03 4.497295238580323144e-03 -6.233185248701904158e+00 8.080958016894117246e-03
-1.500000000000000000e+01 -1.500000000000000000e+01 -1.500000000000000000e+01 1.469436182484846198e-01 1.469436182484845921e-01 1.622723672159948616e-01 -7.502310814542789252e+00 -7.502310814542789252e+00 -7.502310814542789252e+00 6.112915026221464251e-03 6.112915026221501548e-03 4.649837735653855088e-03 -6.108146735126190663e+00 8.405931933389267086e-03
-1.475000000000000000e+01 -1.475000000000000000e+01 -1.475000000000000000e+01 1.503445005084222408e-01 1.503445005084222963e-01 1.641716971396998681e-01 -7.377272300967076646e+00 -7.377272300967076646e+00 -7.377272300967076646e+00 6.342146570129335997e-03 6.342146570129368090e-03 4.809710133371376470e-03 -5.983108221550478056e+00 8.747792319461968058e-03
-1.450000000000000000e+01 -1.450000000000000000e+01 -1.450000000000000000e+01 1.539268024052834472e-01 1.539268024052834194e-01 1.661740584718618963e-01 -7.252233787391364039e+00 -7.252233787391364039e+00 -7.252233787391364039e+00 6.582736278012048768e-03 6.582736278012066115e-03 4.977297556141487347e-03 -5.858069707974765450e+00 9.107618701032844238e-03
-1.425000000000000000e+01 -1.425000000000000000e+01 -1.425000000000000000e+01 1.577200034590702515e-01 1.577200034590702238e-01 1.683668630409038414e-01 -7.127195273815649657e+00 -7.127195273815649657e+00 -7.127195273815649657e+00 6.835364658253939227e-03 6.835364658253949635e-03 5.153011224505009945e-03 -5.733031194399051067e+00 9.486572175945919699e-03
-1.400000000000000000e+01 -1.400000000000000000e+01 -1.400000000000000000e+01 1.617191140267106308e-01 1.617191140267107696e-01 1.706829181042990862e-01 -7.002156760239937050e+00 -7.002156760239937050e+00 -7.002156760239937050e+00 7.100760529077911921e-03 7.100760529077924064e-03 5.337296757823294623e-03 -5.607992680823338461e+00 9.885909552124705346e-03
-1.375000000000000000e+01 -1.375000000000000000e+01 -1.375000000000000000e+01 1.659588851726281900e-01 1.659588851726281900e-01 1.732212144148536637e-01 -6.877118246664223555e+00 -6.877118246664223555e+00 -6.877118246664223555e+00 7.379713512019043034e-03 7.379713512019053442e-03 5.530630434489803432e-03 -5.482954167247624966e+00 1.030698521135384876e-02
-1.350000000000000000e+01 -1.350000000000000000e+01 -1.350000000000000000e+01 1.704337612489272846e-01 1.704337612489273124e-01 1.759075385402718572e-01 -6.752079733088510949e+00 -6.752079733088510949e+00 -6.752079733088510949e+00 7.673070989780218440e-03 7.673070989780222777e-03 5.733528566447824298e-03 -5.357915653671912359e+00 1.075126756476494846e-02
-1.325000000000000000e+01 -1.325000000000000000e+01 -1.325000000000000000e+01 1.751849034859248033e-01 1.751849034859248033e-01 1.788545270511757990e-01 -6.627041219512798342e+00 -6.627041219512798342e+00 -6.627041219512798342e+00 7.981752386410082695e-03 7.981752386410087899e-03 5.946543760791890738e-03 -5.232877140096199753e+00 1.122034222714710094e-02
-1.300000000000000000e+01 -1.300000000000000000e+01 -1.300000000000000000e+01 1.802061670650687009e-01 1.802061670650687286e-01 1.819800455177550680e-01 -6.502002705937083959e+00 -6.502002705937083959e+00 -6.502002705937083959e+00 8.306746557800582034e-03 8.306746557800580300e-03 6.170275545713035763e-03 -5.107838626520485370e+00 1.171593128530896109e-02
-1.275000000000000000e+01 -1.275000000000000000e+01 -1.275000000000000000e+01 1.855465648411533108e-01 1.855465648411533663e-01 1.854129532768056809e-01 -6.376964192361371353e+00 -6.376964192361371353e+00 -6.376964192361371353e+00 8.649128211784540277e-03 8.649128211784536807e-03 6.405366716793660896e-03 -4.982800112944772764e+00 1.223989820950233121e-02
-1.250000000000000000e+01 -1.250000000000000000e+01 -1.250000000000000000e+01 1.911993614847984080e-01 1.911993614847986023e-01 1.890621357215888643e-01 -6.251925678785657858e+00 -6.251925678785657858e+00 -6.251925678785657858e+00 9.010055968137619872e-03 9.010055968137619872e-03 6.652515440123056394e-03 -4.857761599369059269e+00 1.279427056263477552e-02
-1.225000000000000000e+01 -1.225000000000000000e+01 -1.225000000000000000e+01 1.972232624210796537e-01 1.972232624210795982e-01 1.930759139304815408e-01 -6.126887165209944364e+00 -6.126887165209944364e+00 -6.126887165209944364e+00 9.390791368975611245e-03 9.390791368975604306e-03 6.912471800763432886e-03 -4.732723085793345774e+00 1.338124720556037317e-02
-1.200000000000000000e+01 -1.200000000000000000e+01 -1.200000000000000000e+01 2.036109780491279775e-01 2.036109780491278665e-01 1.973529460743170816e-01 -6.001848651634231757e+00 -6.001848651634231757e+00 -6.001848651634231757e+00 9.792697931094244621e-03 9.792697931094237682e-03 7.186051668868501975e-03 -4.607684572217633168e+00 1.400322524775561746e-02
-1.175000000000000000e+01 -1.175000000000000000e+01 -1.175000000000000000e+01 2.104332801485969129e-01 2.104332801485969684e-01 2.020651221090451755e-01 -5.876810138058518262e+00 -5.876810138058518262e+00 -5.876810138058518262e+00 1.021726332623499461e-02 1.021726332623498594e-02 7.474133614716041082e-03 -4.482646058641919673e+00 1.466281027572205117e-02
-1.150000000000000000e+01 -1.150000000000000000e+01 -1.150000000000000000e+01 2.176824236197681672e-01 2.176824236197682505e-01 2.070994049701837258e-01 -5.751771624482804768e+00 -5.751771624482804768e+00 -5.751771624482804768e+00 1.066609986708296279e-02 1.066609986708295932e-02 7.777674902839511531e-03 -4.357607545066206178e+00 1.536284857221414078e-02
-1.125000000000000000e+01 -1.125000000000000000e+01 -1.125000000000000000e+01 2.254443396475573347e-01 2.254443396475574179e-01 2.126565118282194300e-01 -5.626733110907092161e+00 -5.626733110907092161e+00 -5.626733110907092161e+00 1.114097061062374605e-02 1.114097061062374432e-02 8.097709002958851723e-03 -4.232569031490493572e+00 1.610644132676609594e-02
-1.100000000000000000e+01 -1.100000000000000000e+01 -1.100000000000000000e+01 2.337110285967833878e-01 2.337110285967835266e-01 2.186099849894025393e-01 -5.501694597331378667e+00 -5.501694597331378667e+00 -5.501694597331378667e+00 1.164379188376592385e-02 1.164379188376592385e-02 8.435364182706886829e-03 -4.107530517914780077e+00 1.689698344957525633e-02
-1.075000000000000000e+01 -1.075000000000000000e+01 -1.075000000000000000e+01 2.425876577671898238e-01 2.425876577671898515e-01 2.251961722233339902e-01 -5.376656083755666060e+00 -5.376656083755666060e+00 -5.376656083755666060e+00 1.217666429911132102e-02 1.217666429911133143e-02 8.791861934373519302e-03 -3.982492004339067471e+00 1.773818303086906537e-02
-1.050000000000000000e+01 -1.050000000000000000e+01 -1.050000000000000000e+01 2.520663395781927441e-01 2.520663395781926330e-01 2.322731750732448530e-01 -5.251617570179952565e+00 -5.251617570179952565e+00 -5.251617570179952565e+00 1.274187815702789578e-02 1.274187815702790792e-02 9.168538779239019179e-03 -3.857453490763353976e+00 1.863410847301938053e-02
-1.025000000000000000e+01 -1.025000000000000000e+01 -1.025000000000000000e+01 2.622769186895360094e-01 2.622769186895360094e-01 2.401218763830451075e-01 -5.126579056604239071e+00 -5.126579056604239071e+00 -5.126579056604239071e+00 1.334195068804133917e-02 1.334195068804136519e-02 9.566846057428751368e-03 -3.732414977187640481e+00 1.958921487990893454e-02
-1.000000000000000000e+01 -1.000000000000000000e+01 -1.000000000000000000e+01 2.732122542193886061e-01 2.732122542193886616e-01 2.485825892353246969e-01 -5.001540543028525576e+00 -5.001540543028525576e+00 -5.001540543028525576e+00 1.397963549510642181e-02 1.397963549510642528e-02 9.988375751356824706e-03 -3.607376463611926987e+00 2.060840176290246184e-02
-9.750000000000000000e+00 -9.750000000000000000e+00 -9.750000000000000000e+00 2.850342321409143342e-01 2.850342321409142787e-01 2.579925347238560818e-01 -4.876502029452812970e+00 -4.876502029452812970e+00 -4.876502029452812970e+00 1.465796778963983187e-02 1.465796778963985442e-02 1.043486226666252327e-02 -3.482337950036214380e+00 2.169704860302903646e-02
-9.500000000000000000e+00 -9.500000000000000000e+00 -9.500000000000000000e+00 2.977375283684255414e-01 2.977375283684254303e-01 2.681715454656662390e-01 -4.751463515877100363e+00 -4.751463515877100363e+00 -4.751463515877100363e+00 1.538027950580950209e-02 1.538027950580952291e-02 1.090821335113976477e-02 -3.357299436460501774e+00 2.286108610392824370e-02
-9.250000000000000000e+00 -9.250000000000000000e+00 -9.250000000000000000e+00 3.115261904308205820e-01 3.115261904308204155e-01 2.795290469709343362e-01 -4.626425002301386868e+00 -4.626425002301386868e+00 -4.626425002301386868e+00 1.615025493704582218e-02 1.615025493704584300e-02 1.141051475339394453e-02 -3.232260922884788279e+00 2.410704393598869094e-02
-9.000000000000000000e+00 -9.000000000000000000e+00 -9.000000000000000000e+00 3.263984942549026380e-01 3.263984942549026380e-01 2.918613777641793083e-01 -4.501386488725673374e+00 -4.501386488725673374e+00 -4.501386488725673374e+00 1.697195383253657236e-02 1.697195383253658624e-02 1.194406769010704708e-02 -3.107222409309074784e+00 2.544213948450134086e-02
-8.750000000000000000e+00 -8.750000000000000000e+00 -8.750000000000000000e+00 3.426147965568437370e-01 3.426147965568436815e-01 3.056718296173858707e-01 -4.376347975149959879e+00 -4.376347975149959879e+00 -4.376347975149959879e+00 1.784988075856034848e-02 1.784988075856037623e-02 1.251139764310176677e-02 -2.982183895733361290e+00 2.687434183818908709e-02
-8.500000000000000000e+00 -8.500000000000000000e+00 -8.500000000000000000e+00 3.601799383521386289e-01 3.601799383521385733e-01 3.207300202940054357e-01 -4.251309461574247273e+00 -4.251309461574247273e+00 -4.251309461574247273e+00 1.878901948389608695e-02 1.878901948389610777e-02 1.311530036197367660e-02 -2.857145382157648683e+00 2.841248331738790989e-02
-8.250000000000000000e+00 -8.250000000000000000e+00 -8.250000000000000000e+00 3.794307441734251496e-01 3.794307441734253161e-01 3.376631998924823352e-01 -4.126270947998534666e+00 -4.126270947998534666e+00 -4.126270947998534666e+00 1.979492072730222596e-02 1.979492072730224331e-02 1.375885660697802500e-02 -2.732106868581936077e+00 3.006634522897621772e-02
-8.000000000000000000e+00 -8.000000000000000000e+00 -8.000000000000000000e+00 4.003835747853517479e-01 4.003835747853520255e-01 3.562111125728030792e-01 -4.001232434422821171e+00 -4.001232434422821171e+00 -4.001232434422821171e+00 2.087375262465470532e-02 2.087375262465474002e-02 1.444548944257151996e-02 -2.607068355006222582e+00 3.184679930863517500e-02
-7.750000000000000000e+00 -7.750000000000000000e+00 -7.750000000000000000e+00 4.234810684807602810e-01 4.234810684807600034e-01 3.771675922895309507e-01 -3.876193920847107677e+00 -3.876193920847107677e+00 -3.876193920847107677e+00 2.203241350660354453e-02 2.203241350660356188e-02 1.517898754195580110e-02 -2.482029841430509087e+00 3.376592280559614218e-02
-7.500000000000000000e+00 -7.500000000000000000e+00 -7.500000000000000000e+00 4.487594752735382664e-01 4.487594752735380998e-01 4.002400812590636292e-01 -3.751155407271394626e+00 -3.751155407271394626e+00 -3.751155407271394626e+00 2.327860549420253736e-02 2.327860549420255470e-02 1.596357764873323343e-02 -2.356991327854795593e+00 3.583717955842317948e-02
-7.250000000000000000e+00 -7.250000000000000000e+00 -7.250000000000000000e+00 4.768110154765733966e-01 4.768110154765730635e-01 4.264507226285335073e-01 -3.626116893695682020e+00 -3.626116893695682020e+00 -3.626116893695682020e+00 2.462098194864209902e-02 2.462098194864213371e-02 1.680396026932584261e-02 -2.231952814279082986e+00 3.807557485890883386e-02
-7.000000000000000000e+00 -7.000000000000000000e+00 -7.000000000000000000e+00 5.077061969435162636e-01 5.077061969435163746e-01 4.554743467924062261e-01 -3.501078380119968525e+00 -3.501078380119968525e+00 -3.501078380119968525e+00 2.606925472659015267e-02 2.606925472659019083e-02 1.770540284214257298e-02 -2.106914300703369491e+00 4.049788953921577839e-02
-6.750000000000000000e+00 -6.750000000000000000e+00 -6.750000000000000000e+00 5.422539248277152835e-01 5.422539248277152835e-01 4.886530683387833029e-01 -3.376039866544255474e+00 -3.376039866544255474e+00 -3.376039866544255474e+00 2.763439057633534923e-02 2.763439057633539087e-02 1.867379348118625507e-02 -1.981875787127656663e+00 4.312288919584800206e-02
-6.500000000000000000e+00 -6.500000000000000000e+00 -6.500000000000000000e+00 5.805841661237188811e-01 5.805841661237191031e-01 5.256338486157270395e-01 -3.251001352968541980e+00 -3.251001352968541980e+00 -3.251001352968541980e+00 2.932876809049746181e-02 2.932876809049750344e-02 1.971576289602317011e-02 -1.856837273551943168e+00 4.597162991636375567e-02
-6.250000000000000000e+00 -6.250000000000000000e+00 -6.250000000000000000e+00 6.238286860696098390e-01 6.238286860696093949e-01 5.682189030974743593e-01 -3.125962839392828929e+00 -3.125962839392828929e+00 -3.125962839392828929e+00 3.116644466203998334e-02 3.116644466204001804e-02 2.083876468183001526e-02 -1.731798759976230118e+00 4.906774244953542724e-02
-6.000000000000000000e+00 -6.000000000000000000e+00 -6.000000000000000000e+00 6.722223118803292152e-01 6.722223118803288822e-01 6.160433255802209018e-01 -3.000924325817115879e+00 -3.000924325817115879e+00 -3.000924325817115879e+00 3.316338810277574822e-02 3.316338810277580373e-02 2.205123787599261309e-02 -1.606760246400517067e+00 5.243783586283476406e-02
-5.750000000000000000e+00 -5.750000000000000000e+00 -5.750000000000000000e+00 7.273938841731707461e-01 7.273938841731707461e-01 6.715910413183687755e-01 -2.875885812241402384e+00 -2.875885812241402384e+00 -2.875885812241402384e+00 3.533784775016871743e-02 3.533784775016879376e-02 2.336272673878412795e-02 -1.481721732824803572e+00 5.611188613325654440e-02
-5.500000000000000000e+00 -5.500000000000000000e+00 -5.500000000000000000e+00 7.897675928390126554e-01 7.897675928390121003e-01 7.345259378073660805e-01 -2.750847298665689333e+00 -2.750847298665689333e+00 -2.750847298665689333e+00 3.771070067601382803e-02 3.771070067601385578e-02 2.478410186654825265e-02 -1.356683219249090522e+00 6.012377543447463418e-02
-5.250000000000000000e+00 -5.250000000000000000e+00 -5.250000000000000000e+00 8.617675055969123976e-01 8.617675055969122866e-01 8.083784407993378496e-01 -2.625808785089976283e+00 -2.625808785089976283e+00 -2.625808785089976283e+00 4.030598082194871562e-02 4.030598082194875725e-02 2.632773957922520183e-02 -1.231644705673377471e+00 6.451182805725055869e-02
-5.000000000000000000e+00 -5.000000000000000000e+00 -5.000000000000000000e+00 9.441707257953190213e-01 9.441707257953185772e-01 8.929364895983442629e-01 -2.500770271514262788e+00 -2.500770271514262788e+00 -2.500770271514262788e+00 4.315140583802543062e-02 4.315140583802545143e-02 2.800782929677659433e-02 -1.106606192097663977e+00 6.931954037779568256e-02
-4.750000000000000000e+00 -4.750000000000000000e+00 -4.750000000000000000e+00 1.040732483317764245e+00 1.040732483317763357e+00 9.934070036346579480e-01 -2.375731757938550182e+00 -2.375731757938550182e+00 -2.375731757938550182e+00 4.627915423426657432e-02 4.627915423426656738e-02 2.984064467990709887e-02 -9.815676785219513700e-01 7.459632774323926574e-02
-4.500000000000000000e+00 -4.500000000000000000e+00 -4.500000000000000000e+00 1.152914429155373455e+00 1.152914429155373899e+00 1.109921870244119368e+00 -2.250693244362836687e+00 -2.250693244362836687e+00 -2.250693244362836687e+00 4.972668721980871842e-02 4.972668721980878087e-02 3.184498168026809323e-02 -8.565291649462378754e-01 8.039852701383490285e-02
-4.250000000000000000e+00 -4.250000000000000000e+00 -4.250000000000000000e+00 1.286823444806628247e+00 1.286823444806628025e+00 1.250517610170237104e+00 -2.125654730787123636e+00 -2.125654730787123636e+00 -2.125654730787123636e+00 5.353793282284960431e-02 5.353793282284961125e-02 3.404257513800811735e-02 -7.314906513705248248e-01 8.679045023071091380e-02
-4.000000000000000000e+00 -4.000000000000000000e+00 -4.000000000000000000e+00 1.445316494229553994e+00 1.445316494229553772e+00 1.416188290592066190e+00 -2.000616217211410586e+00 -2.000616217211410586e+00 -2.000616217211410586e+00 5.776461444181300864e-02 5.776461444181302252e-02 3.645874295432499634e-02 -6.064521377948117742e-01 9.384578254143871590e-02
-3.750000000000000000e+00 -3.750000000000000000e+00 -3.750000000000000000e+00 1.638932179518920451e+00 1.638932179518920007e+00 1.620065894137498130e+00 -1.875577703635697313e+00 -1.875577703635697313e+00 -1.875577703635697313e+00 6.246814689534441883e-02 6.246814689534439108e-02 3.912304491667729228e-02 -4.814136242190985016e-01 1.016490853160451346e-01
-3.500000000000000000e+00 -3.500000000000000000e+00 -3.500000000000000000e+00 1.873550311107524458e+00 1.873550311107523791e+00 1.865285464598841259e+00 -1.750539190059984263e+00 -1.750539190059984263e+00 -1.750539190059984263e+00 6.772190509939852998e-02 6.772190509939847447e-02 4.207027440558133713e-02 -3.563751106433854510e-01 1.102977646663601402e-01
-3.250000000000000000e+00 -3.250000000000000000e+00 -3.250000000000000000e+00 2.168739800846649413e+00 2.168739800846648524e+00 2.174931405852490229e+00 -1.625500676484270990e+00 -1.625500676484270990e+00 -1.625500676484270990e+00 7.361449489572456650e-02 7.361449489572449711e-02 4.534155716517475343e-02 -2.313365970676721783e-01 1.199042061169643264e-01
-3.000000000000000000e+00 -3.000000000000000000e+00 -3.000000000000000000e+00 2.537439427590098884e+00 2.537439427590099328e+00 2.557656625557156893e+00 -1.500462162908557939e+00 -1.500462162908557939e+00 -1.500462162908557939e+00 8.025399306524062804e-02 8.025399306524055865e-02 4.898600025453288959e-02 -1.062980834919591278e-01 1.305984744672764875e-01
-2.750000000000000000e+00 -2.750000000000000000e+00 -2.750000000000000000e+00 3.019464079189966732e+00 3.019464079189966288e+00 3.058078199427205934e+00 -1.375423649332844667e+00 -1.375423649332844667e+00 -1.375423649332844667e+00 8.777432027404888371e-02 8.777432027404888371e-02 5.306271650039862120e-02 1.874043008375414487e-02 1.425310541983805246e-01
-2.500000000000000000e+00 -2.500000000000000000e+00 -2.500000000000000000e+00 3.645846721111244193e+00 3.645846721111245525e+00 3.700118233127425160e+00 -1.250385135757131394e+00 -1.250385135757131394e+00 -1.250385135757131394e+00 9.634448493122393931e-02 9.634448493122384216e-02 5.764397028026677777e-02 1.437789436594674175e-01 1.558756533549426615e-01
-2.250000000000000000e+00 -2.250000000000000000e+00 -2.250000000000000000e+00 4.507532912559503835e+00 4.507532912559509164e+00 4.581386383895257097e+00 -1.125346622181418343e+00 -1.125346622181418343e+00 -1.125346622181418343e+00 1.061838471165605924e-01 1.061838471165605091e-01 6.281963629694534146e-02 2.688174572351804681e-01 1.708299875754572261e-01
-2.000000000000000000e+00 -2.000000000000000000e+00 -2.000000000000000000e+00 5.687759017972727982e+00 5.687759017972727094e+00 5.772655906609295506e+00 -1.000308108605705293e+00 -1.000308108605705293e+00 -1.000308108605705293e+00 1.175884403739742984e-01 1.175884403739742151e-01 6.870482612151836144e-02 3.938559708108935187e-01 1.876104912347905662e-01
-1.750000000000000000e+00 -1.750000000000000000e+00 -1.750000000000000000e+00 7.428022771664207546e+00 7.428022771664209323e+00 7.525198406446770960e+00 -8.752695950299921313e-01 -8.752695950299921313e-01 -8.752695950299921313e-01 1.309838429206048316e-01 1.309838429206047206e-01 7.545333196665771069e-02 5.188944843866066803e-01 2.064276896387570170e-01
-1.500000000000000000e+00 -1.500000000000000000e+00 -1.500000000000000000e+00 9.987761596083972293e+00 9.987761596083966964e+00 1.007574103886408956e+01 -7.502310814542789696e-01 -7.502310814542789696e-01 -7.502310814542789696e-01 1.470455629537756603e-01 1.470455629537755771e-01 8.328737639416385063e-02 6.439329979623198419e-01 2.274074625309172315e-01
-1.250000000000000000e+00 -1.250000000000000000e+00 -1.250000000000000000e+00 1.415683296386875334e+01 1.415683296386876400e+01 1.423111830757760110e+01 -6.251925678785656970e-01 -6.251925678785656970e-01 -6.251925678785656970e-01 1.669826183721734303e-01 1.669826183721734303e-01 9.258135339458156698e-02 7.689715115380331145e-01 2.503142458463942788e-01
-1.000000000000000000e+00 -1.000000000000000000e+00 -1.000000000000000000e+00 2.094269822810631254e+01 2.094269822810630899e+01 2.095678900278511136e+01 -5.001540543028526464e-01 -5.001540543028526464e-01 -5.001540543028526464e-01 1.929797839456503794e-01 1.929797839456502961e-01 1.041420676286969743e-01 8.940100251137461651e-01 2.735566693816523509e-01
-7.500000000000000000e-01 -7.500000000000000000e-01 -7.500000000000000000e-01 3.395973712034356851e+01 3.395973712034356851e+01 3.390865743113027975e+01 -3.751155407271394848e-01 -3.751155407271394848e-01 -3.751155407271394848e-01 2.278011036319482208e-01 2.278011036319480542e-01 1.199724841460522301e-01 1.019048538689459438e+00 2.918308653571795031e-01
-5.000000000000000000e-01 -5.000000000000000000e-01 -5.000000000000000000e-01 5.903019109083840732e+01 5.903019109083841442e+01 5.883042816438959477e+01 -2.500770271514263232e-01 -2.500770271514263232e-01 -2.500770271514263232e-01 2.707943097377550901e-01 2.707943097377548680e-01 1.442083972751052601e-01 1.144087052265172488e+00 2.946566344152787287e-01
-2.500000000000000000e-01 -2.500000000000000000e-01 -2.500000000000000000e-01 1.340981019154433511e+02 1.340981019154432943e+02 1.338229987984854290e+02 -1.250385135757131616e-01 -1.250385135757131616e-01 -1.250385135757131616e-01 3.107988392530545707e-01 3.107988392530544597e-01 1.813827971239276027e-01 1.269125565840885539e+00 2.725236980269450382e-01
0.000000000000000000e+00 0.000000000000000000e+00 0.000000000000000000e+00 3.352252400308778988e+02 3.352252400308780125e+02 3.347637901572696819e+02 0.000000000000000000e+00 0.000000000000000000e+00 0.000000000000000000e+00 3.277691509076271492e-01 3.277691509076269272e-01 2.290642665054662408e-01 1.394164079416598812e+00 2.290642665054662408e-01
2.500000000000000000e-01 2.500000000000000000e-01 2.500000000000000000e-01 1.340981019154434080e+02 1.340981019154433795e+02 1.338229987984854574e+02 1.250385135757131616e-01 1.250385135757131616e-01 1.250385135757131616e-01 3.107988392530544597e-01 3.107988392530541821e-01 2.725236980269450382e-01 1.519202592992312084e+00 1.813827971239276027e-01
5.000000000000000000e-01 5.000000000000000000e-01 5.000000000000000000e-01 5.903019109083850680e+01 5.903019109083850680e+01 5.883042816438965872e+01 2.500770271514263232e-01 2.500770271514263232e-01 2.500770271514263232e-01 2.707943097377549235e-01 2.707943097377546460e-01 2.946566344152787287e-01 1.644241106568025135e+00 1.442083972751052601e-01
7.500000000000000000e-01 7.500000000000000000e-01 7.500000000000000000e-01 3.395973712034356851e+01 3.395973712034356851e+01 3.390865743113029396e+01 3.751155407271394848e-01 3.751155407271394848e-01 3.751155407271394848e-01 2.278011036319481653e-01 2.278011036319479710e-01 2.918308653571795031e-01 1.769279620143738185e+00 1.199724841460522301e-01
1.000000000000000000e+00 1.000000000000000000e+00 1.000000000000000000e+00 2.094269822810638004e+01 2.094269822810638715e+01 2.095678900278516821e+01 5.001540543028526464e-01 5.001540543028526464e-01 5.001540543028526464e-01 1.929797839456501574e-01 1.929797839456501019e-01 2.735566693816523509e-01 1.894318133719451458e+00 1.041420676286969743e-01
1.250000000000000000e+00 1.250000000000000000e+00 1.250000000000000000e+00 1.415683296386879775e+01 1.415683296386879775e+01 1.423111830757764729e+01 6.251925678785656970e-01 6.251925678785656970e-01 6.251925678785656970e-01 1.669826183721732360e-01 1.669826183721731805e-01 2.503142458463942788e-01 2.019356647295164287e+00 9.258135339458156698e-02
1.500000000000000000e+00 1.500000000000000000e+00 1.500000000000000000e+00 9.987761596083972293e+00 9.987761596083966964e+00 1.007574103886409134e+01 7.502310814542789696e-01 7.502310814542789696e-01 7.502310814542789696e-01 1.470455629537756326e-01 1.470455629537755771e-01 2.274074625309172315e-01 2.144395160870877781e+00 8.328737639416385063e-02
1.750000000000000000e+00 1.750000000000000000e+00 1.750000000000000000e+00 7.428022771664234192e+00 7.428022771664236856e+00 7.525198406446799382e+00 8.752695950299921313e-01 8.752695950299921313e-01 8.752695950299921313e-01 1.309838429206050259e-01 1.309838429206048593e-01 2.064276896387570170e-01 2.269433674446590832e+00 7.545333196665771069e-02
2.000000000000000000e+00 2.000000000000000000e+00 2.000000000000000000e+00 5.687759017972743969e+00 5.687759017972742193e+00 5.772655906609307941e+00 1.000308108605705293e+00 1.000308108605705293e+00 1.000308108605705293e+00 1.175884403739744927e-01 1.175884403739744094e-01 1.876104912347905662e-01 2.394472188022303882e+00 6.870482612151836144e-02
2.250000000000000000e+00 2.250000000000000000e+00 2.250000000000000000e+00 4.507532912559503835e+00 4.507532912559509164e+00 4.581386383895258874e+00 1.125346622181418343e+00 1.125346622181418343e+00 1.125346622181418343e+00 1.061838471165605507e-01 1.061838471165604536e-01 1.708299875754572261e-01 2.519510701598017377e+00 6.281963629694534146e-02
2.500000000000000000e+00 2.500000000000000000e+00 2.500000000000000000e+00 3.645846721111259736e+00 3.645846721111263289e+00 3.700118233127434930e+00 1.250385135757131394e+00 1.250385135757131394e+00 1.250385135757131394e+00 9.634448493122366175e-02 9.634448493122356461e-02 1.558756533549426615e-01 2.644549215173729984e+00 5.764397028026677777e-02
2.750000000000000000e+00 2.750000000000000000e+00 2.750000000000000000e+00 3.019464079189975614e+00 3.019464079189975170e+00 3.058078199427212596e+00 1.375423649332844667e+00 1.375423649332844667e+00 1.375423649332844667e+00 8.777432027404859227e-02 8.777432027404859227e-02 1.425310541983805246e-01 2.769587728749443478e+00 5.306271650039862120e-02
3.000000000000000000e+00 3.000000000000000000e+00 3.000000000000000000e+00 2.537439427590098884e+00 2.537439427590099328e+00 2.557656625557157781e+00 1.500462162908557939e+00 1.500462162908557939e+00 1.500462162908557939e+00 8.025399306524061416e-02 8.025399306524051701e-02 1.305984744672764875e-01 2.894626242325156973e+00 4.898600025453288959e-02
3.250000000000000000e+00 3.250000000000000000e+00 3.250000000000000000e+00 2.168739800846659183e+00 2.168739800846657850e+00 2.174931405852494226e+00 1.625500676484270990e+00 1.625500676484270990e+00 1.625500676484270990e+00 7.361449489572483018e-02 7.361449489572474691e-02 1.199042061169643264e-01 3.019664755900869579e+00 4.534155716517475343e-02
3.500000000000000000e+00 3.500000000000000000e+00 3.500000000000000000e+00 1.873550311107530453e+00 1.873550311107530231e+00 1.865285464598844145e+00 1.750539190059984263e+00 1.750539190059984263e+00 1.750539190059984263e+00 6.772190509939876590e-02 6.772190509939872427e-02 1.102977646663601402e-01 3.144703269476583074e+00 4.207027440558133713e-02
3.750000000000000000e+00 3.750000000000000000e+00 3.750000000000000000e+00 1.638932179518920451e+00 1.638932179518920229e+00 1.620065894137497908e+00 1.875577703635697313e+00 1.875577703635697313e+00 1.875577703635697313e+00 6.246814689534440496e-02 6.246814689534436332e-02 1.016490853160451346e-01 3.269741783052296125e+00 3.912304491667729228e-02
4.000000000000000000e+00 4.000000000000000000e+00 4.000000000000000000e+00 1.445316494229559989e+00 1.445316494229559323e+00 1.416188290592069521e+00 2.000616217211410586e+00 2.000616217211410586e+00 2.000616217211410586e+00 5.776461444181280047e-02 5.776461444181277272e-02 9.384578254143871590e-02 3.394780296628009175e+00 3.645874295432499634e-02
4.250000000000000000e+00 4.250000000000000000e+00 4.250000000000000000e+00 1.286823444806631800e+00 1.286823444806631134e+00 1.250517610170239324e+00 2.125654730787123636e+00 2.125654730787123636e+00 2.125654730787123636e+00 5.353793282284936839e-02 5.353793282284938226e-02 8.679045023071091380e-02 3.519818810203722670e+00 3.404257513800811735e-02
4.500000000000000000e+00 4.500000000000000000e+00 4.500000000000000000e+00 1.152914429155373455e+00 1.152914429155373899e+00 1.109921870244119368e+00 2.250693244362836687e+00 2.250693244362836687e+00 2.250693244362836687e+00 4.972668721980871148e-02 4.972668721980876699e-02 8.039852701383490285e-02 3.644857323779435276e+00 3.184498168026809323e-02
4.750000000000000000e+00 4.750000000000000000e+00 4.750000000000000000e+00 1.040732483317768242e+00 1.040732483317767132e+00 9.934070036346582810e-01 2.375731757938550182e+00 2.375731757938550182e+00 2.375731757938550182e+00 4.627915423426679636e-02 4.627915423426680330e-02 7.459632774323926574e-02 3.769895837355148771e+00 2.984064467990709887e-02
5.000000000000000000e+00 5.000000000000000000e+00 5.000000000000000000e+00 9.441707257953216859e-01 9.441707257953204646e-01 8.929364895983458172e-01 2.500770271514262788e+00 2.500770271514262788e+00 2.500770271514262788e+00 4.315140583802565266e-02 4.315140583802567348e-02 6.931954037779568256e-02 3.894934350930861378e+00 2.800782929677659433e-02
5.250000000000000000e+00 5.250000000000000000e+00 5.250000000000000000e+00 8.617675055969123976e-01 8.617675055969122866e-01 8.083784407993378496e-01 2.625808785089976283e+00 2.625808785089976283e+00 2.625808785089976283e+00 4.030598082194869480e-02 4.030598082194875031e-02 6.451182805725055869e-02 4.019972864506574872e+00 2.632773957922520183e-02
5.500000000000000000e+00 5.500000000000000000e+00 5.500000000000000000e+00 7.897675928390158751e-01 7.897675928390156530e-01 7.345259378073671908e-01 2.750847298665689333e+00 2.750847298665689333e+00 2.750847298665689333e+00 3.771070067601359904e-02 3.771070067601361986e-02 6.012377543447463418e-02 4.145011378082288367e+00 2.478410186654825265e-02
5.750000000000000000e+00 5.750000000000000000e+00 5.750000000000000000e+00 7.273938841731731886e-01 7.273938841731729665e-01 6.715910413183691086e-01 2.875885812241402384e+00 2.875885812241402384e+00 2.875885812241402384e+00 3.533784775016849539e-02 3.533784775016856478e-02 5.611188613325654440e-02 4.270049891658000973e+00 2.336272673878412795e-02
6.000000000000000000e+00 6.000000000000000000e+00 6.000000000000000000e+00 6.722223118803292152e-01 6.722223118803288822e-01 6.160433255802207908e-01 3.000924325817115879e+00 3.000924325817115879e+00 3.000924325817115879e+00 3.316338810277573435e-02 3.316338810277578292e-02 5.243783586283476406e-02 4.395088405233714468e+00 2.205123787599261309e-02
6.250000000000000000e+00 6.250000000000000000e+00 6.250000000000000000e+00 6.238286860696125036e-01 6.238286860696123926e-01 5.682189030974746924e-01 3.125962839392828929e+00 3.125962839392828929e+00 3.125962839392828929e+00 3.116644466204020539e-02 3.116644466204024702e-02 4.906774244953542724e-02 4.520126918809427963e+00 2.083876468183001526e-02
6.500000000000000000e+00 6.500000000000000000e+00 6.500000000000000000e+00 5.805841661237207685e-01 5.805841661237207685e-01 5.256338486157275947e-01 3.251001352968541980e+00 3.251001352968541980e+00 3.251001352968541980e+00 2.932876809049769079e-02 2.932876809049771855e-02 4.597162991636375567e-02 4.645165432385140569e+00 1.971576289602317011e-02
6.750000000000000000e+00 6.750000000000000000e+00 6.750000000000000000e+00 5.422539248277151724e-01 5.422539248277152835e-01 4.886530683387831919e-01 3.376039866544255474e+00 3.376039866544255474e+00 3.376039866544255474e+00 2.763439057633533188e-02 2.763439057633538740e-02 4.312288919584800206e-02 4.770203945960854064e+00 1.867379348118625507e-02
7.000000000000000000e+00 7.000000000000000000e+00 7.000000000000000000e+00 5.077061969435182620e-01 5.077061969435183730e-01 4.554743467924060041e-01 3.501078380119968525e+00 3.501078380119968525e+00 3.501078380119968525e+00 2.606925472658993062e-02 2.606925472658996185e-02 4.049788953921577839e-02 4.895242459536567559e+00 1.770540284214257298e-02
7.250000000000000000e+00 7.250000000000000000e+00 7.250000000000000000e+00 4.768110154765748954e-01 4.768110154765747288e-01 4.264507226285335628e-01 3.626116893695682020e+00 3.626116893695682020e+00 3.626116893695682020e+00 2.462098194864187697e-02 2.462098194864190820e-02 3.807557485890883386e-02 5.020280973112281053e+00 1.680396026932584261e-02
7.500000000000000000e+00 7.500000000000000000e+00 7.500000000000000000e+00 4.487594752735382664e-01 4.487594752735380998e-01 4.002400812590638512e-01 3.751155407271394626e+00 3.751155407271394626e+00 3.751155407271394626e+00 2.327860549420252695e-02 2.327860549420255123e-02 3.583717955842317948e-02 5.145319486687993660e+00 1.596357764873323343e-02
7.750000000000000000e+00 7.750000000000000000e+00 7.750000000000000000e+00 4.234810684807618908e-01 4.234810684807618908e-01 3.771675922895310618e-01 3.876193920847107677e+00 3.876193920847107677e+00 3.876193920847107677e+00 2.203241350660374923e-02 2.203241350660377004e-02 3.376592280559614218e-02 5.270358000263706266e+00 1.517898754195580110e-02
8.000000000000000000e+00 8.000000000000000000e+00 8.000000000000000000e+00 4.003835747853530247e-01 4.003835747853532467e-01 3.562111125728033012e-01 4.001232434422821171e+00 4.001232434422821171e+00 4.001232434422821171e+00 2.087375262465491349e-02 2.087375262465493778e-02 3.184679930863517500e-02 5.395396513839419761e+00 1.444548944257151996e-02
8.250000000000000000e+00 8.250000000000000000e+00 8.250000000000000000e+00 3.794307441734251496e-01 3.794307441734253161e-01 3.376631998924821687e-01 4.126270947998534666e+00 4.126270947998534666e+00 4.126270947998534666e+00 1.979492072730221208e-02 1.979492072730224331e-02 3.006634522897621772e-02 5.520435027415133256e+00 1.375885660697802500e-02
8.500000000000000000e+00 8.500000000000000000e+00 8.500000000000000000e+00 3.601799383521399056e-01 3.601799383521399611e-01 3.207300202940059353e-01 4.251309461574247273e+00 4.251309461574247273e+00 4.251309461574247273e+00 1.878901948389583021e-02 1.878901948389585103e-02 2.841248331738790989e-02 5.645473540990845862e+00 1.311530036197367660e-02
8.750000000000000000e+00 8.750000000000000000e+00 8.750000000000000000e+00 3.426147965568445142e-01 3.426147965568445142e-01 3.056718296173868143e-01 4.376347975149959879e+00 4.376347975149959879e+00 4.376347975149959879e+00 1.784988075856008827e-02 1.784988075856011949e-02 2.687434183818908709e-02 5.770512054566558469e+00 1.251139764310176677e-02
9.000000000000000000e+00 9.000000000000000000e+00 9.000000000000000000e+00 3.263984942549025270e-01 3.263984942549026380e-01 2.918613777641794194e-01 4.501386488725673374e+00 4.501386488725673374e+00 4.501386488725673374e+00 1.697195383253655848e-02 1.697195383253657583e-02 2.544213948450134086e-02 5.895550568142271963e+00 1.194406769010704708e-02
9.250000000000000000e+00 9.250000000000000000e+00 9.250000000000000000e+00 3.115261904308218033e-01 3.115261904308218033e-01 2.795290469709343362e-01 4.626425002301386868e+00 4.626425002301386868e+00 4.626425002301386868e+00 1.615025493704605811e-02 1.615025493704607892e-02 2.410704393598869094e-02 6.020589081717985458e+00 1.141051475339394453e-02
9.500000000000000000e+00 9.500000000000000000e+00 9.500000000000000000e+00 2.977375283684264295e-01 2.977375283684263185e-01 2.681715454656663500e-01 4.751463515877100363e+00 4.751463515877100363e+00 4.751463515877100363e+00 1.538027950580971893e-02 1.538027950580974322e-02 2.286108610392824370e-02 6.145627595293698953e+00 1.090821335113976477e-02
9.750000000000000000e+00 9.750000000000000000e+00 9.750000000000000000e+00 2.850342321409143342e-01 2.850342321409142787e-01 2.579925347238560818e-01 4.876502029452812970e+00 4.876502029452812970e+00 4.876502029452812970e+00 1.465796778963981972e-02 1.465796778963984748e-02 2.169704860302903646e-02 6.270666108869411559e+00 1.043486226666252327e-02
1.000000000000000000e+01 1.000000000000000000e+01 1.000000000000000000e+01 2.732122542193896608e-01 2.732122542193895498e-01 2.485825892353246136e-01 5.001540543028525576e+00 5.001540543028525576e+00 5.001540543028525576e+00 1.397963549510621017e-02 1.397963549510622232e-02 2.060840176290246184e-02 6.395704622445124166e+00 9.988375751356824706e-03
1.025000000000000000e+01 1.025000000000000000e+01 1.025000000000000000e+01 2.622769186895367866e-01 2.622769186895368421e-01 2.401218763830458569e-01 5.126579056604239071e+00 5.126579056604239071e+00 5.126579056604239071e+00 1.334195068804113100e-02 1.334195068804114662e-02 1.958921487990893454e-02 6.520743136020837660e+00 9.566846057428751368e-03
1.050000000000000000e+01 1.050000000000000000e+01 1.050000000000000000e+01 2.520663395781927441e-01 2.520663395781926330e-01 2.322731750732449085e-01 5.251617570179952565e+00 5.251617570179952565e+00 5.251617570179952565e+00 1.274187815702788017e-02 1.274187815702789058e-02 1.863410847301938053e-02 6.645781649596551155e+00 9.168538779239019179e-03
1.075000000000000000e+01 1.075000000000000000e+01 1.075000000000000000e+01 2.425876577671907397e-01 2.425876577671907119e-01 2.251961722233334906e-01 5.376656083755666060e+00 5.376656083755666060e+00 5.376656083755666060e+00 1.217666429911151184e-02 1.217666429911153786e-02 1.773818303086906537e-02 6.770820163172264650e+00 8.791861934373519302e-03
1.100000000000000000e+01 1.100000000000000000e+01 1.100000000000000000e+01 2.337110285967840539e-01 2.337110285967841095e-01 2.186099849894028724e-01 5.501694597331378667e+00 5.501694597331378667e+00 5.501694597331378667e+00 1.164379188376610252e-02 1.164379188376610773e-02 1.689698344957525633e-02 6.895858676747977256e+00 8.435364182706886829e-03
1.125000000000000000e+01 1.125000000000000000e+01 1.125000000000000000e+01 2.254443396475573347e-01 2.254443396475574179e-01 2.126565118282194300e-01 5.626733110907092161e+00 5.626733110907092161e+00 5.626733110907092161e+00 1.114097061062372523e-02 1.114097061062372523e-02 1.610644132676609594e-02 7.020897190323690751e+00 8.097709002958851723e-03
1.150000000000000000e+01 1.150000000000000000e+01 1.150000000000000000e+01 2.176824236197688611e-01 2.176824236197689444e-01 2.070994049701837258e-01 5.751771624482804768e+00 5.751771624482804768e+00 5.751771624482804768e+00 1.066609986708276329e-02 1.066609986708276156e-02 1.536284857221414078e-02 7.145935703899403357e+00 7.777674902839511531e-03
1.175000000000000000e+01 1.175000000000000000e+01 1.175000000000000000e+01 2.104332801485973292e-01 2.104332801485973570e-01 2.020651221090454530e-01 5.876810138058518262e+00 5.876810138058518262e+00 5.876810138058518262e+00 1.021726332623479339e-02 1.021726332623478298e-02 1.466281027572205117e-02 7.270974217475116852e+00 7.474133614716041082e-03
1.200000000000000000e+01 1.200000000000000000e+01 1.200000000000000000e+01 2.036109780491279775e-01 2.036109780491278665e-01 1.973529460743170816e-01 6.001848651634231757e+00 6.001848651634231757e+00 6.001848651634231757e+00 9.792697931094220334e-03 9.792697931094216865e-03 1.400322524775561746e-02 7.396012731050830347e+00 7.186051668868501975e-03
1.225000000000000000e+01 1.225000000000000000e+01 1.225000000000000000e+01 1.972232624210804586e-01 1.972232624210804863e-01 1.930759139304815131e-01 6.126887165209944364e+00 6.126887165209944364e+00 6.126887165209944364e+00 9.390791368975805534e-03 9.390791368975802064e-03 1.338124720556037317e-02 7.521051244626542953e+00 6.912471800763432886e-03
1.250000000000000000e+01 1.250000000000000000e+01 1.250000000000000000e+01 1.911993614847988798e-01 1.911993614847991296e-01 1.890621357215890863e-01 6.251925678785657858e+00 6.251925678785657858e+00 6.251925678785657858e+00 9.010055968137802018e-03 9.010055968137800284e-03 1.279427056263477552e-02 7.646089758202256448e+00 6.652515440123056394e-03
1.275000000000000000e+01 1.275000000000000000e+01 1.275000000000000000e+01 1.855465648411533108e-01 1.855465648411533663e-01 1.854129532768056809e-01 6.376964192361371353e+00 6.376964192361371353e+00 6.376964192361371353e+00 8.649128211784514256e-03 8.649128211784509052e-03 1.223989820950233121e-02 7.771128271777969942e+00 6.405366716793660896e-03
1.300000000000000000e+01 1.300000000000000000e+01 1.300000000000000000e+01 1.802061670650693115e-01 1.802061670650692005e-01 1.819800455177549570e-01 6.502002705937083959e+00 6.502002705937083959e+00 6.502002705937083959e+00 8.306746557800394684e-03 8.306746557800396419e-03 1.171593128530896109e-02 7.896166785353682549e+00 6.170275545713035763e-03
1.325000000000000000e+01 1.325000000000000000e+01 1.325000000000000000e+01 1.751849034859252752e-01 1.751849034859252752e-01 1.788545270511757712e-01 6.627041219512798342e+00 6.627041219512798342e+00 6.627041219512798342e+00 7.981752386409895345e-03 7.981752386409900549e-03 1.122034222714710094e-02 8.021205298929396932e+00 5.946543760791890738e-03
1.350000000000000000e+01 1.350000000000000000e+01 1.350000000000000000e+01 1.704337612489272846e-01 1.704337612489273124e-01 1.759075385402718295e-01 6.752079733088510949e+00 6.752079733088510949e+00 6.752079733088510949e+00 7.673070989780185480e-03 7.673070989780188950e-03 1.075126756476494846e-02 8.146243812505110427e+00 5.733528566447824298e-03
1.375000000000000000e+01 1.375000000000000000e+01 1.375000000000000000e+01 1.659588851726285785e-01 1.659588851726285230e-01 1.732212144148534139e-01 6.877118246664223555e+00 6.877118246664223555e+00 6.877118246664223555e+00 7.379713512019188751e-03 7.379713512019194822e-03 1.030698521135384876e-02 8.271282326080822145e+00 5.530630434489803432e-03
1.400000000000000000e+01 1.400000000000000000e+01 1.400000000000000000e+01 1.617191140267109084e-01 1.617191140267109917e-01 1.706829181042992805e-01 7.002156760239937050e+00 7.002156760239937050e+00 7.002156760239937050e+00 7.100760529078047230e-03 7.100760529078055903e-03 9.885909552124705346e-03 8.396320839656535640e+00 5.337296757823294623e-03
1.425000000000000000e+01 1.425000000000000000e+01 1.425000000000000000e+01 1.577200034590702515e-01 1.577200034590702238e-01 1.683668630409038414e-01 7.127195273815649657e+00 7.127195273815649657e+00 7.127195273815649657e+00 6.835364658253898461e-03 6.835364658253907134e-03 9.486572175945919699e-03 8.521359353232249134e+00 5.153011224505009945e-03
1.450000000000000000e+01 1.450000000000000000e+01 1.450000000000000000e+01 1.539268024052838357e-01 1.539268024052837802e-01 1.661740584718617575e-01 7.252233787391364039e+00 7.252233787391364039e+00 7.252233787391364039e+00 6.582736278011846673e-03 6.582736278011870092e-03 9.107618701032844238e-03 8.646397866807962629e+00 4.977297556141487347e-03
1.475000000000000000e+01 1.475000000000000000e+01 1.475000000000000000e+01 1.503445005084224073e-01 1.503445005084224073e-01 1.641716971396999514e-01 7.377272300967076646e+00 7.377272300967076646e+00 7.377272300967076646e+00 6.342146570129120892e-03 6.342146570129150382e-03 8.747792319461968058e-03 8.771436380383676124e+00 4.809710133371376470e-03
1.500000000000000000e+01 1.500000000000000000e+01 1.500000000000000000e+01 1.469436182484846198e-01 1.469436182484845921e-01 1.622723672159948616e-01 7.502310814542789252e+00 7.502310814542789252e+00 7.502310814542789252e+00 6.112915026221411342e-03 6.112915026221450374e-03 8.405931933389267086e-03 8.896474893959387842e+00 4.649837735653855088e-03
1.525000000000000000e+01 1.525000000000000000e+01 1.525000000000000000e+01 1.437286143139763495e-01 1.437286143139762384e-01 1.605370070499303470e-01 7.627349328118502747e+00 7.627349328118502747e+00 7.627349328118502747e+00 5.894412748517780659e-03 5.894412748517831833e-03 8.080958016894117246e-03 9.021513407535101337e+00 4.497295238580323144e-03
1.550000000000000000e+01 1.550000000000000000e+01 1.550000000000000000e+01 1.406743740399270526e-01 1.406743740399269971e-01 1.588881135857672655e-01 7.752387841694215354e+00 7.752387841694215354e+00 7.752387841694215354e+00 5.686051463738035945e-03 5.686051463738094926e-03 7.771871734836365876e-03 9.146551921110814831e+00 4.351727296867190231e-03
1.575000000000000000e+01 1.575000000000000000e+01 1.575000000000000000e+01 1.377848658542401017e-01 1.377848658542401017e-01 1.573810241104401930e-01 7.877426355269929736e+00 7.877426355269929736e+00 7.877426355269929736e+00 5.487286954770820638e-03 5.487286954770883088e-03 7.477742728713537325e-03 9.271590434686528326e+00 4.212800969811096065e-03
1.600000000000000000e+01 1.600000000000000000e+01 1.600000000000000000e+01 1.350386125857132580e-01 1.350386125857132580e-01 1.559467855565305483e-01 8.002464868845642343e+00 8.002464868845642343e+00 8.002464868845642343e+00 5.297609359295862158e-03 5.297609359295928078e-03 7.197708965425504007e-03 9.396628948262241821e+00 4.080209307963125059e-03
1.625000000000000000e+01 1.625000000000000000e+01 1.625000000000000000e+01 1.324391348671107582e-01 1.324391348671107582e-01 1.546356921967005638e-01 8.127503382421354061e+00 8.127503382421354061e+00 8.127503382421354061e+00 5.116546638971765718e-03 5.116546638971831637e-03 6.930966133238551478e-03 9.521667461837953539e+00 3.953664791389844245e-03
1.650000000000000000e+01 1.650000000000000000e+01 1.650000000000000000e+01 1.299680055545960333e-01 1.299680055545960333e-01 1.533862285866479658e-01 8.252541895997069332e+00 8.252541895997069332e+00 8.252541895997069332e+00 4.943655984277388685e-03 4.943655984277446798e-03 6.676768025226743029e-03 9.646705975413668810e+00 3.832902794609282897e-03
1.675000000000000000e+01 1.675000000000000000e+01 1.675000000000000000e+01 1.276283393708423641e-01 1.276283393708423086e-01 1.522441235402077764e-01 8.377580409572781051e+00 8.377580409572781051e+00 8.377580409572781051e+00 4.778527253498089135e-03 4.778527253498148115e-03 6.434417293496011783e-03 9.771744488989380528e+00 3.717675745086735945e-03
1.700000000000000000e+01 1.700000000000000000e+01 1.700000000000000000e+01 1.254042817824073119e-01 1.254042817824073397e-01 1.511543834377328810e-01 8.502618923148494545e+00 8.502618923148494545e+00 8.502618923148494545e+00 4.620775339913208400e-03 4.620775339913258707e-03 6.203266216251497427e-03 9.896783002565094023e+00 3.607756451925455982e-03
1.725000000000000000e+01 1.725000000000000000e+01 1.725000000000000000e+01 1.232985815302580640e-01 1.232985815302580640e-01 1.501585810404167109e-01 8.627657436724208040e+00 8.627657436724208040e+00 8.627657436724208040e+00 4.470043532284539295e-03 4.470043532284581796e-03 5.982708607251307174e-03 1.002182151614080752e+01 3.502932910720356601e-03
1.750000000000000000e+01 1.750000000000000000e+01 1.750000000000000000e+01 1.212975665331945119e-01 1.212975665331945119e-01 1.492074867383646752e-01 8.752695950299919758e+00 8.752695950299919758e+00 8.752695950299919758e+00 4.325996728143107796e-03 4.325996728143146827e-03 5.772180849545713310e-03 1.014686002971651924e+01 3.403011490278100726e-03
1.775000000000000000e+01 1.775000000000000000e+01 1.775000000000000000e+01 1.194036567696634826e-01 1.194036567696634826e-01 1.483388687875247247e-01 8.877734463875635029e+00 8.877734463875635029e+00 8.877734463875635029e+00 4.188324682398265712e-03 4.188324682398296070e-03 5.571154795795807760e-03 1.027189854329223451e+01 3.307812325741625332e-03
1.800000000000000000e+01 1.800000000000000000e+01 1.800000000000000000e+01 1.176050421641968574e-01 1.176050421641967741e-01 1.475086316665737973e-01 9.002772977451346748e+00 9.002772977451346748e+00 9.002772977451346748e+00 4.056735972897162687e-03 4.056735972897183504e-03 5.379138978168632353e-03 1.039693705686794623e+01 3.217172365107756008e-03
1.825000000000000000e+01 1.825000000000000000e+01 1.825000000000000000e+01 1.159038480853266662e-01 1.159038480853266939e-01 1.467510413927804735e-01 9.127811491027060242e+00 9.127811491027060242e+00 9.127811491027060242e+00 3.930961115532678220e-03 3.930961115532691230e-03 5.195672366018766648e-03 1.052197557044365972e+01 3.130941306392849392e-03
1.850000000000000000e+01 1.850000000000000000e+01 1.850000000000000000e+01 1.142898621154974231e-01 1.142898621154974509e-01 1.460266108745698621e-01 9.252850004602773737e+00 9.252850004602773737e+00 9.252850004602773737e+00 3.810747206892313790e-03 3.810747206892319428e-03 5.020325682047535598e-03 1.064701408401937321e+01 3.048984512649613107e-03
1.875000000000000000e+01 1.875000000000000000e+01 1.875000000000000000e+01 1.127649459882611865e-01 1.127649459882611588e-01 1.453663640292512937e-01 9.377888518178485455e+00 9.377888518178485455e+00 9.377888518178485455e+00 3.695860893929928375e-03 3.695860893929928375e-03 4.852695908692784832e-03 1.077205259759508493e+01 2.971179461737709707e-03
1.900000000000000000e+01 1.900000000000000000e+01 1.900000000000000000e+01 1.113202660604551142e-01 1.113202660604551419e-01 1.447349821207119525e-01 9.502927031754200726e+00 9.502927031754200726e+00 9.502927031754200726e+00 3.586083634583323715e-03 3.586083634583326751e-03 4.692407656882328915e-03 1.089709111117080020e+01 2.897418545617976710e-03
1.925000000000000000e+01 1.925000000000000000e+01 1.925000000000000000e+01 1.099574482660788388e-01 1.099574482660788249e-01 1.441604709453842281e-01 9.627965545329912445e+00 9.627965545329912445e+00 9.627965545329912445e+00 3.481214518646056060e-03 3.481214518646059963e-03 4.539108332706578465e-03 1.102212962474651192e+01 2.827606013874814361e-03
1.950000000000000000e+01 1.950000000000000000e+01 1.950000000000000000e+01 1.086688559572180635e-01 1.086688559572180357e-01 1.436113107853980719e-01 9.753004058905625939e+00 9.753004058905625939e+00 9.753004058905625939e+00 3.381066101816097499e-03 3.381066101816107908e-03 4.392469517997888914e-03 1.114716813832222542e+01 2.761660681055344915e-03
1.975000000000000000e+01 1.975000000000000000e+01 1.975000000000000000e+01 1.074559040885092465e-01 1.074559040885092465e-01 1.431126821182397146e-01 9.878042572481339434e+00 9.878042572481339434e+00 9.878042572481339434e+00 3.285467082829132256e-03 3.285467082829149604e-03 4.252182725587611012e-03 1.127220665189793891e+01 2.699513358412672544e-03
2.000000000000000000e+01 2.000000000000000000e+01 2.000000000000000000e+01 1.063120017238814025e-01 1.063120017238813608e-01 1.426365537822766039e-01 1.000308108605705115e+01 1.000308108605705115e+01 1.000308108605705115e+01 3.194258680677271225e-03 3.194258680677293776e-03 4.117960761391150151e-03 1.139724516547365063e+01 2.641109502923383052e-03
2.025000000000000000e+01 2.025000000000000000e+01 2.025000000000000000e+01 1.052383748130254759e-01 1.052383748130255453e-01 1.422054467216784801e-01 1.012811959963276642e+01 1.012811959963276642e+01 1.012811959963276642e+01 3.107297182516392375e-03 3.107297182516424467e-03 3.989534010654625061e-03 1.152228367904936590e+01 2.586407146971475991e-03
2.050000000000000000e+01 2.050000000000000000e+01 2.050000000000000000e+01 1.042293520948627816e-01 1.042293520948626984e-01 1.417945572277443111e-01 1.025315811320847814e+01 1.025315811320847814e+01 1.025315811320847814e+01 3.024450849256916235e-03 3.024450849256952231e-03 3.866651759931615494e-03 1.164732219262507762e+01 2.535379535732022911e-03
2.075000000000000000e+01 2.075000000000000000e+01 2.075000000000000000e+01 1.032859898311798558e-01 1.032859898311798558e-01 1.414238889549053468e-01 1.037819662678419164e+01 1.037819662678419164e+01 1.037819662678419164e+01 2.945602360937331961e-03 2.945602360937374029e-03 3.749078968960688468e-03 1.177236070620079111e+01 2.488013583353157736e-03
2.100000000000000000e+01 2.100000000000000000e+01 2.100000000000000000e+01 1.024034314602982748e-01 1.024034314602982332e-01 1.410716462432237694e-01 1.050323514035990513e+01 1.050323514035990513e+01 1.050323514035990513e+01 2.870646254813439147e-03 2.870646254813483383e-03 3.636597538456863392e-03 1.189739921977650461e+01 2.444312563558949207e-03
2.125000000000000000e+01 2.125000000000000000e+01 2.125000000000000000e+01 1.015825804064541260e-01 1.015825804064541538e-01 1.407554370570070768e-01 1.062827365393561863e+01 1.062827365393561863e+01 1.062827365393561863e+01 2.799491312706334657e-03 2.799491312706380193e-03 3.529003533227538687e-03 1.202243773335221810e+01 2.404295145672145657e-03
2.150000000000000000e+01 2.150000000000000000e+01 2.150000000000000000e+01 1.008193075472831740e-01 1.008193075472830907e-01 1.404562899028356515e-01 1.075331216751133212e+01 1.075331216751133212e+01 1.075331216751133212e+01 2.732058562208955921e-03 2.732058562208994953e-03 3.426108388469219657e-03 1.214747624692793160e+01 2.367998229310298245e-03
2.175000000000000000e+01 2.175000000000000000e+01 2.175000000000000000e+01 1.001143780358040442e-01 1.001143780358039886e-01 1.401895204228879588e-01 1.087835068108704384e+01 1.087835068108704384e+01 1.087835068108704384e+01 2.668283679779098055e-03 2.668283679779128847e-03 3.327736559721072851e-03 1.227251476050364332e+01 2.335476647321777302e-03
2.200000000000000000e+01 2.200000000000000000e+01 2.200000000000000000e+01 9.946431796698942951e-02 9.946431796698938788e-02 1.399388279461737106e-01 1.100338919466275733e+01 1.100338919466275733e+01 1.100338919466275733e+01 2.608115628557052153e-03 2.608115628557079041e-03 3.233726666163056276e-03 1.239755327407935681e+01 2.306806271768769168e-03
2.225000000000000000e+01 2.225000000000000000e+01 2.225000000000000000e+01 9.886976667340921510e-02 9.886976667340925673e-02 1.397173229294554064e-01 1.112842770823847083e+01 1.112842770823847083e+01 1.112842770823847083e+01 2.551519205485509607e-03 2.551519205485524786e-03 3.143929551116876261e-03 1.252259178765507031e+01 2.282084513104229006e-03
2.250000000000000000e+01 2.250000000000000000e+01 2.250000000000000000e+01 9.832784614332674977e-02 9.832784614332672202e-02 1.395112487045851724e-01 1.125346622181418432e+01 1.125346622181418432e+01 1.125346622181418432e+01 2.498474471490141728e-03 2.498474471490149968e-03 3.058209362968770592e-03 1.264763030123078380e+01 2.261433861023146637e-03
2.275000000000000000e+01 2.275000000000000000e+01 2.275000000000000000e+01 9.783908037479385755e-02 9.783908037479385755e-02 1.393315830965587976e-01 1.137850473538989782e+01 1.137850473538989782e+01 1.137850473538989782e+01 2.448979691075085178e-03 2.448979691075085612e-03 2.976442009737341726e-03 1.277266881480649729e+01 2.245003319811177296e-03
2.300000000000000000e+01 2.300000000000000000e+01 2.300000000000000000e+01 9.740113911963632631e-02 9.740113911963631244e-02 1.391670099283529582e-01 1.150354324896560954e+01 1.150354324896560954e+01 1.150354324896560954e+01 2.403051908500496853e-03 2.403051908500490347e-03 2.898516160615840793e-03 1.289770732838220901e+01 2.232972455892334902e-03
2.325000000000000000e+01 2.325000000000000000e+01 2.325000000000000000e+01 9.701443969363846009e-02 9.701443969363844622e-02 1.390264337082881829e-01 1.162858176254132303e+01 1.162858176254132303e+01 1.162858176254132303e+01 2.360730874848315439e-03 2.360730874848298959e-03 2.824332006750922882e-03 1.302274584195792251e+01 2.225553537056441326e-03
2.350000000000000000e+01 2.350000000000000000e+01 2.350000000000000000e+01 9.667716133253202726e-02 9.667716133253206889e-02 1.389008959932997445e-01 1.175362027611703652e+01 1.175362027611703652e+01 1.175362027611703652e+01 2.322081894634340712e-03 2.322081894634318161e-03 2.753801577765691358e-03 1.314778435553363600e+01 2.222995513349047044e-03
2.375000000000000000e+01 2.375000000000000000e+01 2.375000000000000000e+01 9.638962159919439721e-02 9.638962159919438333e-02 1.387972751311085107e-01 1.187865878969275002e+01 1.187865878969275002e+01 1.187865878969275002e+01 2.287204064384543850e-03 2.287204064384510023e-03 2.686842292059943554e-03 1.327282286910934950e+01 2.225590383646234519e-03
2.400000000000000000e+01 2.400000000000000000e+01 2.400000000000000000e+01 9.615047973987712882e-02 9.615047973987712882e-02 1.387089064170529407e-01 1.200369730326846351e+01 1.200369730326846351e+01 1.200369730326846351e+01 2.256249766832773163e-03 2.256249766832724157e-03 2.623340494580854616e-03 1.339786138268506299e+01 2.233717590957127064e-03
2.425000000000000000e+01 2.425000000000000000e+01 2.425000000000000000e+01 9.595995886125226193e-02 9.595995886125226193e-02 1.386406778804425977e-01 1.212873581684417523e+01 1.212873581684417523e+01 1.212873581684417523e+01 2.229494094413070077e-03 2.229494094413015867e-03 2.563002714524153375e-03 1.352289989626077471e+01 2.248031664843072683e-03
2.450000000000000000e+01 2.450000000000000000e+01 2.450000000000000000e+01 9.581717676518050619e-02 9.581717676518045068e-02 1.385881718104662874e-01 1.225377433041988873e+01 1.225377433041988873e+01 1.225377433041988873e+01 2.207511030832142070e-03 2.207511030832077451e-03 2.505087280029928525e-03 1.364793840983648820e+01 2.269853146388019823e-03
2.475000000000000000e+01 2.475000000000000000e+01 2.475000000000000000e+01 9.572226583595896954e-02 9.572226583595894178e-02 1.385543110807903600e-01 1.237881284399560222e+01 1.237881284399560222e+01 1.237881284399560222e+01 2.191407112491886716e-03 2.191407112491807353e-03 2.448565079613656149e-03 1.377297692341220170e+01 2.301165093260868193e-03
2.500000000000000000e+01 2.500000000000000000e+01 2.500000000000000000e+01 9.567478843011457956e-02 9.567478843011456568e-02 1.385368943947077602e-01 1.250385135757131572e+01 1.250385135757131572e+01 1.250385135757131572e+01 2.182736513275737242e-03 2.182736513275654409e-03 2.393587917323031743e-03 1.389801543698791519e+01 2.343059013236468112e-03
