3.444191818529008575e+00 1.000000000000000056e-01 4.255881996553055879e-01 1.486499942044099687e-01 2.889954484438934657e+00 9.570242546101127845e-02 8.682396602901583105e-01 -3.935661117972629741e-01
3.444191818529008575e+00 1.105170918075647768e-01 4.665854018396866087e-01 1.686592820990411856e-01 3.066356699926849227e+00 1.073827887577458312e-01 8.464217967608106408e-01 -4.263237446509182682e-01
3.444191818529008575e+00 1.221402758160169966e-01 5.114534672514629010e-01 1.907125272257017279e-01 3.261380922382165259e+00 1.203027585580805775e-01 8.211264166155679556e-01 -4.608723929086666060e-01
3.444191818529008575e+00 1.349858807576003183e-01 5.605039478844493495e-01 2.149595778409428282e-01 3.467735547263473883e+00 1.345494802243234200e-01 7.918808796399844363e-01 -4.970254511860638935e-01
3.444191818529008575e+00 1.491824697641270514e-01 6.141103433196432038e-01 2.415166683128636971e-01 3.669526575612584551e+00 1.501386940129132153e-01 7.581795720171182751e-01 -5.345580849970557047e-01
3.444191818529008575e+00 1.648721270700128361e-01 6.727226736251495920e-01 2.689797571881027416e-01 3.864876090086726279e+00 1.671447300266384606e-01 7.194205320136664028e-01 -5.731590074527508349e-01
3.444191818529008575e+00 1.822118800390509219e-01 7.368130637929692917e-01 2.977134522691253227e-01 4.059772208776690761e+00 1.856941729078701031e-01 6.749456060549887670e-01 -6.123528254527879078e-01
3.444191818529008575e+00 2.013752707470476688e-01 8.068930259863945631e-01 3.304210201063200181e-01 4.257579791801293645e+00 2.059023069370239101e-01 6.240727057751330742e-01 -6.514950835724776512e-01
3.444191818529008575e+00 2.225540928492467929e-01 8.834881440123310004e-01 3.662475050560561329e-01 4.470398477660006975e+00 2.279756140568506839e-01 5.661078370416833261e-01 -6.896851391418405974e-01
3.444191818529008575e+00 2.459603111156949962e-01 9.671158518519038516e-01 4.044186593298669252e-01 4.682007356180484692e+00 2.519978501302241880e-01 5.004723651543356855e-01 -7.257918577405911842e-01
3.444191818529008575e+00 2.718281828459045424e-01 1.058428102747235977e+00 4.442328676736234105e-01 4.885733635238930894e+00 2.780409028792927839e-01 4.266142398771243238e-01 -7.584630095537996386e-01
3.444191818529008575e+00 3.004166023946433506e-01 1.158094825818003271e+00 4.879626953082870089e-01 5.093974128330554407e+00 3.062908683985595126e-01 3.441333131675133328e-01 -7.859673795874048130e-01
3.444191818529008575e+00 3.320116922736548459e-01 1.266764170405715317e+00 5.345569968084833423e-01 5.309093135024083310e+00 3.369361626640895446e-01 2.529550279226756571e-01 -8.062060339916058416e-01
3.444191818529008575e+00 3.669296667619244556e-01 1.385161665077941917e+00 5.833920862722206113e-01 5.513874236523513162e+00 3.700311796572708367e-01 1.533947992280413342e-01 -8.168126037734735334e-01
3.444191818529008575e+00 4.055199966844675874e-01 1.514052088211799374e+00 6.361024429897047527e-01 5.724275584237347836e+00 4.057854389682546414e-01 4.629920081428562373e-02 -8.150518578374015277e-01
3.444191818529008575e+00 4.481689070338064629e-01 1.654164646929075833e+00 6.909646670736138141e-01 5.928332480881483235e+00 4.443063782003013329e-01 -6.668343329213083370e-02 -7.980114282601729059e-01
3.444191818529008575e+00 4.953032424395115152e-01 1.806307623159562059e+00 7.492793663616201805e-01 6.133132474661994848e+00 4.857363280628264612e-01 -1.830261982353799388e-01 -7.627223736509231022e-01
3.444191818529008575e+00 5.473947391727200795e-01 1.971227243740499846e+00 8.098458582164349551e-01 6.330048923858274001e+00 5.301673345423451034e-01 -2.990435249462677914e-01 -7.064555571039855542e-01
3.444191818529008575e+00 6.049647464412947206e-01 2.149690237228523593e+00 8.733075016006630609e-01 6.524971706295568552e+00 5.777136717389059761e-01 -4.098420489893037644e-01 -6.270641413746000925e-01
3.444191818529008575e+00 6.685894442279270988e-01 2.342428064702495316e+00 9.391484898066541076e-01 6.713011327431199327e+00 6.284162402013137028e-01 -5.092891169766331494e-01 -5.235079389284069684e-01
3.444191818529008575e+00 7.389056098930650851e-01 2.550113633633989352e+00 1.007036155391108689e+00 6.892277323634585784e+00 6.822976761069955431e-01 -5.901741707546002136e-01 -3.964198973976781892e-01
3.444191818529008575e+00 8.166169912567652345e-01 2.773366172130759644e+00 1.076637994724152447e+00 7.063324164470126121e+00 7.393428674617306129e-01 -6.446442553457892854e-01 -2.487193793938220210e-01
3.444191818529008575e+00 9.025013499434122455e-01 3.012725729293616705e+00 1.147673531094357990e+00 7.224502713574762147e+00 7.994758657583280748e-01 -6.649360827656556339e-01 -8.616577266656259837e-02
3.444191818529008575e+00 9.974182454814723986e-01 3.268641725423720334e+00 1.219588972315057696e+00 7.374838019896569286e+00 8.625676422922874398e-01 -6.444381928139030213e-01 8.231866627359560318e-02
3.444191818529008575e+00 1.102317638064160610e+00 3.541466331485712882e+00 1.291885240092132126e+00 7.512806382129591398e+00 9.284259806827074302e-01 -5.790371676181530480e-01 2.447267722734756956e-01
3.444191818529008575e+00 1.218249396070347323e+00 3.831448402259885810e+00 1.364188477489369333e+00 7.638957811112144114e+00 9.968072383177215556e-01 -4.685874891908564099e-01 3.866285485542295119e-01
3.444191818529008575e+00 1.346373803500169331e+00 4.138732128186671133e+00 1.435786447701205892e+00 7.751470388953048740e+00 1.067402074909726384e+00 -3.182600456227153152e-01 4.925559153381717792e-01
3.444191818529008575e+00 1.487973172487283779e+00 4.463379520513024445e+00 1.506275654250883500e+00 7.851110684816648977e+00 1.139857989194601684e+00 -1.393802993092488895e-01 5.481218614165072056e-01
3.444191818529008575e+00 1.644464677109705564e+00 4.805378366477973451e+00 1.575108134402240401e+00 7.937368457724726767e+00 1.213776346823643104e+00 5.061032458131706907e-02 5.426895076541210505e-01
3.444191818529008575e+00 1.817414536944306880e+00 5.164668489711003119e+00 1.641834449986709910e+00 8.010738133173298081e+00 1.288732796416707016e+00 2.294317619115242568e-01 4.722085290924012413e-01
3.444191818529008575e+00 2.008553692318766792e+00 5.541169456828112239e+00 1.706024758882049186e+00 8.071926738985377270e+00 1.364288670087055566e+00 3.726314305409058059e-01 3.416258443100022024e-01
3.444191818529008575e+00 2.219795128144163687e+00 5.934818500366578320e+00 1.767356642495581331e+00 8.121530683465206124e+00 1.440003610673882051e+00 4.575129414753715262e-01 1.661589949336154393e-01
3.444191818529008575e+00 2.453253019710935234e+00 6.345597135479566830e+00 1.825550237330766823e+00 8.160575934003384546e+00 1.515453965134729408e+00 4.678180379618469553e-01 -2.923534845228210888e-02
3.444191818529008575e+00 2.711263892065789438e+00 6.773569785086827721e+00 1.880433756561618930e+00 8.190190114504627417e+00 1.590243794906889718e+00 3.983146644711519357e-01 -2.126530738919293340e-01
3.444191818529008575e+00 2.996410004739702870e+00 7.218910214839434403e+00 1.931901955341885690e+00 8.211544509373213785e+00 1.664016091441463008e+00 2.581607834025191894e-01 -3.503282829120099029e-01
3.444191818529008575e+00 3.311545195869231240e+00 7.681931328615215548e+00 1.979920738439671313e+00 8.225885436309582133e+00 1.736461996238237049e+00 7.185264901527356474e-02 -4.134969033941494621e-01
3.444191818529008575e+00 3.659823444367798828e+00 8.163104612622325007e+00 2.024507037511452445e+00 8.234245239705082042e+00 1.807323884388398749e+00 -1.232358546527297649e-01 -3.858828900800299055e-01
3.444191818529008575e+00 4.044730436006740426e+00 8.663077913215394332e+00 2.065753882043158907e+00 8.237810773042463452e+00 1.876399077994008513e+00 -2.831926284612739653e-01 -2.700786857394490426e-01
3.444191818529008575e+00 4.470118449330083621e+00 9.182687106173005986e+00 2.103782591414990577e+00 8.237498028457045152e+00 1.943537580207346904e+00 -3.673781510485171209e-01 -9.071812273021842565e-02
3.444191818529008575e+00 4.940244910553019508e+00 9.722963443680038509e+00 2.138755117921245397e+00 8.234199481549181243e+00 2.008639994485585945e+00 -3.501295114090479665e-01 1.076120309984421874e-01
3.444191818529008575e+00 5.459815003314424153e+00 1.028513820989081395e+01 2.170854483542373092e+00 8.228676429682375115e+00 2.071652379060497928e+00 -2.314746834695663724e-01 2.690667538837258066e-01
3.444191818529008575e+00 6.034028759736200342e+00 1.087064442280070509e+01 2.200276689510200612e+00 8.221545177296331275e+00 2.132560415781695973e+00 -4.289990837847375282e-02 3.416035831650443000e-01
3.444191818529008575e+00 6.668633104092515751e+00 1.148111723071769319e+01 2.227225997020839898e+00 8.213322906586491001e+00 2.191383272806583182e+00 1.560178821674917671e-01 2.956695193796258780e-01
3.444191818529008575e+00 7.369979369959579252e+00 1.211839382462612669e+01 2.251902641875572986e+00 8.204440603306416335e+00 2.248167301614067970e+00 2.928857405287546012e-01 1.407498122921829187e-01
3.444191818529008575e+00 8.145086866496814793e+00 1.278451300957297754e+01 2.274493158319066399e+00 8.195231180072029886e+00 2.302979944188073613e+00 3.086725856526418288e-01 -6.842336984873721717e-02
3.444191818529008575e+00 9.001713130052181100e+00 1.348171745349473838e+01 2.295182905458735156e+00 8.190044858026269026e+00 2.355921541864966162e+00 1.876735185226143521e-01 -2.440998748919344652e-01
3.444191818529008575e+00 9.948431564193386478e+00 1.421245683870627730e+01 2.314222487392845640e+00 8.152960247459711596e+00 2.406923490431869705e+00 -2.257717133649834312e-02 -2.993030387465497877e-01
3.444191818529008575e+00 1.099471724521235316e+01 1.497930880391903408e+01 2.331152825884564184e+00 8.178760225263030037e+00 2.456536882540231836e+00 -2.184489528058615460e-01 -1.949650998669067714e-01
3.444191818529008575e+00 1.215104175187349789e+01 1.578565615564625979e+01 2.348362241732247835e+00 8.141024567896804953e+00 2.504201331867540237e+00 -2.850411282364905263e-01 2.219033466281359820e-02
3.444191818529008575e+00 1.342897796849355352e+01 1.663419306296842137e+01 2.362430465732799689e+00 8.156738443448988463e+00 2.550773670224730338e+00 -1.678317197102930092e-01 2.232796313205288596e-01
3.444191818529008575e+00 1.484131591025766106e+01 1.752821185997769504e+01 2.376032830147109642e+00 8.147507852881332724e+00 2.595792737741831058e+00 6.742248293423215577e-02 2.646524772507457546e-01
3.444191818529008575e+00 1.640219072999018479e+01 1.847133666671511065e+01 2.388809535419066155e+00 8.131309476506132228e+00 2.639439001787211581e+00 2.483248063690285945e-01 9.867170250040099844e-02
3.444191818529008575e+00 1.812722418751512166e+01 1.946718700165272864e+01 2.400570832873415661e+00 8.125347195417102597e+00 2.682024411272883047e+00 2.132543948626568209e-01 -1.514828624078393415e-01
3.444191818529008575e+00 2.003368099747918407e+01 2.051990712043908616e+01 2.411183961586175428e+00 8.118121528813292187e+00 2.723488539760035909e+00 -2.546518671565334291e-02 -2.549448418209925293e-01
3.444191818529008575e+00 2.214064162041871953e+01 2.163393531789068192e+01 2.420887281307592787e+00 8.107406181523714395e+00 2.763920406764549753e+00 -2.352360654617535463e-01 -8.779588907318519597e-02
3.444191818529008575e+00 2.446919322642203909e+01 2.281367018828983362e+01 2.430717296870772870e+00 8.104721946455860859e+00 2.803610149645186844e+00 -1.674759218273287609e-01 1.803960659358028185e-01
3.444191818529008575e+00 2.704264074261527639e+01 2.406443009258880039e+01 2.439445016335038741e+00 8.108741617151601133e+00 2.842489506763898000e+00 1.162658704925771114e-01 2.115718391778269869e-01
3.444191818529008575e+00 2.988674009670603127e+01 2.539225546990467919e+01 2.449352584226971885e+00 8.095474287427476767e+00 2.880205502784478622e+00 2.289706435921810834e-01 -6.079204341269591610e-02
3.444191818529008575e+00 3.302995599096489343e+01 2.680227626312810685e+01 2.455735284524275919e+00 8.063822491244049928e+00 2.917285850171070116e+00 -2.292455717665766585e-02 -2.314189597263345000e-01
3.444191818529008575e+00 3.650374678653289351e+01 2.829981393299166825e+01 2.463938017369291078e+00 8.075778783969157715e+00 2.954530117045481852e+00 -2.281870229564464392e-01 5.815475497563941075e-03
3.444191818529008575e+00 4.034287934927351671e+01 2.989366304139311836e+01 2.469273792861245376e+00 8.081449657428906974e+00 2.990768475922379821e+00 1.087496851637262570e-02 2.238985081325717830e-01
3.444191818529008575e+00 4.458577700825171775e+01 3.159051549084530208e+01 2.477642488718498459e+00 8.082213986415441198e+00 3.027119971674856469e+00 2.167786052671903940e-01 -3.823644075864868208e-02
3.444191818529008575e+00 4.927490410932563236e+01 3.340270980788180566e+01 2.487085087086720936e+00 8.109524470539463792e+00 3.062762201967259568e+00 -8.737976287139040399e-02 -1.977956968260335402e-01
3.444191818529008575e+00 5.445719101259294348e+01 3.533454527000740342e+01 2.487750511520613550e+00 8.052380975891500370e+00 3.097618595945442976e+00 -1.515135060463742578e-01 1.489975438479491099e-01
3.444191818529008575e+00 6.018450378720822869e+01 3.739986455287924372e+01 2.489216245039518771e+00 8.012751040135938752e+00 3.132647512601535400e+00 1.995315555165572130e-01 6.155782052438125984e-02
3.444191818529008575e+00 6.651416330443618108e+01 3.962026035079667707e+01 2.498360280673013634e+00 8.063405162745347354e+00 3.169324460560547951e+00 -7.036771131570826454e-02 -1.925626333976067084e-01
3.444191818529008575e+00 7.350951892419732303e+01 4.200557533206730909e+01 2.512033011201386667e+00 8.087003849551505752e+00 3.207910266089138762e+00 -7.940802791265594296e-02 1.847576822169210709e-01
3.444191818529008575e+00 8.124058251675432984e+01 4.456929078990388149e+01 2.512477157413454343e+00 8.083377595452972741e+00 3.244538710588683816e+00 1.643988424151577588e-01 -1.093597956408619010e-01
3.444191818529008575e+00 8.978472916504183843e+01 4.733543758270710811e+01 2.496653796816765691e+00 7.999085280136473131e+00 3.274892296398327574e+00 -1.901406348178900640e-01 4.083480687773363010e-02
3.444191818529008575e+00 9.922747156050263584e+01 5.031540618515364827e+01 2.507208005649646410e+00 8.007702458312294880e+00 3.318177640662333783e+00 1.900751939212644015e-01 -9.497153705921334774e-03
3.444191818529008575e+00 1.096633158428458614e+02 5.354832128031382865e+01 2.504159527529901563e+00 7.933495469005030998e+00 3.350347178387141245e+00 -1.854106516248295589e-01 2.636410342860355874e-02
3.444191818529008575e+00 1.211967074492577581e+02 5.703119653088317875e+01 2.527366413949096557e+00 8.082612303967708911e+00 3.405126982090552090e+00 1.614112081245652752e-01 -8.455191050493150728e-02
3.444191818529008575e+00 1.339430764394417963e+02 6.078973529792718722e+01 2.515456656049029682e+00 8.045395383541707801e+00 3.434413551648697105e+00 -8.153492788033921135e-02 1.599886553751768692e-01
3.444191818529008575e+00 1.480299927584546538e+02 6.490380035507827472e+01 2.511757998662846880e+00 7.949146605988173242e+00 3.485443168654060120e+00 -8.409700402212548498e-02 -1.535183069492823682e-01
3.444191818529008575e+00 1.635984429995927201e+02 6.946787806252565645e+01 2.512069545064590237e+00 7.957381997677894780e+00 3.529617657710665490e+00 1.606715725043122711e-01 -5.916729085318504777e-02
3.444191818529008575e+00 1.808042414456063227e+02 7.444095350983526771e+01 2.558464247804788538e+00 8.161625678981035747e+00 3.601657803335072128e+00 9.509265664069206647e-02 1.350401764973080121e-01
3.444191818529008575e+00 1.998195895104119018e+02 7.988432642282106144e+01 2.515375553180758228e+00 7.940408336924045685e+00 3.628169649027611410e+00 -3.656776374287806081e-02 1.588318652910224726e-01
3.444191818529008575e+00 2.208347991887209218e+02 8.567551803223845752e+01 2.537398467535333157e+00 8.080786202694049791e+00 3.713042256173542555e+00 -1.028037060764206007e-01 1.176204384927422714e-01
3.444191818529008575e+00 2.440601977624500876e+02 9.197846504251013755e+01 2.512446339304828857e+00 7.920448231778870252e+00 3.728142195365879985e+00 -9.970379468436897652e-02 1.187291227727868964e-01
3.444191818529008575e+00 2.697282328268510128e+02 9.868490546172986910e+01 2.525421950229550294e+00 7.967457974389900777e+00 3.806885031845747669e+00 -4.051306846236286952e-02 1.434432594330206090e-01
3.444191818529008575e+00 2.980957987041728643e+02 1.059103012889860196e+02 2.535032257114664400e+00 7.914266935319805185e+00 3.871988743323306892e+00 8.925067352820374722e-02 1.133633361285082825e-01
3.444191818529008575e+00 3.294468075283840562e+02 1.138937207365468112e+02 2.538259600606883826e+00 7.953584221702501900e+00 3.941287277648703569e+00 9.745876805366268658e-02 -9.962421457380268852e-02
3.444191818529008575e+00 3.640950307332358875e+02 1.224713609723045522e+02 2.526295101715783531e+00 7.886873620424923459e+00 4.017188273613741423e+00 -1.340044059810096000e-01 -6.806906440771916082e-03
3.444191818529008575e+00 4.023872393822313143e+02 1.324745950784411264e+02 2.551226920074375570e+00 8.003026451259287910e+00 4.096559162636394191e+00 1.114140534926345016e-01 -6.493617007805869978e-02
3.444191818529008575e+00 4.447066747699857956e+02 1.432282133300429052e+02 2.512960209981287996e+00 7.820214551303963368e+00 4.171494934114750919e+00 3.501286485263065129e-02 1.191775002501841152e-01
3.444191818529008575e+00 4.914768840299134354e+02 1.549882159216707862e+02 2.507232786181046613e+00 7.737270385860296251e+00 4.263017446007689948e+00 -5.902274800146228850e-02 1.029372069298536835e-01
3.444191818529008575e+00 5.431659591362978290e+02 1.679942086898774676e+02 2.536884323700730803e+00 7.898726683594373021e+00 4.423253944286496875e+00 -8.861421750213363188e-03 1.091632374428557900e-01
3.444191818529008575e+00 6.002912217261028900e+02 1.823704835210006365e+02 2.524236424175366089e+00 7.845314358897711671e+00 4.485121282410303500e+00 1.048617572874126908e-01 -1.671920375412595805e-02
3.444191818529008575e+00 6.634244006277890549e+02 1.973687573044742010e+02 2.547218646171895529e+00 7.840157312742569218e+00 4.668002911645535491e+00 -8.253563768508612175e-02 -5.078261505376558543e-02
3.444191818529008575e+00 7.331973539155995923e+02 2.139507574780438404e+02 2.525874998159635343e+00 7.785088786145194284e+00 4.764039568279342163e+00 8.760336991085160285e-02 -2.926990616694178163e-02
3.444191818529008575e+00 8.103083927575385133e+02 2.330013174275991332e+02 2.513427206736516872e+00 7.653272087539211732e+00 4.885766627985821842e+00 7.527216600697377025e-02 -4.344458506634214096e-02
3.444191818529008575e+00 8.955292703482508614e+02 2.522503112010860775e+02 2.541016377939440130e+00 7.753396521668970642e+00 5.072874475795306815e+00 4.776663660096779757e-02 -6.310892039757891314e-02
3.444191818529008575e+00 9.897129058743927317e+02 2.732799406606133630e+02 2.564583830205601434e+00 7.766804987878360933e+00 5.243561303103243532e+00 -7.261915151250995792e-02 -2.805961466529933220e-03
3.444191818529008575e+00 1.093801920816519214e+03 2.976683698579776092e+02 2.553093615491609736e+00 7.825891159195750291e+00 5.405662834440724929e+00 -4.750382010101176361e-02 -4.727011370803701346e-02
