-2.500000000000000000e+01 -2.500000000000000000e+01 -2.500000000000000000e+01 1.160949046360178032e-02 1.160949046360177511e-02 2.066826551931985959e-02 -1.250385135757131572e+01 -1.250385135757131572e+01 -1.250385135757131572e+01 8.457071673035053720e-04 8.457071673034795680e-04 8.506686544944390676e-04 -1.187220166617520967e+01 8.666618688178156669e-04
-2.475000000000000000e+01 -2.475000000000000000e+01 -2.475000000000000000e+01 1.160857066270605878e-02 1.160857066270605878e-02 2.066523612035603766e-02 -1.237881284399560222e+01 -1.237881284399560222e+01 -1.237881284399560222e+01 8.520351115574093708e-04 8.520351115573840005e-04 8.425047625400370775e-04 -1.174716315259949617e+01 8.869962112581646378e-04
-2.450000000000000000e+01 -2.450000000000000000e+01 -2.450000000000000000e+01 1.160675564774892726e-02 1.160675564774892379e-02 2.065888026495562788e-02 -1.225377433041988873e+01 -1.225377433041988873e+01 -1.225377433041988873e+01 8.632803801320388173e-04 8.632803801320180007e-04 8.427270729760439737e-04 -1.162212463902378268e+01 9.084576347576879193e-04
-2.425000000000000000e+01 -2.425000000000000000e+01 -2.425000000000000000e+01 1.160404630259501135e-02 1.160404630259501656e-02 2.064982754336927573e-02 -1.212873581684417523e+01 -1.212873581684417523e+01 -1.212873581684417523e+01 8.777340640995220456e-04 8.777340640995045899e-04 8.490501665037816391e-04 -1.149708612544806918e+01 9.301268949725923245e-04
-2.400000000000000000e+01 -2.400000000000000000e+01 -2.400000000000000000e+01 1.160051606685465718e-02 1.160051606685466412e-02 2.063718402599698867e-02 -1.200369730326846351e+01 -1.200369730326846351e+01 -1.200369730326846351e+01 8.942790766199456252e-04 8.942790766199304464e-04 8.589656199925718759e-04 -1.137204761187235746e+01 9.524352685124999520e-04
-2.375000000000000000e+01 -2.375000000000000000e+01 -2.375000000000000000e+01 1.159616865433778232e-02 1.159616865433778232e-02 2.062221554602450269e-02 -1.187865878969275002e+01 -1.187865878969275002e+01 -1.187865878969275002e+01 9.124371330383330547e-04 9.124371330383214537e-04 8.711385009459307128e-04 -1.124700909829664397e+01 9.758383482138358348e-04
-2.350000000000000000e+01 -2.350000000000000000e+01 -2.350000000000000000e+01 1.159112538489983323e-02 1.159112538489983323e-02 2.060342297927443556e-02 -1.175362027611703652e+01 -1.175362027611703652e+01 -1.175362027611703652e+01 9.320529285542448333e-04 9.320529285542371355e-04 8.851031788507030592e-04 -1.112197058472093047e+01 1.000515084271018981e-03
-2.325000000000000000e+01 -2.325000000000000000e+01 -2.325000000000000000e+01 1.158539676200663615e-02 1.158539676200663095e-02 2.058272185563199061e-02 -1.162858176254132303e+01 -1.162858176254132303e+01 -1.162858176254132303e+01 9.530761643556449458e-04 9.530761643556400669e-04 9.007078004027924871e-04 -1.099693207114521698e+01 1.026515632471031473e-03
-2.300000000000000000e+01 -2.300000000000000000e+01 -2.300000000000000000e+01 1.157915033171635043e-02 1.157915033171634349e-02 2.055799381442660959e-02 -1.150354324896560954e+01 -1.150354324896560954e+01 -1.150354324896560954e+01 9.754863955957685092e-04 9.754863955957682924e-04 9.178768776531496783e-04 -1.087189355756950349e+01 1.053864700658455576e-03
-2.275000000000000000e+01 -2.275000000000000000e+01 -2.275000000000000000e+01 1.157240949873611369e-02 1.157240949873611889e-02 2.053182463940407890e-02 -1.137850473538989782e+01 -1.137850473538989782e+01 -1.137850473538989782e+01 9.992763648132925360e-04 9.992763648132973065e-04 9.365575411808296129e-04 -1.074685504399379177e+01 1.082588502995109970e-03
-2.250000000000000000e+01 -2.250000000000000000e+01 -2.250000000000000000e+01 1.156538564893291356e-02 1.156538564893291703e-02 2.050145671004866346e-02 -1.125346622181418432e+01 -1.125346622181418432e+01 -1.125346622181418432e+01 1.024448500497575311e-03 1.024448500497579647e-03 9.567117042993113175e-04 -1.062181653041807827e+01 1.112718645457367846e-03
-2.225000000000000000e+01 -2.225000000000000000e+01 -2.225000000000000000e+01 1.155812356714941425e-02 1.155812356714942465e-02 2.047017419211983116e-02 -1.112842770823847083e+01 -1.112842770823847083e+01 -1.112842770823847083e+01 1.051013661526136117e-03 1.051013661526139370e-03 9.783140046872996869e-04 -1.049677801684236478e+01 1.144292130785980015e-03
-2.200000000000000000e+01 -2.200000000000000000e+01 -2.200000000000000000e+01 1.155087528689490058e-02 1.155087528689489884e-02 2.043455382303613344e-02 -1.100338919466275733e+01 -1.100338919466275733e+01 -1.100338919466275733e+01 1.078990191600983067e-03 1.078990191600983500e-03 1.001350586760709708e-03 -1.037173950326665128e+01 1.177351386251788241e-03
-2.175000000000000000e+01 -2.175000000000000000e+01 -2.175000000000000000e+01 1.154371812224046223e-02 1.154371812224046397e-02 2.039861450044947247e-02 -1.087835068108704384e+01 -1.087835068108704384e+01 -1.087835068108704384e+01 1.108403351497428161e-03 1.108403351497424909e-03 1.025817616374999700e-03 -1.024670098969093779e+01 1.211943987622968481e-03
-2.150000000000000000e+01 -2.150000000000000000e+01 -2.150000000000000000e+01 1.153694065806162329e-02 1.153694065806162676e-02 2.035823407451385972e-02 -1.075331216751133212e+01 -1.075331216751133212e+01 -1.075331216751133212e+01 1.139284757250161621e-03 1.139284757250157284e-03 1.051720419563037870e-03 -1.012166247611522607e+01 1.248122838682353547e-03
-2.125000000000000000e+01 -2.125000000000000000e+01 -2.125000000000000000e+01 1.153066696201461051e-02 1.153066696201460531e-02 2.031821160562484116e-02 -1.062827365393561863e+01 -1.062827365393561863e+01 -1.062827365393561863e+01 1.171672134157207166e-03 1.171672134157201745e-03 1.079072353335156637e-03 -9.996623962539512576e+00 1.285945969396839203e-03
-2.100000000000000000e+01 -2.100000000000000000e+01 -2.100000000000000000e+01 1.152521704357489969e-02 1.152521704357489796e-02 2.027368530253342155e-02 -1.050323514035990513e+01 -1.050323514035990513e+01 -1.050323514035990513e+01 1.205608986510878135e-03 1.205608986510870763e-03 1.107894362004999437e-03 -9.871585448963799081e+00 1.325476869426840546e-03
-2.075000000000000000e+01 -2.075000000000000000e+01 -2.075000000000000000e+01 1.152077955101629171e-02 1.152077955101629171e-02 2.023029000233261473e-02 -1.037819662678419164e+01 -1.037819662678419164e+01 -1.037819662678419164e+01 1.241144571742106798e-03 1.241144571742099426e-03 1.138214160231604700e-03 -9.746546935388085586e+00 1.366784343737322254e-03
-2.050000000000000000e+01 -2.050000000000000000e+01 -2.050000000000000000e+01 1.151769960271419382e-02 1.151769960271419035e-02 2.018237520169573890e-02 -1.025315811320847814e+01 -1.025315811320847814e+01 -1.025315811320847814e+01 1.278333726707596863e-03 1.278333726707587973e-03 1.170066125314958051e-03 -9.621508421812372092e+00 1.409942986087357351e-03
-2.025000000000000000e+01 -2.025000000000000000e+01 -2.025000000000000000e+01 1.151625253406246899e-02 1.151625253406247246e-02 2.013647870200288223e-02 -1.012811959963276642e+01 -1.012811959963276642e+01 -1.012811959963276642e+01 1.317237007203400168e-03 1.317237007203386724e-03 1.203490699779043941e-03 -9.496469908236660373e+00 1.455033081438392596e-03
-2.000000000000000000e+01 -2.000000000000000000e+01 -2.000000000000000000e+01 1.151680087217021517e-02 1.151680087217021517e-02 2.008610290613363838e-02 -1.000308108605705115e+01 -1.000308108605705115e+01 -1.000308108605705115e+01 1.357920629081727773e-03 1.357920629081709992e-03 1.238534540099612506e-03 -9.371431394660945102e+00 1.502141213852906327e-03
-1.975000000000000000e+01 -1.975000000000000000e+01 -1.975000000000000000e+01 1.151973388755464338e-02 1.151973388755464338e-02 2.003876907945290053e-02 -9.878042572481339434e+00 -9.878042572481339434e+00 -9.878042572481339434e+00 1.400456743501303503e-03 1.400456743501283553e-03 1.275250067517237369e-03 -9.246392881085233384e+00 1.551360211965978732e-03
-1.950000000000000000e+01 -1.950000000000000000e+01 -1.950000000000000000e+01 1.152542219263964773e-02 1.152542219263964773e-02 1.998706362506130763e-02 -9.753004058905625939e+00 -9.753004058905625939e+00 -9.753004058905625939e+00 1.444923470457531523e-03 1.444923470457510923e-03 1.313695819855280810e-03 -9.121354367509519889e+00 1.602789893053443993e-03
-1.925000000000000000e+01 -1.925000000000000000e+01 -1.925000000000000000e+01 1.153440247720383290e-02 1.153440247720383116e-02 1.993958724797384105e-02 -9.627965545329912445e+00 -9.627965545329912445e+00 -9.627965545329912445e+00 1.491405295695502706e-03 1.491405295695482757e-03 1.353936104522417659e-03 -8.996315853933806395e+00 1.656537053620405452e-03
-1.900000000000000000e+01 -1.900000000000000000e+01 -1.900000000000000000e+01 1.154704220282943422e-02 1.154704220282943075e-02 1.988792944958228670e-02 -9.502927031754200726e+00 -9.502927031754200726e+00 -9.502927031754200726e+00 1.539993186705142366e-03 1.539993186705124369e-03 1.396041522532941170e-03 -8.871277340358094676e+00 1.712716357690728143e-03
-1.875000000000000000e+01 -1.875000000000000000e+01 -1.875000000000000000e+01 1.156406658865598291e-02 1.156406658865598812e-02 1.984188451614883261e-02 -9.377888518178485455e+00 -9.377888518178485455e+00 -9.377888518178485455e+00 1.590785107826982745e-03 1.590785107826967349e-03 1.440088696586093670e-03 -8.746238826782379405e+00 1.771450379666411308e-03
-1.850000000000000000e+01 -1.850000000000000000e+01 -1.850000000000000000e+01 1.158582644749352360e-02 1.158582644749351839e-02 1.979195036986443335e-02 -9.252850004602773737e+00 -9.252850004602773737e+00 -9.252850004602773737e+00 1.643886217603327503e-03 1.643886217603317311e-03 1.486160952549130543e-03 -8.621200313206667687e+00 1.832870650738250510e-03
-1.825000000000000000e+01 -1.825000000000000000e+01 -1.825000000000000000e+01 1.161328603185990405e-02 1.161328603185990405e-02 1.974925053316710366e-02 -9.127811491027060242e+00 -9.127811491027060242e+00 -9.127811491027060242e+00 1.699409506610509435e-03 1.699409506610504014e-03 1.534348108717879583e-03 -8.496161799630954192e+00 1.897117766142831282e-03
-1.800000000000000000e+01 -1.800000000000000000e+01 -1.800000000000000000e+01 1.164676332715169731e-02 1.164676332715169037e-02 1.970308074701607529e-02 -9.002772977451346748e+00 -9.002772977451346748e+00 -9.002772977451346748e+00 1.757476082051935779e-03 1.757476082051939248e-03 1.584747311604826859e-03 -8.371123286055240698e+00 1.964342609573138925e-03
-1.775000000000000000e+01 -1.775000000000000000e+01 -1.775000000000000000e+01 1.168752377369082496e-02 1.168752377369082496e-02 1.966605511493723160e-02 -8.877734463875635029e+00 -8.877734463875635029e+00 -8.877734463875635029e+00 1.818215939656669293e-03 1.818215939656678834e-03 1.637462881996214030e-03 -8.246084772479528979e+00 2.034706542311635544e-03
-1.750000000000000000e+01 -1.750000000000000000e+01 -1.750000000000000000e+01 1.173583316944206735e-02 1.173583316944207082e-02 1.962613807563018745e-02 -8.752695950299919758e+00 -8.752695950299919758e+00 -8.752695950299919758e+00 1.881768347676583079e-03 1.881768347676597607e-03 1.692607310777621355e-03 -8.121046258903813708e+00 2.108382832155663612e-03
-1.725000000000000000e+01 -1.725000000000000000e+01 -1.725000000000000000e+01 1.179333484022076876e-02 1.179333484022076529e-02 1.959762658066895730e-02 -8.627657436724208040e+00 -8.627657436724208040e+00 -8.627657436724208040e+00 1.948282770739920636e-03 1.948282770739935598e-03 1.750301164856285637e-03 -7.996007745328101102e+00 2.185556948120612793e-03
-1.700000000000000000e+01 -1.700000000000000000e+01 -1.700000000000000000e+01 1.186021925968037613e-02 1.186021925968036746e-02 1.956700299218200323e-02 -8.502618923148494545e+00 -8.502618923148494545e+00 -8.502618923148494545e+00 2.017919371775305382e-03 2.017919371775318826e-03 1.810674256353670027e-03 -7.870969231752387607e+00 2.266428228209013337e-03
-1.675000000000000000e+01 -1.675000000000000000e+01 -1.675000000000000000e+01 1.193860260860185422e-02 1.193860260860185422e-02 1.955047688596270664e-02 -8.377580409572781051e+00 -8.377580409572781051e+00 -8.377580409572781051e+00 2.090850112721044738e-03 2.090850112721055580e-03 1.873865618040104937e-03 -7.745930718176674112e+00 2.351210310973657260e-03
-1.650000000000000000e+01 -1.650000000000000000e+01 -1.650000000000000000e+01 1.202857241854141113e-02 1.202857241854140766e-02 1.953287232907663026e-02 -8.252541895997069332e+00 -8.252541895997069332e+00 -8.252541895997069332e+00 2.167259400004427523e-03 2.167259400004435763e-03 1.940024866537835889e-03 -7.620892204600962394e+00 2.440133086035716891e-03
-1.625000000000000000e+01 -1.625000000000000000e+01 -1.625000000000000000e+01 1.213283580143512987e-02 1.213283580143512640e-02 1.953258714923888570e-02 -8.127503382421354061e+00 -8.127503382421354061e+00 -8.127503382421354061e+00 2.247345395128640729e-03 2.247345395128647668e-03 2.009312263490087899e-03 -7.495853691025247123e+00 2.533443303379086849e-03
-1.600000000000000000e+01 -1.600000000000000000e+01 -1.600000000000000000e+01 1.225134442234623346e-02 1.225134442234622999e-02 1.953258086389208018e-02 -8.002464868845642343e+00 -8.002464868845642343e+00 -8.002464868845642343e+00 2.331320837825692077e-03 2.331320837825702919e-03 2.081900301239741295e-03 -7.370815177449535405e+00 2.631406862572673207e-03
-1.575000000000000000e+01 -1.575000000000000000e+01 -1.575000000000000000e+01 1.238754381952592888e-02 1.238754381952592888e-02 1.955377166800677941e-02 -7.877426355269929736e+00 -7.877426355269929736e+00 -7.877426355269929736e+00 2.419414609447338455e-03 2.419414609447356670e-03 2.157973873248083749e-03 -7.245776663873822798e+00 2.734309653005004108e-03
-1.550000000000000000e+01 -1.550000000000000000e+01 -1.550000000000000000e+01 1.254121060325538543e-02 1.254121060325538196e-02 1.957701266781291041e-02 -7.752387841694215354e+00 -7.752387841694215354e+00 -7.752387841694215354e+00 2.511872778499267718e-03 2.511872778499290703e-03 2.237732119757526034e-03 -7.120738150298108415e+00 2.842460253198778996e-03
-1.525000000000000000e+01 -1.525000000000000000e+01 -1.525000000000000000e+01 1.271671395452654736e-02 1.271671395452655777e-02 1.962614469018671495e-02 -7.627349328118502747e+00 -7.627349328118502747e+00 -7.627349328118502747e+00 2.608960472247282524e-03 2.608960472247305075e-03 2.321388739685284128e-03 -6.995699636722395809e+00 2.956191071310205511e-03
-1.500000000000000000e+01 -1.500000000000000000e+01 -1.500000000000000000e+01 1.291360888570928372e-02 1.291360888570928372e-02 1.967963019270718011e-02 -7.502310814542789252e+00 -7.502310814542789252e+00 -7.502310814542789252e+00 2.710963202910111718e-03 2.710963202910134269e-03 2.409174144792904267e-03 -6.870661123146682314e+00 3.075861545958928720e-03
-1.475000000000000000e+01 -1.475000000000000000e+01 -1.475000000000000000e+01 1.313742216627174220e-02 1.313742216627174220e-02 1.976472273949430800e-02 -7.377272300967076646e+00 -7.377272300967076646e+00 -7.377272300967076646e+00 2.818189118973603129e-03 2.818189118973623512e-03 2.501335956184480916e-03 -6.745622609570969708e+00 3.201859677581707798e-03
-1.450000000000000000e+01 -1.450000000000000000e+01 -1.450000000000000000e+01 1.338743210223119345e-02 1.338743210223120733e-02 1.985715929272114516e-02 -7.252233787391364039e+00 -7.252233787391364039e+00 -7.252233787391364039e+00 2.930970688022384914e-03 2.930970688022399660e-03 2.598141529382149220e-03 -6.620584095995257101e+00 3.334605848498570484e-03
-1.425000000000000000e+01 -1.425000000000000000e+01 -1.425000000000000000e+01 1.367062044990596976e-02 1.367062044990598191e-02 1.998820721316445920e-02 -7.127195273815649657e+00 -7.127195273815649657e+00 -7.127195273815649657e+00 3.049667420287146494e-03 3.049667420287160372e-03 2.699878692619096798e-03 -6.495545582419542718e+00 3.474554864031984339e-03
-1.400000000000000000e+01 -1.400000000000000000e+01 -1.400000000000000000e+01 1.398592385040394945e-02 1.398592385040394771e-02 2.013048249177201016e-02 -7.002156760239937050e+00 -7.002156760239937050e+00 -7.002156760239937050e+00 3.174668007495275515e-03 3.174668007495286791e-03 2.806858723092410784e-03 -6.370507068843830112e+00 3.622200544385254656e-03
-1.375000000000000000e+01 -1.375000000000000000e+01 -1.375000000000000000e+01 1.434215977655407814e-02 1.434215977655407467e-02 2.032000878760314988e-02 -6.877118246664223555e+00 -6.877118246664223555e+00 -6.877118246664223555e+00 3.306393639016943879e-03 3.306393639016948216e-03 2.919417402725272073e-03 -6.245468555268116617e+00 3.778078432469091606e-03
-1.350000000000000000e+01 -1.350000000000000000e+01 -1.350000000000000000e+01 1.473784713904065409e-02 1.473784713904065929e-02 2.052581282929927253e-02 -6.752079733088510949e+00 -6.752079733088510949e+00 -6.752079733088510949e+00 3.445300727380797186e-03 3.445300727380799788e-03 3.037918549263549702e-03 -6.120430041692404011e+00 3.942771356799070620e-03
-1.325000000000000000e+01 -1.325000000000000000e+01 -1.325000000000000000e+01 1.518413030108176597e-02 1.518413030108175903e-02 2.078959915307549214e-02 -6.627041219512798342e+00 -6.627041219512798342e+00 -6.627041219512798342e+00 3.591884974626132019e-03 3.591884974626137223e-03 3.162755489815324318e-03 -5.995391528116691404e+00 4.116913014466398388e-03
-1.300000000000000000e+01 -1.300000000000000000e+01 -1.300000000000000000e+01 1.567902224668148506e-02 1.567902224668148506e-02 2.107624933162378575e-02 -6.502002705937083959e+00 -6.502002705937083959e+00 -6.502002705937083959e+00 3.746684857309889871e-03 3.746684857309895075e-03 3.294355281471765279e-03 -5.870353014540977021e+00 4.301194767217166037e-03
-1.275000000000000000e+01 -1.275000000000000000e+01 -1.275000000000000000e+01 1.623663323513069648e-02 1.623663323513069301e-02 2.143431020336878517e-02 -6.376964192361371353e+00 -6.376964192361371353e+00 -6.376964192361371353e+00 3.910286650981171543e-03 3.910286650981183686e-03 3.433180736120540477e-03 -5.745314500965264415e+00 4.496370378317395174e-03
-1.250000000000000000e+01 -1.250000000000000000e+01 -1.250000000000000000e+01 1.685436959433803811e-02 1.685436959433804505e-02 2.182385683305658117e-02 -6.251925678785657858e+00 -6.251925678785657858e+00 -6.251925678785657858e+00 4.083328904947430144e-03 4.083328904947450093e-03 3.579735506847685472e-03 -5.620275987389550920e+00 4.703264389789634133e-03
-1.225000000000000000e+01 -1.225000000000000000e+01 -1.225000000000000000e+01 1.755014648802391553e-02 1.755014648802390512e-02 2.230175135053028002e-02 -6.126887165209944364e+00 -6.126887165209944364e+00 -6.126887165209944364e+00 4.266508701415024606e-03 4.266508701415050626e-03 3.734566842678958224e-03 -5.495237473813837425e+00 4.922778388774145739e-03
-1.200000000000000000e+01 -1.200000000000000000e+01 -1.200000000000000000e+01 1.832065125824892601e-02 1.832065125824892601e-02 2.282247413611269982e-02 -6.001848651634231757e+00 -6.001848651634231757e+00 -6.001848651634231757e+00 4.460587429252085498e-03 4.460587429252114988e-03 3.898271773332292328e-03 -5.370198960238124819e+00 5.155901431992718567e-03
-1.175000000000000000e+01 -1.175000000000000000e+01 -1.175000000000000000e+01 1.918871672529796554e-02 1.918871672529797248e-02 2.345309044163081114e-02 -5.876810138058518262e+00 -5.876810138058518262e+00 -5.876810138058518262e+00 4.666398648889291678e-03 4.666398648889322903e-03 4.071500834558058543e-03 -5.245160446662411324e+00 5.403718351861426343e-03
-1.150000000000000000e+01 -1.150000000000000000e+01 -1.150000000000000000e+01 2.015019087712719564e-02 2.015019087712719564e-02 2.414154580170125783e-02 -5.751771624482804768e+00 -5.751771624482804768e+00 -5.751771624482804768e+00 4.884855583946260717e-03 4.884855583946290207e-03 4.254965660877566523e-03 -5.120121933086697830e+00 5.667422858447772153e-03
-1.125000000000000000e+01 -1.125000000000000000e+01 -1.125000000000000000e+01 2.123431638145907574e-02 2.123431638145909656e-02 2.496755605597145850e-02 -5.626733110907092161e+00 -5.626733110907092161e+00 -5.626733110907092161e+00 5.116961094599128609e-03 5.116961094599156365e-03 4.449444008156796734e-03 -4.995083419510985223e+00 5.948328584631472696e-03
-1.100000000000000000e+01 -1.100000000000000000e+01 -1.100000000000000000e+01 2.243598198983382669e-02 2.243598198983383710e-02 2.587141094635133851e-02 -5.501694597331378667e+00 -5.501694597331378667e+00 -5.501694597331378667e+00 5.363817459694419573e-03 5.363817459694449931e-03 4.655789170525877728e-03 -4.870044905935271728e+00 6.247885726555027844e-03
-1.075000000000000000e+01 -1.075000000000000000e+01 -1.075000000000000000e+01 2.379286566402510558e-02 2.379286566402509517e-02 2.694869015724647016e-02 -5.376656083755666060e+00 -5.376656083755666060e+00 -5.376656083755666060e+00 5.626639146473784610e-03 5.626639146473813233e-03 4.874936747132799057e-03 -4.745006392359559122e+00 6.567695795321890073e-03
-1.050000000000000000e+01 -1.050000000000000000e+01 -1.050000000000000000e+01 2.529879522682543583e-02 2.529879522682542889e-02 2.813069462614850233e-02 -5.251617570179952565e+00 -5.251617570179952565e+00 -5.251617570179952565e+00 5.906765673781157189e-03 5.906765673781183210e-03 5.107916448345880059e-03 -4.619967878783845627e+00 6.909532984855989643e-03
-1.025000000000000000e+01 -1.025000000000000000e+01 -1.025000000000000000e+01 2.700267023702394159e-02 2.700267023702394506e-02 2.953314542677563243e-02 -5.126579056604239071e+00 -5.126579056604239071e+00 -5.126579056604239071e+00 6.205678129558248740e-03 6.205678129558273026e-03 5.355861223700852068e-03 -4.494929365208132133e+00 7.275363982337293943e-03
-1.000000000000000000e+01 -1.000000000000000000e+01 -1.000000000000000000e+01 2.889720864382297819e-02 2.889720864382298512e-02 3.107677918225498423e-02 -5.001540543028525576e+00 -5.001540543028525576e+00 -5.001540543028525576e+00 6.525016218309545590e-03 6.525016218309569876e-03 5.620022232854533957e-03 -4.369890851632418638e+00 7.667375724000571879e-03
-9.750000000000000000e+00 -9.750000000000000000e+00 -9.750000000000000000e+00 3.104642173454070717e-02 3.104642173454070023e-02 3.290324039626708191e-02 -4.876502029452812970e+00 -4.876502029452812970e+00 -4.876502029452812970e+00 6.866599857271175195e-03 6.866599857271189072e-03 5.901781194634848210e-03 -4.244852338056706031e+00 8.088002174947019063e-03
-9.500000000000000000e+00 -9.500000000000000000e+00 -9.500000000000000000e+00 3.344198692147968416e-02 3.344198692147967722e-02 3.492086158672264712e-02 -4.751463515877100363e+00 -4.751463515877100363e+00 -4.751463515877100363e+00 7.232451964873482311e-03 7.232451964873491852e-03 6.202669598769710961e-03 -4.119813824480993425e+00 8.539960820293417479e-03
-9.250000000000000000e+00 -9.250000000000000000e+00 -9.250000000000000000e+00 3.616854848001101880e-02 3.616854848001100492e-02 3.730515963021734105e-02 -4.626425002301386868e+00 -4.626425002301386868e+00 -4.626425002301386868e+00 7.624827019853158867e-03 7.624827019853166674e-03 6.524385486619870868e-03 -3.994775310905279930e+00 9.026289145867673683e-03
-9.000000000000000000e+00 -9.000000000000000000e+00 -9.000000000000000000e+00 3.921705380183246326e-02 3.921705380183247019e-02 3.994996273091774158e-02 -4.501386488725673374e+00 -4.501386488725673374e+00 -4.501386488725673374e+00 8.046241814033879350e-03 8.046241814033882819e-03 6.868818414119146586e-03 -3.869736797329566436e+00 9.550393225992843266e-03
-8.750000000000000000e+00 -8.750000000000000000e+00 -8.750000000000000000e+00 4.270076139923576625e-02 4.270076139923575237e-02 4.307579509593183198e-02 -4.376347975149959879e+00 -4.376347975149959879e+00 -4.376347975149959879e+00 8.499513676233938844e-03 8.499513676233935375e-03 7.238072386705759337e-03 -3.744698283753852941e+00 1.011609785944869375e-02
-8.500000000000000000e+00 -8.500000000000000000e+00 -8.500000000000000000e+00 4.661067083454705634e-02 4.661067083454704246e-02 4.655968536621448578e-02 -4.251309461574247273e+00 -4.251309461574247273e+00 -4.251309461574247273e+00 8.987802405376318915e-03 8.987802405376324119e-03 7.634498719275158510e-03 -3.619659770178140334e+00 1.072771213291983522e-02
-8.250000000000000000e+00 -8.250000000000000000e+00 -8.250000000000000000e+00 5.110043140777204007e-02 5.110043140777204007e-02 5.068309289766885495e-02 -4.126270947998534666e+00 -4.126270947998534666e+00 -4.126270947998534666e+00 9.514662085686527437e-03 9.514662085686523968e-03 8.060727603756055737e-03 -3.494621256602427728e+00 1.139009901430042444e-02
-8.000000000000000000e+00 -8.000000000000000000e+00 -8.000000000000000000e+00 5.616278459099585674e-02 5.616278459099589837e-02 5.530395841505735682e-02 -4.001232434422821171e+00 -4.001232434422821171e+00 -4.001232434422821171e+00 1.008409891508914823e-02 1.008409891508915170e-02 8.519711952412580350e-03 -3.369582743026714233e+00 1.210876507669579778e-02
-7.750000000000000000e+00 -7.750000000000000000e+00 -7.750000000000000000e+00 6.200955323681661691e-02 6.200955323681663078e-02 6.078800069196989286e-02 -3.876193920847107677e+00 -3.876193920847107677e+00 -3.876193920847107677e+00 1.070064239887257712e-02 1.070064239887258233e-02 9.014771205720455843e-03 -3.244544229451000739e+00 1.288995818454895421e-02
-7.500000000000000000e+00 -7.500000000000000000e+00 -7.500000000000000000e+00 6.863865458809224884e-02 6.863865458809223496e-02 6.697228746057891369e-02 -3.751155407271394626e+00 -3.751155407271394626e+00 -3.751155407271394626e+00 1.136942608434095975e-02 1.136942608434096148e-02 9.549650654497275626e-03 -3.119505715875287688e+00 1.374079212037961593e-02
-7.250000000000000000e+00 -7.250000000000000000e+00 -7.250000000000000000e+00 7.634764840811648912e-02 7.634764840811651687e-02 7.434186689218126587e-02 -3.626116893695682020e+00 -3.626116893695682020e+00 -3.626116893695682020e+00 1.209628678881719682e-02 1.209628678881720029e-02 1.012858280218921145e-02 -2.994467202299575082e+00 1.466938541078834958e-02
-7.000000000000000000e+00 -7.000000000000000000e+00 -7.000000000000000000e+00 8.514644489926098680e-02 8.514644489926093129e-02 8.271278016478406103e-02 -3.501078380119968525e+00 -3.501078380119968525e+00 -3.501078380119968525e+00 1.288787882018896554e-02 1.288787882018896380e-02 1.075636879781727978e-02 -2.869428688723861587e+00 1.568503717170516634e-02
-6.750000000000000000e+00 -6.750000000000000000e+00 -6.750000000000000000e+00 9.546235305650255243e-02 9.546235305650255243e-02 9.274373944187194740e-02 -3.376039866544255474e+00 -3.376039866544255474e+00 -3.376039866544255474e+00 1.375181438376916858e-02 1.375181438376916164e-02 1.143846527506964424e-02 -2.744390175148148536e+00 1.679842709475304688e-02
-6.500000000000000000e+00 -6.500000000000000000e+00 -6.500000000000000000e+00 1.073307738861269400e-01 1.073307738861269262e-01 1.042337361978267207e-01 -3.251001352968541980e+00 -3.251001352968541980e+00 -3.251001352968541980e+00 1.469682749695055794e-02 1.469682749695054927e-02 1.218109780522652966e-02 -2.619351661572435042e+00 1.802186769082324627e-02
-6.250000000000000000e+00 -6.250000000000000000e+00 -6.250000000000000000e+00 1.213814718967617667e-01 1.213814718967617251e-01 1.181022587210057984e-01 -3.125962839392828929e+00 -3.125962839392828929e+00 -3.125962839392828929e+00 1.573297584645189442e-02 1.573297584645188055e-02 1.299138516678551188e-02 -2.494313147996721991e+00 1.936959663503674822e-02
-6.000000000000000000e+00 -6.000000000000000000e+00 -6.000000000000000000e+00 1.377023647000180651e-01 1.377023647000180928e-01 1.341448958278643189e-01 -3.000924325817115879e+00 -3.000924325817115879e+00 -3.000924325817115879e+00 1.687187961116784485e-02 1.687187961116783444e-02 1.387749981196051592e-02 -2.369274634421008940e+00 2.085814486780000060e-02
-5.750000000000000000e+00 -5.750000000000000000e+00 -5.750000000000000000e+00 1.572505589960656314e-01 1.572505589960656036e-01 1.536871837259815576e-01 -2.875885812241402384e+00 -2.875885812241402384e+00 -2.875885812241402384e+00 1.812701651925150217e-02 1.812701651925150564e-02 1.484884782155435068e-02 -2.244236120845295446e+00 2.250677060466700283e-02
-5.500000000000000000e+00 -5.500000000000000000e+00 -5.500000000000000000e+00 1.802218085907447420e-01 1.802218085907447975e-01 1.765571343714373853e-01 -2.750847298665689333e+00 -2.750847298665689333e+00 -2.750847298665689333e+00 1.951407540335524035e-02 1.951407540335522647e-02 1.591629936189611211e-02 -2.119197607269582395e+00 2.433800593384852565e-02
-5.250000000000000000e+00 -5.250000000000000000e+00 -5.250000000000000000e+00 2.081249542326105983e-01 2.081249542326107371e-01 2.047399108932653755e-01 -2.625808785089976283e+00 -2.625808785089976283e+00 -2.625808785089976283e+00 2.105139494618190818e-02 2.105139494618189430e-02 1.709245255546968170e-02 -1.994159093693869345e+00 2.637831121240789140e-02
-5.000000000000000000e+00 -5.000000000000000000e+00 -5.000000000000000000e+00 2.413804772777461416e-01 2.413804772777461971e-01 2.381831122110066867e-01 -2.500770271514262788e+00 -2.500770271514262788e+00 -2.500770271514262788e+00 2.276049581732440125e-02 2.276049581732438390e-02 1.839196963368304114e-02 -1.869120580118155850e+00 2.865890026484280151e-02
-4.750000000000000000e+00 -4.750000000000000000e+00 -4.750000000000000000e+00 2.824736994936322687e-01 2.824736994936323242e-01 2.799984087393173060e-01 -2.375731757938550182e+00 -2.375731757938550182e+00 -2.375731757938550182e+00 2.466674462316916297e-02 2.466674462316915603e-02 1.983196905520781539e-02 -1.744082066542443243e+00 3.121674092734114808e-02
-4.500000000000000000e+00 -4.500000000000000000e+00 -4.500000000000000000e+00 3.323072407148427998e-01 3.323072407148426888e-01 3.304625102509912704e-01 -2.250693244362836687e+00 -2.250693244362836687e+00 -2.250693244362836687e+00 2.680016859503981871e-02 2.680016859503980484e-02 2.143252390031632690e-02 -1.619043552966729749e+00 3.409581753418489819e-02
-4.250000000000000000e+00 -4.250000000000000000e+00 -4.250000000000000000e+00 3.951970890553123672e-01 3.951970890553128113e-01 3.947287795826479040e-01 -2.125654730787123636e+00 -2.125654730787123636e+00 -2.125654730787123636e+00 2.919647859997263548e-02 2.919647859997264588e-02 2.321725356819435288e-02 -1.494005039391016698e+00 3.734867401729335262e-02
-4.000000000000000000e+00 -4.000000000000000000e+00 -4.000000000000000000e+00 4.731247372778561999e-01 4.731247372778565885e-01 4.739177547401247081e-01 -2.000616217211410586e+00 -2.000616217211410586e+00 -2.000616217211410586e+00 3.189833903938427834e-02 3.189833903938429222e-02 2.521407705811339398e-02 -1.368966525815303648e+00 4.103835397596009016e-02
-3.750000000000000000e+00 -3.750000000000000000e+00 -3.750000000000000000e+00 5.740804018135684528e-01 5.740804018135680087e-01 5.771560543914163732e-01 -1.875577703635697313e+00 -1.875577703635697313e+00 -1.875577703635697313e+00 3.495697534244028570e-02 3.495697534244027876e-02 2.745612477423798117e-02 -1.243928012239590597e+00 4.524076745621997270e-02
-3.500000000000000000e+00 -3.500000000000000000e+00 -3.500000000000000000e+00 7.025972190087169666e-01 7.025972190087168556e-01 7.077313566794927180e-01 -1.750539190059984263e+00 -1.750539190059984263e+00 -1.750539190059984263e+00 3.843419607699199297e-02 3.843419607699201379e-02 2.998290977578942779e-02 -1.118889498663877546e+00 5.004761671866073819e-02
-3.250000000000000000e+00 -3.250000000000000000e+00 -3.250000000000000000e+00 8.746626054300741249e-01 8.746626054300745690e-01 8.831924979224021754e-01 -1.625500676484270990e+00 -1.625500676484270990e+00 -1.625500676484270990e+00 4.240498497391449045e-02 4.240498497391448351e-02 3.284178571186098516e-02 -9.938509850881641627e-01 5.556986852104887215e-02
-3.000000000000000000e+00 -3.000000000000000000e+00 -3.000000000000000000e+00 1.101283021948733287e+00 1.101283021948733287e+00 1.112628247562046591e+00 -1.500462162908557939e+00 -1.500462162908557939e+00 -1.500462162908557939e+00 4.696082871811773501e-02 4.696082871811773501e-02 3.608986823490745177e-02 -8.688124715124511122e-01 6.194179603150825469e-02
-2.750000000000000000e+00 -2.750000000000000000e+00 -2.750000000000000000e+00 1.417628669775973460e+00 1.417628669775973682e+00 1.433376634149833073e+00 -1.375423649332844667e+00 -1.375423649332844667e+00 -1.375423649332844667e+00 5.221409501680712717e-02 5.221409501680711329e-02 3.979655381274520981e-02 -7.437739579367378395e-01 6.932523357307850131e-02
-2.500000000000000000e+00 -2.500000000000000000e+00 -2.500000000000000000e+00 1.852636831313072774e+00 1.852636831313072996e+00 1.871208544257316087e+00 -1.250385135757131394e+00 -1.250385135757131394e+00 -1.250385135757131394e+00 5.830389718076994104e-02 5.830389718076994104e-02 4.404705287103321404e-02 -6.187354443610245669e-01 7.791328609625378099e-02
-2.250000000000000000e+00 -2.250000000000000000e+00 -2.250000000000000000e+00 2.493273710532443399e+00 2.493273710532442955e+00 2.516148380264074280e+00 -1.125346622181418343e+00 -1.125346622181418343e+00 -1.125346622181418343e+00 6.540430504228812725e-02 6.540430504228811337e-02 4.894752183034607740e-02 -4.936969307853115163e-01 8.793125426477402251e-02
-2.000000000000000000e+00 -2.000000000000000000e+00 -2.000000000000000000e+00 3.423999986398134077e+00 3.423999986398133633e+00 3.447066180699213334e+00 -1.000308108605705293e+00 -1.000308108605705293e+00 -1.000308108605705293e+00 7.373646110006475130e-02 7.373646110006475130e-02 5.463326478117024043e-02 -3.686584172095984657e-01 9.962966804743124405e-02
-1.750000000000000000e+00 -1.750000000000000000e+00 -1.750000000000000000e+00 4.894204089542627756e+00 4.894204089542628644e+00 4.917891169894767600e+00 -8.752695950299921313e-01 -8.752695950299921313e-01 -8.752695950299921313e-01 8.358781628288955434e-02 8.358781628288949883e-02 6.128309751172387326e-02 -2.436199036338853041e-01 1.132563911065078283e-01
-1.500000000000000000e+00 -1.500000000000000000e+00 -1.500000000000000000e+00 7.187649138494134782e+00 7.187649138494137446e+00 7.202003616391773555e+00 -7.502310814542789696e-01 -7.502310814542789696e-01 -7.502310814542789696e-01 9.534269398384929983e-02 9.534269398384918881e-02 6.914785794035514799e-02 -1.185813900581721425e-01 1.289733982992647687e-01
-1.250000000000000000e+00 -1.250000000000000000e+00 -1.250000000000000000e+00 1.117889390865481047e+01 1.117889390865481047e+01 1.118189721972391482e+01 -6.251925678785656970e-01 -6.251925678785656970e-01 -6.251925678785656970e-01 1.095122671593859176e-01 1.095122671593858205e-01 7.861053899467794481e-02 6.457123517541130120e-03 1.466222805388694983e-01
-1.000000000000000000e+00 -1.000000000000000000e+00 -1.000000000000000000e+00 1.804078208443305442e+01 1.804078208443304732e+01 1.801068760968810878e+01 -5.001540543028526464e-01 -5.001540543028526464e-01 -5.001540543028526464e-01 1.266494103596362275e-01 1.266494103596361720e-01 9.029892293533460512e-02 1.314956370932541807e-01 1.651360833920386961e-01
-7.500000000000000000e-01 -7.500000000000000000e-01 -7.500000000000000000e-01 3.201166878928516724e+01 3.201166878928518855e+01 3.194636760185840529e+01 -3.751155407271394848e-01 -3.751155407271394848e-01 -3.751155407271394848e-01 1.467829372694774148e-01 1.467829372694773593e-01 1.051906040499417938e-01 2.565341506689673423e-01 1.815330624723170971e-01
-5.000000000000000000e-01 -5.000000000000000000e-01 -5.000000000000000000e-01 6.018948657934338797e+01 6.018948657934340929e+01 6.004889817449451783e+01 -2.500770271514263232e-01 -2.500770271514263232e-01 -2.500770271514263232e-01 1.680233101330551870e-01 1.680233101330551593e-01 1.243295986105977108e-01 3.815726642446805039e-01 1.905343962948282399e-01
-2.500000000000000000e-01 -2.500000000000000000e-01 -2.500000000000000000e-01 1.489086924495518360e+02 1.489086924495518645e+02 1.487292075734482353e+02 -1.250385135757131616e-01 -1.250385135757131616e-01 -1.250385135757131616e-01 1.853285679727364188e-01 1.853285679727365298e-01 1.474340400283924990e-01 5.066111778203936655e-01 1.870194140062803045e-01
0.000000000000000000e+00 0.000000000000000000e+00 0.000000000000000000e+00 3.940717836582001041e+02 3.940717836582003315e+02 3.937988863924668408e+02 0.000000000000000000e+00 0.000000000000000000e+00 0.000000000000000000e+00 1.921508630316418886e-01 1.921508630316418886e-01 1.707175965845123544e-01 6.316496913961068271e-01 1.707175965845123544e-01
2.500000000000000000e-01 2.500000000000000000e-01 2.500000000000000000e-01 1.489086924495519213e+02 1.489086924495519497e+02 1.487292075734483205e+02 1.250385135757131616e-01 1.250385135757131616e-01 1.250385135757131616e-01 1.853285679727363633e-01 1.853285679727364743e-01 1.870194140062803045e-01 7.566882049718199887e-01 1.474340400283924990e-01
5.000000000000000000e-01 5.000000000000000000e-01 5.000000000000000000e-01 6.018948657934349455e+01 6.018948657934353008e+01 6.004889817449464573e+01 2.500770271514263232e-01 2.500770271514263232e-01 2.500770271514263232e-01 1.680233101330551038e-01 1.680233101330550760e-01 1.905343962948282399e-01 8.817267185475331503e-01 1.243295986105977108e-01
7.500000000000000000e-01 7.500000000000000000e-01 7.500000000000000000e-01 3.201166878928516724e+01 3.201166878928518855e+01 3.194636760185840529e+01 3.751155407271394848e-01 3.751155407271394848e-01 3.751155407271394848e-01 1.467829372694773871e-01 1.467829372694773593e-01 1.815330624723170971e-01 1.006765232123246312e+00 1.051906040499417938e-01
1.000000000000000000e+00 1.000000000000000000e+00 1.000000000000000000e+00 1.804078208443312192e+01 1.804078208443311127e+01 1.801068760968817628e+01 5.001540543028526464e-01 5.001540543028526464e-01 5.001540543028526464e-01 1.266494103596360887e-01 1.266494103596360332e-01 1.651360833920386961e-01 1.131803745698959585e+00 9.029892293533460512e-02
1.250000000000000000e+00 1.250000000000000000e+00 1.250000000000000000e+00 1.117889390865484955e+01 1.117889390865484955e+01 1.118189721972395034e+01 6.251925678785656970e-01 6.251925678785656970e-01 6.251925678785656970e-01 1.095122671593857649e-01 1.095122671593856817e-01 1.466222805388694983e-01 1.256842259274672635e+00 7.861053899467794481e-02
1.500000000000000000e+00 1.500000000000000000e+00 1.500000000000000000e+00 7.187649138494134782e+00 7.187649138494137446e+00 7.202003616391774443e+00 7.502310814542789696e-01 7.502310814542789696e-01 7.502310814542789696e-01 9.534269398384928595e-02 9.534269398384917493e-02 1.289733982992647687e-01 1.381880772850385686e+00 6.914785794035514799e-02
1.750000000000000000e+00 1.750000000000000000e+00 1.750000000000000000e+00 4.894204089542650848e+00 4.894204089542651737e+00 4.917891169894790693e+00 8.752695950299921313e-01 8.752695950299921313e-01 8.752695950299921313e-01 8.358781628288965149e-02 8.358781628288963761e-02 1.132563911065078283e-01 1.506919286426098958e+00 6.128309751172387326e-02
2.000000000000000000e+00 2.000000000000000000e+00 2.000000000000000000e+00 3.423999986398146955e+00 3.423999986398146955e+00 3.447066180699221327e+00 1.000308108605705293e+00 1.000308108605705293e+00 1.000308108605705293e+00 7.373646110006486232e-02 7.373646110006483456e-02 9.962966804743124405e-02 1.631957800001812231e+00 5.463326478117024043e-02
2.250000000000000000e+00 2.250000000000000000e+00 2.250000000000000000e+00 2.493273710532443399e+00 2.493273710532442955e+00 2.516148380264074280e+00 1.125346622181418343e+00 1.125346622181418343e+00 1.125346622181418343e+00 6.540430504228811337e-02 6.540430504228805786e-02 8.793125426477402251e-02 1.756996313577525282e+00 4.894752183034607740e-02
2.500000000000000000e+00 2.500000000000000000e+00 2.500000000000000000e+00 1.852636831313084320e+00 1.852636831313084986e+00 1.871208544257323636e+00 1.250385135757131394e+00 1.250385135757131394e+00 1.250385135757131394e+00 5.830389718076977451e-02 5.830389718076974676e-02 7.791328609625378099e-02 1.882034827153238332e+00 4.404705287103321404e-02
2.750000000000000000e+00 2.750000000000000000e+00 2.750000000000000000e+00 1.417628669775979899e+00 1.417628669775980121e+00 1.433376634149837514e+00 1.375423649332844667e+00 1.375423649332844667e+00 1.375423649332844667e+00 5.221409501680694676e-02 5.221409501680694676e-02 6.932523357307850131e-02 2.007073340728951383e+00 3.979655381274520981e-02
3.000000000000000000e+00 3.000000000000000000e+00 3.000000000000000000e+00 1.101283021948733287e+00 1.101283021948733287e+00 1.112628247562046369e+00 1.500462162908557939e+00 1.500462162908557939e+00 1.500462162908557939e+00 4.696082871811771420e-02 4.696082871811771420e-02 6.194179603150825469e-02 2.132111854304664877e+00 3.608986823490745177e-02
3.250000000000000000e+00 3.250000000000000000e+00 3.250000000000000000e+00 8.746626054300806752e-01 8.746626054300814523e-01 8.831924979224065053e-01 1.625500676484270990e+00 1.625500676484270990e+00 1.625500676484270990e+00 4.240498497391464311e-02 4.240498497391463617e-02 5.556986852104887215e-02 2.257150367880377928e+00 3.284178571186098516e-02
3.500000000000000000e+00 3.500000000000000000e+00 3.500000000000000000e+00 7.025972190087206304e-01 7.025972190087205194e-01 7.077313566794953825e-01 1.750539190059984263e+00 1.750539190059984263e+00 1.750539190059984263e+00 3.843419607699215257e-02 3.843419607699217339e-02 5.004761671866073819e-02 2.382188881456090979e+00 2.998290977578942779e-02
3.750000000000000000e+00 3.750000000000000000e+00 3.750000000000000000e+00 5.740804018135684528e-01 5.740804018135680087e-01 5.771560543914162622e-01 1.875577703635697313e+00 1.875577703635697313e+00 1.875577703635697313e+00 3.495697534244027183e-02 3.495697534244025101e-02 4.524076745621997270e-02 2.507227395031804029e+00 2.745612477423798117e-02
4.000000000000000000e+00 4.000000000000000000e+00 4.000000000000000000e+00 4.731247372778596416e-01 4.731247372778597526e-01 4.739177547401270951e-01 2.000616217211410586e+00 2.000616217211410586e+00 2.000616217211410586e+00 3.189833903938414650e-02 3.189833903938414650e-02 4.103835397596009016e-02 2.632265908607517524e+00 2.521407705811339398e-02
4.250000000000000000e+00 4.250000000000000000e+00 4.250000000000000000e+00 3.951970890553143101e-01 3.951970890553146432e-01 3.947287795826482371e-01 2.125654730787123636e+00 2.125654730787123636e+00 2.125654730787123636e+00 2.919647859997249670e-02 2.919647859997250364e-02 3.734867401729335262e-02 2.757304422183230574e+00 2.321725356819435288e-02
4.500000000000000000e+00 4.500000000000000000e+00 4.500000000000000000e+00 3.323072407148427998e-01 3.323072407148426888e-01 3.304625102509912149e-01 2.250693244362836687e+00 2.250693244362836687e+00 2.250693244362836687e+00 2.680016859503980831e-02 2.680016859503980137e-02 3.409581753418489819e-02 2.882342935758943625e+00 2.143252390031632690e-02
4.750000000000000000e+00 4.750000000000000000e+00 4.750000000000000000e+00 2.824736994936344892e-01 2.824736994936343226e-01 2.799984087393186383e-01 2.375731757938550182e+00 2.375731757938550182e+00 2.375731757938550182e+00 2.466674462316930175e-02 2.466674462316928787e-02 3.121674092734114808e-02 3.007381449334657120e+00 1.983196905520781539e-02
5.000000000000000000e+00 5.000000000000000000e+00 5.000000000000000000e+00 2.413804772777471963e-01 2.413804772777472241e-01 2.381831122110071031e-01 2.500770271514262788e+00 2.500770271514262788e+00 2.500770271514262788e+00 2.276049581732454002e-02 2.276049581732452268e-02 2.865890026484280151e-02 3.132419962910369726e+00 1.839196963368304114e-02
5.250000000000000000e+00 5.250000000000000000e+00 5.250000000000000000e+00 2.081249542326105983e-01 2.081249542326107371e-01 2.047399108932653755e-01 2.625808785089976283e+00 2.625808785089976283e+00 2.625808785089976283e+00 2.105139494618190124e-02 2.105139494618188736e-02 2.637831121240789140e-02 3.257458476486083221e+00 1.709245255546968170e-02
5.500000000000000000e+00 5.500000000000000000e+00 5.500000000000000000e+00 1.802218085907462686e-01 1.802218085907463518e-01 1.765571343714381902e-01 2.750847298665689333e+00 2.750847298665689333e+00 2.750847298665689333e+00 1.951407540335510157e-02 1.951407540335508076e-02 2.433800593384852565e-02 3.382496990061796271e+00 1.591629936189611211e-02
5.750000000000000000e+00 5.750000000000000000e+00 5.750000000000000000e+00 1.572505589960664918e-01 1.572505589960665195e-01 1.536871837259818907e-01 2.875885812241402384e+00 2.875885812241402384e+00 2.875885812241402384e+00 1.812701651925136687e-02 1.812701651925137034e-02 2.250677060466700283e-02 3.507535503637509322e+00 1.484884782155435068e-02
6.000000000000000000e+00 6.000000000000000000e+00 6.000000000000000000e+00 1.377023647000180651e-01 1.377023647000180651e-01 1.341448958278642911e-01 3.000924325817115879e+00 3.000924325817115879e+00 3.000924325817115879e+00 1.687187961116783791e-02 1.687187961116783444e-02 2.085814486780000060e-02 3.632574017213222817e+00 1.387749981196051592e-02
6.250000000000000000e+00 6.250000000000000000e+00 6.250000000000000000e+00 1.213814718967630019e-01 1.213814718967629186e-01 1.181022587210064090e-01 3.125962839392828929e+00 3.125962839392828929e+00 3.125962839392828929e+00 1.573297584645203320e-02 1.573297584645202279e-02 1.936959663503674822e-02 3.757612530788935867e+00 1.299138516678551188e-02
6.500000000000000000e+00 6.500000000000000000e+00 6.500000000000000000e+00 1.073307738861276617e-01 1.073307738861276756e-01 1.042337361978269289e-01 3.251001352968541980e+00 3.251001352968541980e+00 3.251001352968541980e+00 1.469682749695069846e-02 1.469682749695070366e-02 1.802186769082324627e-02 3.882651044364648918e+00 1.218109780522652966e-02
6.750000000000000000e+00 6.750000000000000000e+00 6.750000000000000000e+00 9.546235305650255243e-02 9.546235305650255243e-02 9.274373944187190577e-02 3.376039866544255474e+00 3.376039866544255474e+00 3.376039866544255474e+00 1.375181438376916337e-02 1.375181438376915991e-02 1.679842709475304688e-02 4.007689557940362413e+00 1.143846527506964424e-02
7.000000000000000000e+00 7.000000000000000000e+00 7.000000000000000000e+00 8.514644489926177784e-02 8.514644489926175008e-02 8.271278016478431083e-02 3.501078380119968525e+00 3.501078380119968525e+00 3.501078380119968525e+00 1.288787882018883023e-02 1.288787882018882502e-02 1.568503717170516634e-02 4.132728071516075019e+00 1.075636879781727978e-02
7.250000000000000000e+00 7.250000000000000000e+00 7.250000000000000000e+00 7.634764840811694708e-02 7.634764840811694708e-02 7.434186689218132138e-02 3.626116893695682020e+00 3.626116893695682020e+00 3.626116893695682020e+00 1.209628678881706325e-02 1.209628678881705804e-02 1.466938541078834958e-02 4.257766585091788514e+00 1.012858280218921145e-02
7.500000000000000000e+00 7.500000000000000000e+00 7.500000000000000000e+00 6.863865458809224884e-02 6.863865458809223496e-02 6.697228746057889981e-02 3.751155407271394626e+00 3.751155407271394626e+00 3.751155407271394626e+00 1.136942608434095454e-02 1.136942608434095975e-02 1.374079212037961593e-02 4.382805098667501120e+00 9.549650654497275626e-03
7.750000000000000000e+00 7.750000000000000000e+00 7.750000000000000000e+00 6.200955323681719977e-02 6.200955323681717202e-02 6.078800069197004552e-02 3.876193920847107677e+00 3.876193920847107677e+00 3.876193920847107677e+00 1.070064239887270896e-02 1.070064239887270549e-02 1.288995818454895421e-02 4.507843612243214615e+00 9.014771205720455843e-03
8.000000000000000000e+00 8.000000000000000000e+00 8.000000000000000000e+00 5.616278459099621062e-02 5.616278459099623144e-02 5.530395841505744009e-02 4.001232434422821171e+00 4.001232434422821171e+00 4.001232434422821171e+00 1.008409891508927486e-02 1.008409891508927660e-02 1.210876507669579778e-02 4.632882125818928110e+00 8.519711952412580350e-03
8.250000000000000000e+00 8.250000000000000000e+00 8.250000000000000000e+00 5.110043140777204007e-02 5.110043140777204007e-02 5.068309289766884801e-02 4.126270947998534666e+00 4.126270947998534666e+00 4.126270947998534666e+00 9.514662085686522233e-03 9.514662085686518764e-03 1.139009901430042444e-02 4.757920639394641604e+00 8.060727603756055737e-03
8.500000000000000000e+00 8.500000000000000000e+00 8.500000000000000000e+00 4.661067083454746574e-02 4.661067083454745880e-02 4.655968536621456905e-02 4.251309461574247273e+00 4.251309461574247273e+00 4.251309461574247273e+00 8.987802405376164525e-03 8.987802405376167994e-03 1.072771213291983522e-02 4.882959152970354211e+00 7.634498719275158510e-03
8.750000000000000000e+00 8.750000000000000000e+00 8.750000000000000000e+00 4.270076139923591890e-02 4.270076139923589809e-02 4.307579509593188055e-02 4.376347975149959879e+00 4.376347975149959879e+00 4.376347975149959879e+00 8.499513676233782719e-03 8.499513676233786189e-03 1.011609785944869375e-02 5.007997666546066817e+00 7.238072386705759337e-03
9.000000000000000000e+00 9.000000000000000000e+00 9.000000000000000000e+00 3.921705380183246326e-02 3.921705380183247713e-02 3.994996273091774158e-02 4.501386488725673374e+00 4.501386488725673374e+00 4.501386488725673374e+00 8.046241814033874146e-03 8.046241814033877615e-03 9.550393225992843266e-03 5.133036180121780312e+00 6.868818414119146586e-03
9.250000000000000000e+00 9.250000000000000000e+00 9.250000000000000000e+00 3.616854848001140044e-02 3.616854848001138656e-02 3.730515963021735493e-02 4.626425002301386868e+00 4.626425002301386868e+00 4.626425002301386868e+00 7.624827019853304584e-03 7.624827019853308921e-03 9.026289145867673683e-03 5.258074693697493807e+00 6.524385486619870868e-03
9.500000000000000000e+00 9.500000000000000000e+00 9.500000000000000000e+00 3.344198692147989926e-02 3.344198692147987845e-02 3.492086158672270957e-02 4.751463515877100363e+00 4.751463515877100363e+00 4.751463515877100363e+00 7.232451964873620222e-03 7.232451964873625426e-03 8.539960820293417479e-03 5.383113207273207301e+00 6.202669598769710961e-03
9.750000000000000000e+00 9.750000000000000000e+00 9.750000000000000000e+00 3.104642173454070717e-02 3.104642173454070023e-02 3.290324039626708191e-02 4.876502029452812970e+00 4.876502029452812970e+00 4.876502029452812970e+00 6.866599857271170858e-03 6.866599857271181266e-03 8.088002174947019063e-03 5.508151720848919908e+00 5.901781194634848210e-03
1.000000000000000000e+01 1.000000000000000000e+01 1.000000000000000000e+01 2.889720864382328350e-02 2.889720864382328697e-02 3.107677918225507790e-02 5.001540543028525576e+00 5.001540543028525576e+00 5.001540543028525576e+00 6.525016218309419823e-03 6.525016218309433701e-03 7.667375724000571879e-03 5.633190234424632514e+00 5.620022232854533957e-03
1.025000000000000000e+01 1.025000000000000000e+01 1.025000000000000000e+01 2.700267023702410119e-02 2.700267023702409078e-02 2.953314542677566018e-02 5.126579056604239071e+00 5.126579056604239071e+00 5.126579056604239071e+00 6.205678129558124707e-03 6.205678129558145524e-03 7.275363982337293943e-03 5.758228748000346009e+00 5.355861223700852068e-03
1.050000000000000000e+01 1.050000000000000000e+01 1.050000000000000000e+01 2.529879522682543583e-02 2.529879522682542889e-02 2.813069462614850233e-02 5.251617570179952565e+00 5.251617570179952565e+00 5.251617570179952565e+00 5.906765673781150250e-03 5.906765673781177138e-03 6.909532984855989643e-03 5.883267261576059504e+00 5.107916448345880059e-03
1.075000000000000000e+01 1.075000000000000000e+01 1.075000000000000000e+01 2.379286566402534150e-02 2.379286566402534844e-02 2.694869015724648750e-02 5.376656083755666060e+00 5.376656083755666060e+00 5.376656083755666060e+00 5.626639146473906040e-03 5.626639146473932061e-03 6.567695795321890073e-03 6.008305775151772998e+00 4.874936747132799057e-03
1.100000000000000000e+01 1.100000000000000000e+01 1.100000000000000000e+01 2.243598198983394465e-02 2.243598198983394812e-02 2.587141094635135238e-02 5.501694597331378667e+00 5.501694597331378667e+00 5.501694597331378667e+00 5.363817459694534065e-03 5.363817459694561821e-03 6.247885726555027844e-03 6.133344288727485605e+00 4.655789170525877728e-03
1.125000000000000000e+01 1.125000000000000000e+01 1.125000000000000000e+01 2.123431638145907574e-02 2.123431638145909656e-02 2.496755605597145850e-02 5.626733110907092161e+00 5.626733110907092161e+00 5.626733110907092161e+00 5.116961094599120803e-03 5.116961094599148559e-03 5.948328584631472696e-03 6.258382802303199099e+00 4.449444008156796734e-03
1.150000000000000000e+01 1.150000000000000000e+01 1.150000000000000000e+01 2.015019087712734483e-02 2.015019087712734136e-02 2.414154580170124742e-02 5.751771624482804768e+00 5.751771624482804768e+00 5.751771624482804768e+00 4.884855583946146225e-03 4.884855583946176583e-03 5.667422858447772153e-03 6.383421315878911706e+00 4.254965660877566523e-03
1.175000000000000000e+01 1.175000000000000000e+01 1.175000000000000000e+01 1.918871672529803146e-02 1.918871672529803840e-02 2.345309044163077644e-02 5.876810138058518262e+00 5.876810138058518262e+00 5.876810138058518262e+00 4.666398648889172850e-03 4.666398648889204075e-03 5.403718351861426343e-03 6.508459829454625201e+00 4.071500834558058543e-03
1.200000000000000000e+01 1.200000000000000000e+01 1.200000000000000000e+01 1.832065125824892601e-02 1.832065125824892601e-02 2.282247413611270329e-02 6.001848651634231757e+00 6.001848651634231757e+00 6.001848651634231757e+00 4.460587429252076824e-03 4.460587429252103712e-03 5.155901431992718567e-03 6.633498343030338695e+00 3.898271773332292328e-03
1.225000000000000000e+01 1.225000000000000000e+01 1.225000000000000000e+01 1.755014648802409594e-02 1.755014648802408553e-02 2.230175135053029042e-02 6.126887165209944364e+00 6.126887165209944364e+00 6.126887165209944364e+00 4.266508701415146904e-03 4.266508701415172924e-03 4.922778388774145739e-03 6.758536856606051302e+00 3.734566842678958224e-03
1.250000000000000000e+01 1.250000000000000000e+01 1.250000000000000000e+01 1.685436959433811444e-02 1.685436959433811444e-02 2.182385683305661586e-02 6.251925678785657858e+00 6.251925678785657858e+00 6.251925678785657858e+00 4.083328904947545503e-03 4.083328904947566319e-03 4.703264389789634133e-03 6.883575370181764796e+00 3.579735506847685472e-03
1.275000000000000000e+01 1.275000000000000000e+01 1.275000000000000000e+01 1.623663323513069648e-02 1.623663323513069301e-02 2.143431020336877824e-02 6.376964192361371353e+00 6.376964192361371353e+00 6.376964192361371353e+00 3.910286650981161134e-03 3.910286650981171543e-03 4.496370378317395174e-03 7.008613883757478291e+00 3.433180736120540477e-03
1.300000000000000000e+01 1.300000000000000000e+01 1.300000000000000000e+01 1.567902224668160302e-02 1.567902224668160302e-02 2.107624933162371983e-02 6.502002705937083959e+00 6.502002705937083959e+00 6.502002705937083959e+00 3.746684857309783619e-03 3.746684857309791426e-03 4.301194767217166037e-03 7.133652397333190898e+00 3.294355281471765279e-03
1.325000000000000000e+01 1.325000000000000000e+01 1.325000000000000000e+01 1.518413030108183709e-02 1.518413030108182668e-02 2.078959915307541234e-02 6.627041219512798342e+00 6.627041219512798342e+00 6.627041219512798342e+00 3.591884974626023599e-03 3.591884974626024900e-03 4.116913014466398388e-03 7.258690910908905281e+00 3.162755489815324318e-03
1.350000000000000000e+01 1.350000000000000000e+01 1.350000000000000000e+01 1.473784713904065409e-02 1.473784713904065929e-02 2.052581282929927600e-02 6.752079733088510949e+00 6.752079733088510949e+00 6.752079733088510949e+00 3.445300727380784609e-03 3.445300727380785910e-03 3.942771356799070620e-03 7.383729424484617887e+00 3.037918549263549702e-03
1.375000000000000000e+01 1.375000000000000000e+01 1.375000000000000000e+01 1.434215977655412672e-02 1.434215977655413192e-02 2.032000878760307702e-02 6.877118246664223555e+00 6.877118246664223555e+00 6.877118246664223555e+00 3.306393639017041891e-03 3.306393639017045361e-03 3.778078432469091606e-03 7.508767938060330493e+00 2.919417402725272073e-03
1.400000000000000000e+01 1.400000000000000000e+01 1.400000000000000000e+01 1.398592385040396333e-02 1.398592385040395812e-02 2.013048249177197893e-02 7.002156760239937050e+00 7.002156760239937050e+00 7.002156760239937050e+00 3.174668007495367889e-03 3.174668007495374394e-03 3.622200544385254656e-03 7.633806451636043988e+00 2.806858723092410784e-03
1.425000000000000000e+01 1.425000000000000000e+01 1.425000000000000000e+01 1.367062044990596976e-02 1.367062044990598191e-02 1.998820721316446267e-02 7.127195273815649657e+00 7.127195273815649657e+00 7.127195273815649657e+00 3.049667420287130015e-03 3.049667420287145193e-03 3.474554864031984339e-03 7.758844965211756595e+00 2.699878692619096798e-03
1.450000000000000000e+01 1.450000000000000000e+01 1.450000000000000000e+01 1.338743210223124029e-02 1.338743210223124550e-02 1.985715929272108618e-02 7.252233787391364039e+00 7.252233787391364039e+00 7.252233787391364039e+00 2.930970688022270423e-03 2.930970688022286903e-03 3.334605848498570484e-03 7.883883478787470978e+00 2.598141529382149220e-03
1.475000000000000000e+01 1.475000000000000000e+01 1.475000000000000000e+01 1.313742216627174914e-02 1.313742216627175781e-02 1.976472273949430106e-02 7.377272300967076646e+00 7.377272300967076646e+00 7.377272300967076646e+00 2.818189118973481264e-03 2.818189118973500780e-03 3.201859677581707798e-03 8.008921992363182696e+00 2.501335956184480916e-03
1.500000000000000000e+01 1.500000000000000000e+01 1.500000000000000000e+01 1.291360888570928372e-02 1.291360888570928372e-02 1.967963019270718358e-02 7.502310814542789252e+00 7.502310814542789252e+00 7.502310814542789252e+00 2.710963202910088299e-03 2.710963202910109983e-03 3.075861545958928720e-03 8.133960505938896191e+00 2.409174144792904267e-03
1.525000000000000000e+01 1.525000000000000000e+01 1.525000000000000000e+01 1.271671395452659593e-02 1.271671395452660114e-02 1.962614469018665597e-02 7.627349328118502747e+00 7.627349328118502747e+00 7.627349328118502747e+00 2.608960472247371862e-03 2.608960472247394413e-03 2.956191071310205511e-03 8.258999019514609685e+00 2.321388739685284128e-03
1.550000000000000000e+01 1.550000000000000000e+01 1.550000000000000000e+01 1.254121060325539584e-02 1.254121060325539064e-02 1.957701266781288613e-02 7.752387841694215354e+00 7.752387841694215354e+00 7.752387841694215354e+00 2.511872778499347515e-03 2.511872778499369633e-03 2.842460253198778996e-03 8.384037533090321404e+00 2.237732119757526034e-03
1.575000000000000000e+01 1.575000000000000000e+01 1.575000000000000000e+01 1.238754381952592888e-02 1.238754381952592888e-02 1.955377166800678287e-02 7.877426355269929736e+00 7.877426355269929736e+00 7.877426355269929736e+00 2.419414609447305062e-03 2.419414609447321108e-03 2.734309653005004108e-03 8.509076046666036675e+00 2.157973873248083749e-03
1.600000000000000000e+01 1.600000000000000000e+01 1.600000000000000000e+01 1.225134442234624560e-02 1.225134442234623519e-02 1.953258086389201079e-02 8.002464868845642343e+00 8.002464868845642343e+00 8.002464868845642343e+00 2.331320837825569779e-03 2.331320837825580621e-03 2.631406862572673207e-03 8.634114560241748393e+00 2.081900301239741295e-03
1.625000000000000000e+01 1.625000000000000000e+01 1.625000000000000000e+01 1.213283580143512987e-02 1.213283580143512640e-02 1.953258714923888223e-02 8.127503382421354061e+00 8.127503382421354061e+00 8.127503382421354061e+00 2.247345395128512793e-03 2.247345395128518431e-03 2.533443303379086849e-03 8.759153073817460111e+00 2.009312263490087899e-03
1.650000000000000000e+01 1.650000000000000000e+01 1.650000000000000000e+01 1.202857241854141113e-02 1.202857241854140766e-02 1.953287232907663026e-02 8.252541895997069332e+00 8.252541895997069332e+00 8.252541895997069332e+00 2.167259400004398033e-03 2.167259400004402370e-03 2.440133086035716891e-03 8.884191587393175382e+00 1.940024866537835889e-03
1.675000000000000000e+01 1.675000000000000000e+01 1.675000000000000000e+01 1.193860260860187157e-02 1.193860260860187678e-02 1.955047688596271011e-02 8.377580409572781051e+00 8.377580409572781051e+00 8.377580409572781051e+00 2.090850112721097647e-03 2.090850112721104152e-03 2.351210310973657260e-03 9.009230100968887101e+00 1.873865618040104937e-03
1.700000000000000000e+01 1.700000000000000000e+01 1.700000000000000000e+01 1.186021925968037093e-02 1.186021925968037093e-02 1.956700299218209343e-02 8.502618923148494545e+00 8.502618923148494545e+00 8.502618923148494545e+00 2.017919371775366098e-03 2.017919371775371302e-03 2.266428228209013337e-03 9.134268614544600595e+00 1.810674256353670027e-03
1.725000000000000000e+01 1.725000000000000000e+01 1.725000000000000000e+01 1.179333484022076876e-02 1.179333484022076529e-02 1.959762658066896077e-02 8.627657436724208040e+00 8.627657436724208040e+00 8.627657436724208040e+00 1.948282770739916082e-03 1.948282770739921720e-03 2.185556948120612793e-03 9.259307128120314090e+00 1.750301164856285637e-03
1.750000000000000000e+01 1.750000000000000000e+01 1.750000000000000000e+01 1.173583316944208123e-02 1.173583316944208123e-02 1.962613807563012153e-02 8.752695950299919758e+00 8.752695950299919758e+00 8.752695950299919758e+00 1.881768347676527351e-03 1.881768347676530820e-03 2.108382832155663612e-03 9.384345641696025808e+00 1.692607310777621355e-03
1.775000000000000000e+01 1.775000000000000000e+01 1.775000000000000000e+01 1.168752377369082496e-02 1.168752377369082496e-02 1.966605511493723507e-02 8.877734463875635029e+00 8.877734463875635029e+00 8.877734463875635029e+00 1.818215939656607711e-03 1.818215939656610746e-03 2.034706542311635544e-03 9.509384155271741079e+00 1.637462881996214030e-03
1.800000000000000000e+01 1.800000000000000000e+01 1.800000000000000000e+01 1.164676332715169731e-02 1.164676332715169037e-02 1.970308074701607529e-02 9.002772977451346748e+00 9.002772977451346748e+00 9.002772977451346748e+00 1.757476082051934695e-03 1.757476082051932526e-03 1.964342609573138925e-03 9.634422668847452798e+00 1.584747311604826859e-03
1.825000000000000000e+01 1.825000000000000000e+01 1.825000000000000000e+01 1.161328603185991445e-02 1.161328603185991272e-02 1.974925053316704121e-02 9.127811491027060242e+00 9.127811491027060242e+00 9.127811491027060242e+00 1.699409506610564512e-03 1.699409506610554755e-03 1.897117766142831282e-03 9.759461182423166292e+00 1.534348108717879583e-03
1.850000000000000000e+01 1.850000000000000000e+01 1.850000000000000000e+01 1.158582644749352880e-02 1.158582644749352533e-02 1.979195036986443335e-02 9.252850004602773737e+00 9.252850004602773737e+00 9.252850004602773737e+00 1.643886217603376509e-03 1.643886217603363932e-03 1.832870650738250510e-03 9.884499695998879787e+00 1.486160952549130543e-03
1.875000000000000000e+01 1.875000000000000000e+01 1.875000000000000000e+01 1.156406658865598291e-02 1.156406658865598812e-02 1.984188451614883261e-02 9.377888518178485455e+00 9.377888518178485455e+00 9.377888518178485455e+00 1.590785107826980576e-03 1.590785107826963229e-03 1.771450379666411308e-03 1.000953820957459151e+01 1.440088696586093670e-03
1.900000000000000000e+01 1.900000000000000000e+01 1.900000000000000000e+01 1.154704220282943943e-02 1.154704220282943249e-02 1.988792944958225895e-02 9.502927031754200726e+00 9.502927031754200726e+00 9.502927031754200726e+00 1.539993186705087723e-03 1.539993186705067340e-03 1.712716357690728143e-03 1.013457672315030678e+01 1.396041522532941170e-03
1.925000000000000000e+01 1.925000000000000000e+01 1.925000000000000000e+01 1.153440247720383463e-02 1.153440247720383116e-02 1.993958724797386534e-02 9.627965545329912445e+00 9.627965545329912445e+00 9.627965545329912445e+00 1.491405295695444159e-03 1.491405295695425294e-03 1.656537053620405452e-03 1.025961523672601849e+01 1.353936104522417659e-03
1.950000000000000000e+01 1.950000000000000000e+01 1.950000000000000000e+01 1.152542219263964947e-02 1.152542219263964773e-02 1.998706362506130416e-02 9.753004058905625939e+00 9.753004058905625939e+00 9.753004058905625939e+00 1.444923470457530222e-03 1.444923470457509622e-03 1.602789893053443993e-03 1.038465375030173199e+01 1.313695819855280810e-03
1.975000000000000000e+01 1.975000000000000000e+01 1.975000000000000000e+01 1.151973388755464685e-02 1.151973388755465205e-02 2.003876907945287278e-02 9.878042572481339434e+00 9.878042572481339434e+00 9.878042572481339434e+00 1.400456743501349256e-03 1.400456743501327572e-03 1.551360211965978732e-03 1.050969226387744548e+01 1.275250067517237369e-03
2.000000000000000000e+01 2.000000000000000000e+01 2.000000000000000000e+01 1.151680087217021690e-02 1.151680087217021690e-02 2.008610290613363492e-02 1.000308108605705115e+01 1.000308108605705115e+01 1.000308108605705115e+01 1.357920629081768322e-03 1.357920629081750541e-03 1.502141213852906327e-03 1.063473077745315720e+01 1.238534540099612506e-03
2.025000000000000000e+01 2.025000000000000000e+01 2.025000000000000000e+01 1.151625253406246899e-02 1.151625253406247419e-02 2.013647870200288223e-02 1.012811959963276642e+01 1.012811959963276642e+01 1.012811959963276642e+01 1.317237007203398650e-03 1.317237007203384555e-03 1.455033081438392596e-03 1.075976929102887247e+01 1.203490699779043941e-03
2.050000000000000000e+01 2.050000000000000000e+01 2.050000000000000000e+01 1.151769960271419556e-02 1.151769960271419035e-02 2.018237520169569033e-02 1.025315811320847814e+01 1.025315811320847814e+01 1.025315811320847814e+01 1.278333726707550676e-03 1.278333726707540701e-03 1.409942986087357351e-03 1.088480780460458419e+01 1.170066125314958051e-03
2.075000000000000000e+01 2.075000000000000000e+01 2.075000000000000000e+01 1.152077955101629171e-02 1.152077955101629692e-02 2.023029000233259392e-02 1.037819662678419164e+01 1.037819662678419164e+01 1.037819662678419164e+01 1.241144571742058660e-03 1.241144571742052588e-03 1.366784343737322254e-03 1.100984631818029769e+01 1.138214160231604700e-03
2.100000000000000000e+01 2.100000000000000000e+01 2.100000000000000000e+01 1.152521704357489969e-02 1.152521704357489796e-02 2.027368530253342155e-02 1.050323514035990513e+01 1.050323514035990513e+01 1.050323514035990513e+01 1.205608986510876618e-03 1.205608986510868161e-03 1.325476869426840546e-03 1.113488483175601118e+01 1.107894362004999437e-03
2.125000000000000000e+01 2.125000000000000000e+01 2.125000000000000000e+01 1.153066696201460704e-02 1.153066696201460184e-02 2.031821160562481340e-02 1.062827365393561863e+01 1.062827365393561863e+01 1.062827365393561863e+01 1.171672134157235572e-03 1.171672134157227766e-03 1.285945969396839203e-03 1.125992334533172468e+01 1.079072353335156637e-03
2.150000000000000000e+01 2.150000000000000000e+01 2.150000000000000000e+01 1.153694065806162676e-02 1.153694065806162503e-02 2.035823407451389788e-02 1.075331216751133212e+01 1.075331216751133212e+01 1.075331216751133212e+01 1.139284757250187208e-03 1.139284757250182871e-03 1.248122838682353547e-03 1.138496185890743817e+01 1.051720419563037870e-03
2.175000000000000000e+01 2.175000000000000000e+01 2.175000000000000000e+01 1.154371812224046223e-02 1.154371812224046397e-02 2.039861450044947594e-02 1.087835068108704384e+01 1.087835068108704384e+01 1.087835068108704384e+01 1.108403351497427077e-03 1.108403351497422307e-03 1.211943987622968481e-03 1.151000037248314989e+01 1.025817616374999700e-03
2.200000000000000000e+01 2.200000000000000000e+01 2.200000000000000000e+01 1.155087528689489537e-02 1.155087528689489884e-02 2.043455382303608486e-02 1.100338919466275733e+01 1.100338919466275733e+01 1.100338919466275733e+01 1.078990191600957479e-03 1.078990191600955311e-03 1.177351386251788241e-03 1.163503888605886338e+01 1.001350586760709708e-03
2.225000000000000000e+01 2.225000000000000000e+01 2.225000000000000000e+01 1.155812356714941598e-02 1.155812356714942465e-02 2.047017419211990055e-02 1.112842770823847083e+01 1.112842770823847083e+01 1.112842770823847083e+01 1.051013661526109012e-03 1.051013661526111831e-03 1.144292130785980015e-03 1.176007739963457688e+01 9.783140046872996869e-04
2.250000000000000000e+01 2.250000000000000000e+01 2.250000000000000000e+01 1.156538564893291356e-02 1.156538564893291703e-02 2.050145671004867040e-02 1.125346622181418432e+01 1.125346622181418432e+01 1.125346622181418432e+01 1.024448500497574226e-03 1.024448500497576828e-03 1.112718645457367846e-03 1.188511591321029037e+01 9.567117042993113175e-04
2.275000000000000000e+01 2.275000000000000000e+01 2.275000000000000000e+01 1.157240949873611022e-02 1.157240949873611542e-02 2.053182463940403379e-02 1.137850473538989782e+01 1.137850473538989782e+01 1.137850473538989782e+01 9.992763648133038117e-04 9.992763648133070643e-04 1.082588502995109970e-03 1.201015442678600387e+01 9.365575411808296129e-04
2.300000000000000000e+01 2.300000000000000000e+01 2.300000000000000000e+01 1.157915033171635390e-02 1.157915033171634522e-02 2.055799381442660612e-02 1.150354324896560954e+01 1.150354324896560954e+01 1.150354324896560954e+01 9.754863955957798934e-04 9.754863955957800018e-04 1.053864700658455576e-03 1.213519294036171559e+01 9.178768776531496783e-04
2.325000000000000000e+01 2.325000000000000000e+01 2.325000000000000000e+01 1.158539676200663615e-02 1.158539676200663095e-02 2.058272185563199061e-02 1.162858176254132303e+01 1.162858176254132303e+01 1.162858176254132303e+01 9.530761643556437531e-04 9.530761643556378985e-04 1.026515632471031473e-03 1.226023145393742908e+01 9.007078004027924871e-04
2.350000000000000000e+01 2.350000000000000000e+01 2.350000000000000000e+01 1.159112538489983149e-02 1.159112538489982802e-02 2.060342297927436617e-02 1.175362027611703652e+01 1.175362027611703652e+01 1.175362027611703652e+01 9.320529285542320398e-04 9.320529285542243419e-04 1.000515084271018981e-03 1.238526996751314257e+01 8.851031788507030592e-04
2.375000000000000000e+01 2.375000000000000000e+01 2.375000000000000000e+01 1.159616865433778406e-02 1.159616865433778406e-02 2.062221554602450962e-02 1.187865878969275002e+01 1.187865878969275002e+01 1.187865878969275002e+01 9.124371330383229716e-04 9.124371330383112622e-04 9.758383482138358348e-04 1.251030848108885607e+01 8.711385009459307128e-04
2.400000000000000000e+01 2.400000000000000000e+01 2.400000000000000000e+01 1.160051606685465718e-02 1.160051606685466065e-02 2.063718402599698867e-02 1.200369730326846351e+01 1.200369730326846351e+01 1.200369730326846351e+01 8.942790766199457337e-04 8.942790766199296875e-04 9.524352685124999520e-04 1.263534699466456956e+01 8.589656199925718759e-04
2.425000000000000000e+01 2.425000000000000000e+01 2.425000000000000000e+01 1.160404630259500788e-02 1.160404630259501482e-02 2.064982754336927920e-02 1.212873581684417523e+01 1.212873581684417523e+01 1.212873581684417523e+01 8.777340640995235635e-04 8.777340640995050236e-04 9.301268949725923245e-04 1.276038550824028128e+01 8.490501665037816391e-04
2.450000000000000000e+01 2.450000000000000000e+01 2.450000000000000000e+01 1.160675564774893247e-02 1.160675564774892900e-02 2.065888026495564869e-02 1.225377433041988873e+01 1.225377433041988873e+01 1.225377433041988873e+01 8.632803801320408773e-04 8.632803801320202775e-04 9.084576347576879193e-04 1.288542402181599478e+01 8.427270729760439737e-04
2.475000000000000000e+01 2.475000000000000000e+01 2.475000000000000000e+01 1.160857066270605878e-02 1.160857066270605878e-02 2.066523612035603766e-02 1.237881284399560222e+01 1.237881284399560222e+01 1.237881284399560222e+01 8.520351115574099129e-04 8.520351115573846510e-04 8.869962112581646378e-04 1.301046253539170827e+01 8.425047625400370775e-04
2.500000000000000000e+01 2.500000000000000000e+01 2.500000000000000000e+01 1.160949046360177511e-02 1.160949046360176644e-02 2.066826551931977632e-02 1.250385135757131572e+01 1.250385135757131572e+01 1.250385135757131572e+01 8.457071673035052636e-04 8.457071673034794596e-04 8.666618688178156669e-04 1.313550104896742177e+01 8.506686544944390676e-04
