-2.500000000000000000e+01 -2.500000000000000000e+01 -2.500000000000000000e+01 1.062705720740615874e-02 1.062705720740615527e-02 1.149198618609981876e-02 -1.250385135757131572e+01 -1.250385135757131572e+01 -1.250385135757131572e+01 1.970611752206756181e-04 1.970611752206730160e-04 1.963105998712656936e-04 -1.231279061673810737e+01 1.981170031481922246e-04
-2.475000000000000000e+01 -2.475000000000000000e+01 -2.475000000000000000e+01 1.062308458277320261e-02 1.062308458277320261e-02 1.148788024917268488e-02 -1.237881284399560222e+01 -1.237881284399560222e+01 -1.237881284399560222e+01 1.993214327530053848e-04 1.993214327530041109e-04 1.970343247886098634e-04 -1.218775210316239388e+01 2.019092428863799888e-04
-2.450000000000000000e+01 -2.450000000000000000e+01 -2.450000000000000000e+01 1.061517686434324328e-02 1.061517686434325196e-02 1.147965719386419975e-02 -1.225377433041988873e+01 -1.225377433041988873e+01 -1.225377433041988873e+01 2.032503641055785398e-04 2.032503641055791632e-04 1.999856116539497017e-04 -1.206271358958668038e+01 2.068083870342606815e-04
-2.425000000000000000e+01 -2.425000000000000000e+01 -2.425000000000000000e+01 1.060326883799415920e-02 1.060326883799416441e-02 1.146734859048852487e-02 -1.212873581684417523e+01 -1.212873581684417523e+01 -1.212873581684417523e+01 2.081386773138515622e-04 2.081386773138535408e-04 2.043363846947081938e-04 -1.193767507601096689e+01 2.122261270965375424e-04
-2.400000000000000000e+01 -2.400000000000000000e+01 -2.400000000000000000e+01 1.058747291445588483e-02 1.058747291445588830e-02 1.145092033298197344e-02 -1.200369730326846351e+01 -1.200369730326846351e+01 -1.200369730326846351e+01 2.135352801480947665e-04 2.135352801480979920e-04 2.093967719204316942e-04 -1.181263656243525517e+01 2.179518070192397385e-04
-2.375000000000000000e+01 -2.375000000000000000e+01 -2.375000000000000000e+01 1.056765951441677662e-02 1.056765951441677835e-02 1.143043715849876435e-02 -1.187865878969275002e+01 -1.187865878969275002e+01 -1.187865878969275002e+01 2.192616755068859150e-04 2.192616755068903332e-04 2.148469118151450448e-04 -1.168759804885954168e+01 2.239491186903790109e-04
-2.350000000000000000e+01 -2.350000000000000000e+01 -2.350000000000000000e+01 1.054401537502804888e-02 1.054401537502804888e-02 1.140584033681637730e-02 -1.175362027611703652e+01 -1.175362027611703652e+01 -1.175362027611703652e+01 2.252735287156676651e-04 2.252735287156731403e-04 2.205955836141961120e-04 -1.156255953528382818e+01 2.302208574224992403e-04
-2.325000000000000000e+01 -2.325000000000000000e+01 -2.325000000000000000e+01 1.051634828768485685e-02 1.051634828768485512e-02 1.137723101548800998e-02 -1.162858176254132303e+01 -1.162858176254132303e+01 -1.162858176254132303e+01 2.315667545621883110e-04 2.315667545621926207e-04 2.266278694277777889e-04 -1.143752102170811469e+01 2.367737235240372233e-04
-2.300000000000000000e+01 -2.300000000000000000e+01 -2.300000000000000000e+01 1.048491836604911916e-02 1.048491836604912436e-02 1.134452295890569021e-02 -1.150354324896560954e+01 -1.150354324896560954e+01 -1.150354324896560954e+01 2.381459577337952289e-04 2.381459577337979665e-04 2.329454233437526858e-04 -1.131248250813240119e+01 2.436151266892341404e-04
-2.275000000000000000e+01 -2.275000000000000000e+01 -2.275000000000000000e+01 1.044947347306572974e-02 1.044947347306573841e-02 1.130785871889651573e-02 -1.137850473538989782e+01 -1.137850473538989782e+01 -1.137850473538989782e+01 2.450179940466042420e-04 2.450179940466061935e-04 2.395533287172604581e-04 -1.118744399455668947e+01 2.507535216500675866e-04
-2.250000000000000000e+01 -2.250000000000000000e+01 -2.250000000000000000e+01 1.041034571022838445e-02 1.041034571022838619e-02 1.126712041681581476e-02 -1.125346622181418432e+01 -1.125346622181418432e+01 -1.125346622181418432e+01 2.521910765954203529e-04 2.521910765954220334e-04 2.464582679767286072e-04 -1.106240548098097598e+01 2.581984999337366715e-04
-2.225000000000000000e+01 -2.225000000000000000e+01 -2.225000000000000000e+01 1.036722679972290097e-02 1.036722679972290444e-02 1.122249891372975768e-02 -1.112842770823847083e+01 -1.112842770823847083e+01 -1.112842770823847083e+01 2.596746315319743335e-04 2.596746315319754719e-04 2.536682632602846907e-04 -1.093736696740526249e+01 2.659607552899643417e-04
-2.200000000000000000e+01 -2.200000000000000000e+01 -2.200000000000000000e+01 1.032051894181734014e-02 1.032051894181734361e-02 1.117383918561933552e-02 -1.100338919466275733e+01 -1.100338919466275733e+01 -1.100338919466275733e+01 2.674792562002833649e-04 2.674792562002848827e-04 2.611926180271771127e-04 -1.081232845382954899e+01 2.740520799632026696e-04
-2.175000000000000000e+01 -2.175000000000000000e+01 -2.175000000000000000e+01 1.026986276458790974e-02 1.026986276458790801e-02 1.112138944451041868e-02 -1.087835068108704384e+01 -1.087835068108704384e+01 -1.087835068108704384e+01 2.756166815930306173e-04 2.756166815930332194e-04 2.690418415132125483e-04 -1.068728994025383550e+01 2.824853423598582534e-04
-2.150000000000000000e+01 -2.150000000000000000e+01 -2.150000000000000000e+01 1.021572809426732689e-02 1.021572809426733036e-02 1.106495050837718631e-02 -1.075331216751133212e+01 -1.075331216751133212e+01 -1.075331216751133212e+01 2.840997719110063108e-04 2.840997719110110813e-04 2.772276391192388220e-04 -1.056225142667812378e+01 2.912745163376958559e-04
-2.125000000000000000e+01 -2.125000000000000000e+01 -2.125000000000000000e+01 1.015771100179770590e-02 1.015771100179770937e-02 1.100483941989429705e-02 -1.062827365393561863e+01 -1.062827365393561863e+01 -1.062827365393561863e+01 2.929425170291122607e-04 2.929425170291193080e-04 2.857628704190897295e-04 -1.043721291310241028e+01 3.004346797534224720e-04
-2.100000000000000000e+01 -2.100000000000000000e+01 -2.100000000000000000e+01 1.009634577428703689e-02 1.009634577428703862e-02 1.094080412794067210e-02 -1.050323514035990513e+01 -1.050323514035990513e+01 -1.050323514035990513e+01 3.021600620386482466e-04 3.021600620386567034e-04 2.946615757516898577e-04 -1.031217439952669679e+01 3.099820718080619256e-04
-2.075000000000000000e+01 -2.075000000000000000e+01 -2.075000000000000000e+01 1.003119225592013532e-02 1.003119225592013879e-02 1.087324481481471289e-02 -1.037819662678419164e+01 -1.037819662678419164e+01 -1.037819662678419164e+01 3.117687232843165276e-04 3.117687232843257433e-04 3.039389611029284875e-04 -1.018713588595098329e+01 3.199341083464899999e-04
-2.050000000000000000e+01 -2.050000000000000000e+01 -2.050000000000000000e+01 9.962845199168877258e-03 9.962845199168875523e-03 1.080184591318819956e-02 -1.025315811320847814e+01 -1.025315811320847814e+01 -1.025315811320847814e+01 3.217860431456261356e-04 3.217860431456354598e-04 3.136114553379161247e-04 -1.006209737237526980e+01 3.303094642681848620e-04
-2.025000000000000000e+01 -2.025000000000000000e+01 -2.025000000000000000e+01 9.890838736792410824e-03 9.890838736792407354e-03 1.072710838419306013e-02 -1.012811959963276642e+01 -1.012811959963276642e+01 -1.012811959963276642e+01 3.322308260374426934e-04 3.322308260374521260e-04 3.236967165931292894e-04 -9.937058858799558081e+00 3.411281037342696050e-04
-2.000000000000000000e+01 -2.000000000000000000e+01 -2.000000000000000000e+01 9.815823087184200393e-03 9.815823087184195189e-03 1.064864026539266879e-02 -1.000308108605705115e+01 -1.000308108605705115e+01 -1.000308108605705115e+01 3.431232161317636646e-04 3.431232161317714167e-04 3.342137164972454658e-04 -9.812020345223842810e+00 3.524113867571782694e-04
-1.975000000000000000e+01 -1.975000000000000000e+01 -1.975000000000000000e+01 9.737319874358765434e-03 9.737319874358756761e-03 1.056706490263069169e-02 -9.878042572481339434e+00 -9.878042572481339434e+00 -9.878042572481339434e+00 3.544847518775737813e-04 3.544847518775799070e-04 3.451827649678211054e-04 -9.686981831648131092e+00 3.641821141588248668e-04
-1.950000000000000000e+01 -1.950000000000000000e+01 -1.950000000000000000e+01 9.656028563067105622e-03 9.656028563067098683e-03 1.048189846251610345e-02 -9.753004058905625939e+00 -9.753004058905625939e+00 -9.753004058905625939e+00 3.663384663099901483e-04 3.663384663099952983e-04 3.566256199598634566e-04 -9.561943318072417597e+00 3.764646590793711768e-04
-1.925000000000000000e+01 -1.925000000000000000e+01 -1.925000000000000000e+01 9.571474801561601770e-03 9.571474801561603504e-03 1.039391305424481118e-02 -9.627965545329912445e+00 -9.627965545329912445e+00 -9.627965545329912445e+00 3.787089603708474698e-04 3.787089603708524571e-04 3.685655296343123247e-04 -9.436904804496704102e+00 3.892850278919675008e-04
-1.900000000000000000e+01 -1.900000000000000000e+01 -1.900000000000000000e+01 9.484399593157043576e-03 9.484399593157045311e-03 1.030251445203866564e-02 -9.502927031754200726e+00 -9.502927031754200726e+00 -9.502927031754200726e+00 3.916225270415091210e-04 3.916225270415137289e-04 3.810273680523076890e-04 -9.311866290920992384e+00 4.026710187562647239e-04
-1.875000000000000000e+01 -1.875000000000000000e+01 -1.875000000000000000e+01 9.394353296656859920e-03 9.394353296656858185e-03 1.020865570071616095e-02 -9.377888518178485455e+00 -9.377888518178485455e+00 -9.377888518178485455e+00 4.051072451962172078e-04 4.051072451962229540e-04 3.940376953985608058e-04 -9.186827777345277113e+00 4.166523009181063455e-04
-1.850000000000000000e+01 -1.850000000000000000e+01 -1.850000000000000000e+01 9.302108926289994265e-03 9.302108926289994265e-03 1.011161006524540808e-02 -9.252850004602773737e+00 -9.252850004602773737e+00 -9.252850004602773737e+00 4.191931301981455010e-04 4.191931301981527110e-04 4.076249216336430862e-04 -9.061789263769565395e+00 4.312606037455522920e-04
-1.825000000000000000e+01 -1.825000000000000000e+01 -1.825000000000000000e+01 9.207267446881188186e-03 9.207267446881182982e-03 1.001255078742292748e-02 -9.127811491027060242e+00 -9.127811491027060242e+00 -9.127811491027060242e+00 4.339122513600202568e-04 4.339122513600286593e-04 4.218193869395364909e-04 -8.936750750193851900e+00 4.465298180691877833e-04
-1.800000000000000000e+01 -1.800000000000000000e+01 -1.800000000000000000e+01 9.110622126414440192e-03 9.110622126414438457e-03 9.910592237422858469e-03 -9.002772977451346748e+00 -9.002772977451346748e+00 -9.002772977451346748e+00 4.492989130191986499e-04 4.492989130192084077e-04 4.366535568068834867e-04 -8.811712236618138405e+00 4.624962205155405182e-04
-1.775000000000000000e+01 -1.775000000000000000e+01 -1.775000000000000000e+01 9.011856999656389297e-03 9.011856999656389297e-03 9.807175854127953701e-03 -8.877734463875635029e+00 -8.877734463875635029e+00 -8.877734463875635029e+00 4.653898000642479513e-04 4.653898000642574381e-04 4.521621262897357611e-04 -8.686673723042426687e+00 4.791986019011524158e-04
-1.750000000000000000e+01 -1.750000000000000000e+01 -1.750000000000000000e+01 8.911771095913781013e-03 8.911771095913789686e-03 9.701225634324746327e-03 -8.752695950299919758e+00 -8.752695950299919758e+00 -8.752695950299919758e+00 4.822241949962658347e-04 4.822241949962734783e-04 4.683822515005146847e-04 -8.561635209466711416e+00 4.966785332468601514e-04
-1.725000000000000000e+01 -1.725000000000000000e+01 -1.725000000000000000e+01 8.810172310348562616e-03 8.810172310348569555e-03 9.594510063410490938e-03 -8.627657436724208040e+00 -8.627657436724208040e+00 -8.627657436724208040e+00 4.998441575428507746e-04 4.998441575428577135e-04 4.853536827709236203e-04 -8.436596695890999698e+00 5.149805278485917190e-04
-1.700000000000000000e+01 -1.700000000000000000e+01 -1.700000000000000000e+01 8.707847581568754422e-03 8.707847581568757891e-03 9.485725182977708045e-03 -8.502618923148494545e+00 -8.502618923148494545e+00 -8.502618923148494545e+00 5.182947849560461074e-04 5.182947849560507695e-04 5.031190392033265714e-04 -8.311558182315286203e+00 5.341523572474656369e-04
-1.675000000000000000e+01 -1.675000000000000000e+01 -1.675000000000000000e+01 8.604780068473249013e-03 8.604780068473242075e-03 9.377038939136854087e-03 -8.377580409572781051e+00 -8.377580409572781051e+00 -8.377580409572781051e+00 5.376244336152613199e-04 5.376244336152642472e-04 5.217239775836638458e-04 -8.186519668739572708e+00 5.542452555981550308e-04
-1.650000000000000000e+01 -1.650000000000000000e+01 -1.650000000000000000e+01 8.501722636808733968e-03 8.501722636808739172e-03 9.266874494193236278e-03 -8.252541895997069332e+00 -8.252541895997069332e+00 -8.252541895997069332e+00 5.578850319537136983e-04 5.578850319537142404e-04 5.412175186420177661e-04 -8.061481155163860990e+00 5.753142962347248483e-04
-1.625000000000000000e+01 -1.625000000000000000e+01 -1.625000000000000000e+01 8.398898717351986967e-03 8.398898717351986967e-03 9.157888750124406479e-03 -8.127503382421354061e+00 -8.127503382421354061e+00 -8.127503382421354061e+00 5.791323543066986693e-04 5.791323543066988861e-04 5.616522607062399575e-04 -7.936442641588145719e+00 5.974186495065930995e-04
-1.600000000000000000e+01 -1.600000000000000000e+01 -1.600000000000000000e+01 8.297000040036738369e-03 8.297000040036743573e-03 9.048178202036369008e-03 -8.002464868845642343e+00 -8.002464868845642343e+00 -8.002464868845642343e+00 6.014263985721199270e-04 6.014263985721206860e-04 5.830847688231275468e-04 -7.811404128012434001e+00 6.206220336071207027e-04
-1.575000000000000000e+01 -1.575000000000000000e+01 -1.575000000000000000e+01 8.196572862760450814e-03 8.196572862760450814e-03 8.940999869617008433e-03 -7.877426355269929736e+00 -7.877426355269929736e+00 -7.877426355269929736e+00 6.248317255843757398e-04 6.248317255843763903e-04 6.055758448580340252e-04 -7.686365614436720506e+00 6.449930403597042491e-04
-1.550000000000000000e+01 -1.550000000000000000e+01 -1.550000000000000000e+01 8.098214464286837555e-03 8.098214464286834086e-03 8.834059059011958523e-03 -7.752387841694215354e+00 -7.752387841694215354e+00 -7.752387841694215354e+00 6.494179171234733088e-04 6.494179171234746098e-04 6.291909938262027144e-04 -7.561327100861007011e+00 6.706056779134085761e-04
-1.525000000000000000e+01 -1.525000000000000000e+01 -1.525000000000000000e+01 8.002899265970952677e-03 8.002899265970949208e-03 8.731351763844453009e-03 -7.627349328118502747e+00 -7.627349328118502747e+00 -7.627349328118502747e+00 6.752599980427133547e-04 6.752599980427154147e-04 6.540007656650387085e-04 -7.436288587285293517e+00 6.975397833214288298e-04
-1.500000000000000000e+01 -1.500000000000000000e+01 -1.500000000000000000e+01 7.911089086745258167e-03 7.911089086745254698e-03 8.630114546427146080e-03 -7.502310814542789252e+00 -7.502310814542789252e+00 -7.502310814542789252e+00 7.024389948423180076e-04 7.024389948423208265e-04 6.800813172872917324e-04 -7.311250073709580022e+00 7.258816798917467955e-04
-1.475000000000000000e+01 -1.475000000000000000e+01 -1.475000000000000000e+01 7.824321635102821429e-03 7.824321635102828368e-03 8.535256915912095912e-03 -7.377272300967076646e+00 -7.377272300967076646e+00 -7.377272300967076646e+00 7.310424629968629608e-04 7.310424629968656713e-04 7.075148458855505312e-04 -7.186211560133868304e+00 7.557247011979081582e-04
-1.450000000000000000e+01 -1.450000000000000000e+01 -1.450000000000000000e+01 7.742872802829481316e-03 7.742872802829479581e-03 8.443453277153267419e-03 -7.252233787391364039e+00 -7.252233787391364039e+00 -7.252233787391364039e+00 7.611651724107164080e-04 7.611651724107179259e-04 7.363902707065717035e-04 -7.061173046558154809e+00 7.871699927666824448e-04
-1.425000000000000000e+01 -1.425000000000000000e+01 -1.425000000000000000e+01 7.669017959095830728e-03 7.669017959095835064e-03 8.360747573868919369e-03 -7.127195273815649657e+00 -7.127195273815649657e+00 -7.127195273815649657e+00 7.929097693569915877e-04 7.929097693569908288e-04 7.668037839089835534e-04 -6.936134532982441314e+00 8.203271799414675776e-04
-1.400000000000000000e+01 -1.400000000000000000e+01 -1.400000000000000000e+01 7.602784993555538641e-03 7.602784993555531702e-03 8.283139315087647073e-03 -7.002156760239937050e+00 -7.002156760239937050e+00 -7.002156760239937050e+00 8.263876233016807099e-04 8.263876233016773489e-04 7.988596833695928634e-04 -6.811096019406727820e+00 8.553153528479029606e-04
-1.375000000000000000e+01 -1.375000000000000000e+01 -1.375000000000000000e+01 7.547413463145477910e-03 7.547413463145475308e-03 8.218088625303564265e-03 -6.877118246664223555e+00 -6.877118246664223555e+00 -6.877118246664223555e+00 8.617196622517289814e-04 8.617196622517246446e-04 8.326710753923268187e-04 -6.686057505831014325e+00 8.922639210632032653e-04
-1.350000000000000000e+01 -1.350000000000000000e+01 -1.350000000000000000e+01 7.502606984129943542e-03 7.502606984129946144e-03 8.160783820436430178e-03 -6.752079733088510949e+00 -6.752079733088510949e+00 -6.752079733088510949e+00 8.990374264758846552e-04 8.990374264758782584e-04 8.683608996904858355e-04 -6.561018992255302607e+00 9.313138333488374387e-04
-1.325000000000000000e+01 -1.325000000000000000e+01 -1.325000000000000000e+01 7.472865762638814489e-03 7.472865762638816224e-03 8.120463518812293113e-03 -6.627041219512798342e+00 -6.627041219512798342e+00 -6.627041219512798342e+00 9.384841288207364761e-04 9.384841288207296456e-04 9.060628294638399657e-04 -6.435980478679589112e+00 9.726186764660538176e-04
-1.300000000000000000e+01 -1.300000000000000000e+01 -1.300000000000000000e+01 7.457475609481907519e-03 7.457475609481906652e-03 8.091339853121005607e-03 -6.502002705937083959e+00 -6.502002705937083959e+00 -6.502002705937083959e+00 9.802159759152659097e-04 9.802159759152600550e-04 9.459225430511837476e-04 -6.310941965103875617e+00 1.016346198332011841e-03
-1.275000000000000000e+01 -1.275000000000000000e+01 -1.275000000000000000e+01 7.462588555296135497e-03 7.462588555296131160e-03 8.084900097671543495e-03 -6.376964192361371353e+00 -6.376964192361371353e+00 -6.376964192361371353e+00 1.024403522522570687e-03 1.024403522522565483e-03 9.880988822342960057e-04 -6.185903451528162122e+00 1.062679728150604666e-03
-1.250000000000000000e+01 -1.250000000000000000e+01 -1.250000000000000000e+01 7.486958288929267819e-03 7.486958288929267819e-03 8.094180375011769332e-03 -6.251925678785657858e+00 -6.251925678785657858e+00 -6.251925678785657858e+00 1.071233341547996910e-03 1.071233341547993658e-03 1.032765443348669133e-03 -6.060864937952448628e+00 1.111820095363387885e-03
-1.225000000000000000e+01 -1.225000000000000000e+01 -1.225000000000000000e+01 7.538909513430736183e-03 7.538909513430733580e-03 8.133532811860475290e-03 -6.126887165209944364e+00 -6.126887165209944364e+00 -6.126887165209944364e+00 1.120909765743397088e-03 1.120909765743395136e-03 1.080112075847499764e-03 -5.935826424376735133e+00 1.163987475856101492e-03
-1.200000000000000000e+01 -1.200000000000000000e+01 -1.200000000000000000e+01 7.616524849085370974e-03 7.616524849085372709e-03 8.194575668767314913e-03 -6.001848651634231757e+00 -6.001848651634231757e+00 -6.001848651634231757e+00 1.173657016662051772e-03 1.173657016662050471e-03 1.130346890966768634e-03 -5.810787910801023415e+00 1.219423832162442982e-03
-1.175000000000000000e+01 -1.175000000000000000e+01 -1.175000000000000000e+01 7.731002171953585758e-03 7.731002171953590962e-03 8.295342336115988160e-03 -5.876810138058518262e+00 -5.876810138058518262e+00 -5.876810138058518262e+00 1.229721460945775715e-03 1.229721460945775932e-03 1.183698212081787850e-03 -5.685749397225309920e+00 1.278395329280620661e-03
-1.150000000000000000e+01 -1.150000000000000000e+01 -1.150000000000000000e+01 7.879585678374786614e-03 7.879585678374790084e-03 8.425741259235499866e-03 -5.751771624482804768e+00 -5.751771624482804768e+00 -5.751771624482804768e+00 1.289374348846464334e-03 1.289374348846463250e-03 1.240417134383154513e-03 -5.560710883649596425e+00 1.341195468236696048e-03
-1.125000000000000000e+01 -1.125000000000000000e+01 -1.125000000000000000e+01 8.077299069946721616e-03 8.077299069946721616e-03 8.608581744116638665e-03 -5.626733110907092161e+00 -5.626733110907092161e+00 -5.626733110907092161e+00 1.352914760241032003e-03 1.352914760241030051e-03 1.300780080061484647e-03 -5.435672370073882931e+00 1.408148270104611329e-03
-1.100000000000000000e+01 -1.100000000000000000e+01 -1.100000000000000000e+01 8.320349541256539042e-03 8.320349541256540776e-03 8.831711978984744735e-03 -5.501694597331378667e+00 -5.501694597331378667e+00 -5.501694597331378667e+00 1.420673160782372994e-03 1.420673160782368874e-03 1.365092092364050260e-03 -5.310633856498169436e+00 1.479612341526373746e-03
-1.075000000000000000e+01 -1.075000000000000000e+01 -1.075000000000000000e+01 8.628898266038765100e-03 8.628898266038765100e-03 9.124204275263154626e-03 -5.376656083755666060e+00 -5.376656083755666060e+00 -5.376656083755666060e+00 1.493015281207484045e-03 1.493015281207476889e-03 1.433690207632105354e-03 -5.185595342922457718e+00 1.555985104571919013e-03
-1.050000000000000000e+01 -1.050000000000000000e+01 -1.050000000000000000e+01 8.997885699288298011e-03 8.997885699288296277e-03 9.471430399416242568e-03 -5.251617570179952565e+00 -5.251617570179952565e+00 -5.251617570179952565e+00 1.570346781602227626e-03 1.570346781602221988e-03 1.506947738318934003e-03 -5.060556829346744223e+00 1.637708128672080458e-03
-1.025000000000000000e+01 -1.025000000000000000e+01 -1.025000000000000000e+01 9.454441333278686826e-03 9.454441333278679888e-03 9.910775311165884865e-03 -5.126579056604239071e+00 -5.126579056604239071e+00 -5.126579056604239071e+00 1.653118406360686932e-03 1.653118406360681077e-03 1.585278758642034687e-03 -4.935518315771030728e+00 1.725272798733198205e-03
-1.000000000000000000e+01 -1.000000000000000000e+01 -1.000000000000000000e+01 9.991984843049564816e-03 9.991984843049563081e-03 1.042464967377976573e-02 -5.001540543028525576e+00 -5.001540543028525576e+00 -5.001540543028525576e+00 1.741832166667122827e-03 1.741832166667117406e-03 1.669143733860948024e-03 -4.810479802195317234e+00 1.819227387789724461e-03
-9.750000000000000000e+00 -9.750000000000000000e+00 -9.750000000000000000e+00 1.064720892482419468e-02 1.064720892482419121e-02 1.106162165798774827e-02 -4.876502029452812970e+00 -4.876502029452812970e+00 -4.876502029452812970e+00 1.837048257767636859e-03 1.837048257767632956e-03 1.759055539379315988e-03 -4.685441288619603739e+00 1.920184724461688900e-03
-9.500000000000000000e+00 -9.500000000000000000e+00 -9.500000000000000000e+00 1.141175570218730222e-02 1.141175570218730048e-02 1.180059628048554105e-02 -4.751463515877100363e+00 -4.751463515877100363e+00 -4.751463515877100363e+00 1.939393345442548674e-03 1.939393345442547156e-03 1.855586943438400751e-03 -4.560402775043892021e+00 2.028831687200570357e-03
-9.250000000000000000e+00 -9.250000000000000000e+00 -9.250000000000000000e+00 1.233562211603475914e-02 1.233562211603475393e-02 1.270541724801344495e-02 -4.626425002301386868e+00 -4.626425002301386868e+00 -4.626425002301386868e+00 2.049569945559569228e-03 2.049569945559570963e-03 1.959378760286581856e-03 -4.435364261468178526e+00 2.145939683141831218e-03
-9.000000000000000000e+00 -9.000000000000000000e+00 -9.000000000000000000e+00 1.340846549363232561e-02 1.340846549363230999e-02 1.375091426318410595e-02 -4.501386488725673374e+00 -4.501386488725673374e+00 -4.501386488725673374e+00 2.168367661452522133e-03 2.168367661452524301e-03 2.071149914630300744e-03 -4.310325747892465031e+00 2.272377553835949228e-03
-8.750000000000000000e+00 -8.750000000000000000e+00 -8.750000000000000000e+00 1.469908457709516621e-02 1.469908457709516621e-02 1.502215732043755796e-02 -4.376347975149959879e+00 -4.376347975149959879e+00 -4.376347975149959879e+00 2.296676044912604551e-03 2.296676044912605852e-03 2.191708598123786721e-03 -4.185287234316751537e+00 2.409126055738315154e-03
-8.500000000000000000e+00 -8.500000000000000000e+00 -8.500000000000000000e+00 1.619510957568711870e-02 1.619510957568711870e-02 1.648939726862981570e-02 -4.251309461574247273e+00 -4.251309461574247273e+00 -4.251309461574247273e+00 2.435500024423097390e-03 2.435500024423098257e-03 2.321965974230867907e-03 -4.060248720741038042e+00 2.557295635645187321e-03
-8.250000000000000000e+00 -8.250000000000000000e+00 -8.250000000000000000e+00 1.799239546904859294e-02 1.799239546904857906e-02 1.826777743956868594e-02 -4.126270947998534666e+00 -4.126270947998534666e+00 -4.126270947998534666e+00 2.585977750295613553e-03 2.585977750295613553e-03 2.462951611120196664e-03 -3.935210207165325880e+00 2.718146680383941305e-03
-8.000000000000000000e+00 -8.000000000000000000e+00 -8.000000000000000000e+00 2.007691336344728100e-02 2.007691336344729141e-02 2.032274390714524509e-02 -4.001232434422821171e+00 -4.001232434422821171e+00 -4.001232434422821171e+00 2.749402052604280489e-03 2.749402052604282658e-03 2.615832384640282959e-03 -3.810171693589612385e+00 2.893114339243081992e-03
-7.750000000000000000e+00 -7.750000000000000000e+00 -7.750000000000000000e+00 2.258427303079244691e-02 2.258427303079244344e-02 2.281299822000745423e-02 -3.876193920847107677e+00 -3.876193920847107677e+00 -3.876193920847107677e+00 2.927245514702091472e-03 2.927245514702091038e-03 2.781934074704726575e-03 -3.685133180013898890e+00 3.083837203072297556e-03
-7.500000000000000000e+00 -7.500000000000000000e+00 -7.500000000000000000e+00 2.550008086825331782e-02 2.550008086825333864e-02 2.569970059469208964e-02 -3.751155407271394626e+00 -3.751155407271394626e+00 -3.751155407271394626e+00 3.121190723293757168e-03 3.121190723293753265e-03 2.962767786567097310e-03 -3.560094666438185840e+00 3.292192469121363492e-03
-7.250000000000000000e+00 -7.250000000000000000e+00 -7.250000000000000000e+00 2.901978239358063080e-02 2.901978239358060999e-02 2.920625152119058626e-02 -3.626116893695682020e+00 -3.626116893695682020e+00 -3.626116893695682020e+00 3.333165964951298899e-03 3.333165964951297165e-03 3.160060541377476828e-03 -3.435056152862473233e+00 3.520337106844390659e-03
-7.000000000000000000e+00 -7.000000000000000000e+00 -7.000000000000000000e+00 3.313192996161894860e-02 3.313192996161895554e-02 3.329180657488559764e-02 -3.501078380119968525e+00 -3.501078380119968525e+00 -3.501078380119968525e+00 3.565388470976171321e-03 3.565388470976170454e-03 3.375792712950911271e-03 -3.310017639286759739e+00 3.770758419588467192e-03
-6.750000000000000000e+00 -6.750000000000000000e+00 -6.750000000000000000e+00 3.812457177417855059e-02 3.812457177417854365e-02 3.827868396935274475e-02 -3.376039866544255474e+00 -3.376039866544255474e+00 -3.376039866544255474e+00 3.820415934630022863e-03 3.820415934630024598e-03 3.612241907058306046e-03 -3.184979125711046688e+00 4.046333964487519412e-03
-6.500000000000000000e+00 -6.500000000000000000e+00 -6.500000000000000000e+00 4.399687093724290871e-02 4.399687093724290871e-02 4.413030433768773408e-02 -3.251001352968541980e+00 -3.251001352968541980e+00 -3.251001352968541980e+00 4.101209220149126984e-03 4.101209220149129586e-03 3.872036743409825593e-03 -3.059940612135333193e+00 4.350405359258296620e-03
-6.250000000000000000e+00 -6.250000000000000000e+00 -6.250000000000000000e+00 5.118489686813754852e-02 5.118489686813756240e-02 5.132534437047635290e-02 -3.125962839392828929e+00 -3.125962839392828929e+00 -3.125962839392828929e+00 4.411207746779881311e-03 4.411207746779884781e-03 4.158220605825205772e-03 -2.934902098559620143e+00 4.686866747051383897e-03
-6.000000000000000000e+00 -6.000000000000000000e+00 -6.000000000000000000e+00 5.971558116317195186e-02 5.971558116317191023e-02 5.984670627279271848e-02 -3.000924325817115879e+00 -3.000924325817115879e+00 -3.000924325817115879e+00 4.754421720364146800e-03 4.754421720364153739e-03 4.474329968754351891e-03 -2.809863584983907092e+00 5.060274158533490177e-03
-5.750000000000000000e+00 -5.750000000000000000e+00 -5.750000000000000000e+00 7.027067576593251652e-02 7.027067576593253040e-02 7.042994867578006302e-02 -2.875885812241402384e+00 -2.875885812241402384e+00 -2.875885812241402384e+00 5.135543945886022511e-03 5.135543945886025113e-03 4.824488188515252060e-03 -2.684825071408193597e+00 5.475977942720307995e-03
-5.500000000000000000e+00 -5.500000000000000000e+00 -5.500000000000000000e+00 8.294319910199565715e-02 8.294319910199565715e-02 8.311297801935693674e-02 -2.750847298665689333e+00 -2.750847298665689333e+00 -2.750847298665689333e+00 5.560087325137652928e-03 5.560087325137655530e-03 5.213521073316901636e-03 -2.559786557832480547e+00 5.940287106249703304e-03
-5.250000000000000000e+00 -5.250000000000000000e+00 -5.250000000000000000e+00 9.884101341334185220e-02 9.884101341334189383e-02 9.907277177487791575e-02 -2.625808785089976283e+00 -2.625808785089976283e+00 -2.625808785089976283e+00 6.034552791077260440e-03 6.034552791077265645e-03 5.647096504121317494e-03 -2.434748044256767496e+00 6.460670055124646122e-03
-5.000000000000000000e+00 -5.000000000000000000e+00 -5.000000000000000000e+00 1.182102786990648774e-01 1.182102786990649052e-01 1.184850857968320625e-01 -2.500770271514262788e+00 -2.500770271514262788e+00 -2.500770271514262788e+00 6.566636737475597778e-03 6.566636737475594308e-03 6.131896966664437260e-03 -2.309709530681054002e+00 7.046004482910613216e-03
-4.750000000000000000e+00 -4.750000000000000000e+00 -4.750000000000000000e+00 1.429369333473774761e-01 1.429369333473773929e-01 1.433262461900803308e-01 -2.375731757938550182e+00 -2.375731757938550182e+00 -2.375731757938550182e+00 7.165485847166295531e-03 7.165485847166292929e-03 6.675829507456637786e-03 -2.184671017105341395e+00 7.706884512189676739e-03
-4.500000000000000000e+00 -4.500000000000000000e+00 -4.500000000000000000e+00 1.736244541310855705e-01 1.736244541310856815e-01 1.741073323861473676e-01 -2.250693244362836687e+00 -2.250693244362836687e+00 -2.250693244362836687e+00 7.842012762010913338e-03 7.842012762010908133e-03 7.288285750489759129e-03 -2.059632503529627900e+00 8.456003384539405657e-03
-4.250000000000000000e+00 -4.250000000000000000e+00 -4.250000000000000000e+00 2.136678633307585173e-01 2.136678633307587116e-01 2.143437311367096809e-01 -2.125654730787123636e+00 -2.125654730787123636e+00 -2.125654730787123636e+00 8.609285126978187888e-03 8.609285126978187888e-03 7.980459983260938459e-03 -1.934593989953914850e+00 9.308624719504879005e-03
-4.000000000000000000e+00 -4.000000000000000000e+00 -4.000000000000000000e+00 2.645287354022302084e-01 2.645287354022302639e-01 2.653712455010572846e-01 -2.000616217211410586e+00 -2.000616217211410586e+00 -2.000616217211410586e+00 9.483007510770384216e-03 9.483007510770382481e-03 8.765743483602043279e-03 -1.809555476378201799e+00 1.028316731185082399e-02
-3.750000000000000000e+00 -3.750000000000000000e+00 -3.750000000000000000e+00 3.327434196786575593e-01 3.327434196786576703e-01 3.338892518179632507e-01 -1.875577703635697313e+00 -1.875577703635697313e+00 -1.875577703635697313e+00 1.048211474892767059e-02 1.048211474892766192e-02 9.660208437045150059e-03 -1.684516962802488527e+00 1.140192079742636394e-02
-3.500000000000000000e+00 -3.500000000000000000e+00 -3.500000000000000000e+00 4.219325528207094611e-01 4.219325528207099607e-01 4.233385530481171277e-01 -1.750539190059984263e+00 -1.750539190059984263e+00 -1.750539190059984263e+00 1.162950335023758136e-02 1.162950335023756748e-02 1.068320788354063487e-02 -1.559478449226775476e+00 1.269192064575764937e-02
-3.250000000000000000e+00 -3.250000000000000000e+00 -3.250000000000000000e+00 5.457376343224682458e-01 5.457376343224680237e-01 5.475846969933843011e-01 -1.625500676484270990e+00 -1.625500676484270990e+00 -1.625500676484270990e+00 1.295292536478562066e-02 1.295292536478561025e-02 1.185811388771798418e-02 -1.434439935651062203e+00 1.418599428286828647e-02
-3.000000000000000000e+00 -3.000000000000000000e+00 -3.000000000000000000e+00 7.135681959760651338e-01 7.135681959760648008e-01 7.157633034587089771e-01 -1.500462162908557939e+00 -1.500462162908557939e+00 -1.500462162908557939e+00 1.448607682466824045e-02 1.448607682466824045e-02 1.321323513902640870e-02 -1.309401422075349153e+00 1.592398905907402989e-02
-2.750000000000000000e+00 -2.750000000000000000e+00 -2.750000000000000000e+00 9.567920377002607779e-01 9.567920377002607779e-01 9.595538631230864368e-01 -1.375423649332844667e+00 -1.375423649332844667e+00 -1.375423649332844667e+00 1.626990656862946361e-02 1.626990656862945320e-02 1.478295715847333623e-02 -1.184362908499635880e+00 1.795414339801728112e-02
-2.500000000000000000e+00 -2.500000000000000000e+00 -2.500000000000000000e+00 1.301667729567965948e+00 1.301667729567965504e+00 1.304765862477492488e+00 -1.250385135757131394e+00 -1.250385135757131394e+00 -1.250385135757131394e+00 1.835417632109484845e-02 1.835417632109483110e-02 1.660918873516290320e-02 -1.059324394923922608e+00 2.033450556759650377e-02
-2.250000000000000000e+00 -2.250000000000000000e+00 -2.250000000000000000e+00 1.829310909805575980e+00 1.829310909805576868e+00 1.832955716389597756e+00 -1.125346622181418343e+00 -1.125346622181418343e+00 -1.125346622181418343e+00 2.079929146720936248e-02 2.079929146720935207e-02 1.874324261399374497e-02 -9.342858813482095570e-01 2.313413267543412699e-02
-2.000000000000000000e+00 -2.000000000000000000e+00 -2.000000000000000000e+00 2.620477586683389593e+00 2.620477586683390037e+00 2.624087050692201828e+00 -1.000308108605705293e+00 -1.000308108605705293e+00 -1.000308108605705293e+00 2.367842751835437520e-02 2.367842751835435439e-02 2.124843369350933389e-02 -8.092473677724965064e-01 2.643349495266282545e-02
-1.750000000000000000e+00 -1.750000000000000000e+00 -1.750000000000000000e+00 3.917995594477441390e+00 3.917995594477443611e+00 3.921642198248705746e+00 -8.752695950299921313e-01 -8.752695950299921313e-01 -8.752695950299921313e-01 2.707990118374167116e-02 2.707990118374166422e-02 2.420397108118373802e-02 -6.842088541967833448e-01 3.032265268602778174e-02
-1.500000000000000000e+00 -1.500000000000000000e+00 -1.500000000000000000e+00 6.005597077503772141e+00 6.005597077503773917e+00 6.007872128545615809e+00 -7.502310814542789696e-01 -7.502310814542789696e-01 -7.502310814542789696e-01 3.110881678627534438e-02 3.110881678627533745e-02 2.771107564925842648e-02 -5.591703406210701832e-01 3.489286265715798446e-02
-1.250000000000000000e+00 -1.250000000000000000e+00 -1.250000000000000000e+00 9.768284636303963708e+00 9.768284636303958379e+00 9.768918694497072508e+00 -6.251925678785656970e-01 -6.251925678785656970e-01 -6.251925678785656970e-01 3.588014449791920163e-02 3.588014449791916693e-02 3.189979552833117904e-02 -4.341318270453569106e-01 4.020548362125576924e-02
-1.000000000000000000e+00 -1.000000000000000000e+00 -1.000000000000000000e+00 1.642217411205784572e+01 1.642217411205785282e+01 1.641804905504215739e+01 -5.001540543028526464e-01 -5.001540543028526464e-01 -5.001540543028526464e-01 4.146784189878193611e-02 4.146784189878194998e-02 3.691762876019050177e-02 -3.090933134696438600e-01 4.618954556157646441e-02
-7.500000000000000000e-01 -7.500000000000000000e-01 -7.500000000000000000e-01 3.039344176490766358e+01 3.039344176490767779e+01 3.038426065767456308e+01 -3.751155407271394848e-01 -3.751155407271394848e-01 -3.751155407271394848e-01 4.772939097176823187e-02 4.772939097176822493e-02 4.283406442548170351e-02 -1.840547998939306984e-01 5.240006594672269591e-02
-5.000000000000000000e-01 -5.000000000000000000e-01 -5.000000000000000000e-01 5.924117979578104354e+01 5.924117979578104354e+01 5.922108279904038142e+01 -2.500770271514263232e-01 -2.500770271514263232e-01 -2.500770271514263232e-01 5.398337864966614580e-02 5.398337864966613192e-02 4.937363009197990454e-02 -5.901628631821753679e-02 5.773551115297086839e-02
-2.500000000000000000e-01 -2.500000000000000000e-01 -2.500000000000000000e-01 1.524413244993958472e+02 1.524413244993958472e+02 1.524156056614718580e+02 -1.250385135757131616e-01 -1.250385135757131616e-01 -1.250385135757131616e-01 5.883916268833216945e-02 5.883916268833219720e-02 5.556943138351357059e-02 6.602222725749562482e-02 6.059229094226177559e-02
0.000000000000000000e+00 0.000000000000000000e+00 0.000000000000000000e+00 4.140981450836707154e+02 4.140981450836708859e+02 4.140586576531273408e+02 0.000000000000000000e+00 0.000000000000000000e+00 0.000000000000000000e+00 6.070060312026949456e-02 6.070060312026948068e-02 5.979676899615735119e-02 1.910607408332087864e-01 5.979676899615735119e-02
2.500000000000000000e-01 2.500000000000000000e-01 2.500000000000000000e-01 1.524413244993959324e+02 1.524413244993959609e+02 1.524156056614719148e+02 1.250385135757131616e-01 1.250385135757131616e-01 1.250385135757131616e-01 5.883916268833214863e-02 5.883916268833216945e-02 6.059229094226177559e-02 3.160992544089219480e-01 5.556943138351357059e-02
5.000000000000000000e-01 5.000000000000000000e-01 5.000000000000000000e-01 5.924117979578116433e+01 5.924117979578116433e+01 5.922108279904050221e+01 2.500770271514263232e-01 2.500770271514263232e-01 2.500770271514263232e-01 5.398337864966611110e-02 5.398337864966609723e-02 5.773551115297086839e-02 4.411377679846351096e-01 4.937363009197990454e-02
7.500000000000000000e-01 7.500000000000000000e-01 7.500000000000000000e-01 3.039344176490766358e+01 3.039344176490767779e+01 3.038426065767456308e+01 3.751155407271394848e-01 3.751155407271394848e-01 3.751155407271394848e-01 4.772939097176821105e-02 4.772939097176819023e-02 5.240006594672269591e-02 5.661762815603482712e-01 4.283406442548170351e-02
1.000000000000000000e+00 1.000000000000000000e+00 1.000000000000000000e+00 1.642217411205791322e+01 1.642217411205791677e+01 1.641804905504221423e+01 5.001540543028526464e-01 5.001540543028526464e-01 5.001540543028526464e-01 4.146784189878188753e-02 4.146784189878191529e-02 4.618954556157646441e-02 6.912147951360614329e-01 3.691762876019050177e-02
1.250000000000000000e+00 1.250000000000000000e+00 1.250000000000000000e+00 9.768284636304008117e+00 9.768284636303999235e+00 9.768918694497118693e+00 6.251925678785656970e-01 6.251925678785656970e-01 6.251925678785656970e-01 3.588014449791916000e-02 3.588014449791911142e-02 4.020548362125576924e-02 8.162533087117744834e-01 3.189979552833117904e-02
1.500000000000000000e+00 1.500000000000000000e+00 1.500000000000000000e+00 6.005597077503772141e+00 6.005597077503773917e+00 6.007872128545615809e+00 7.502310814542789696e-01 7.502310814542789696e-01 7.502310814542789696e-01 3.110881678627534092e-02 3.110881678627533398e-02 3.489286265715798446e-02 9.412918222874877561e-01 2.771107564925842648e-02
1.750000000000000000e+00 1.750000000000000000e+00 1.750000000000000000e+00 3.917995594477464039e+00 3.917995594477464483e+00 3.921642198248725730e+00 8.752695950299921313e-01 8.752695950299921313e-01 8.752695950299921313e-01 2.707990118374170585e-02 2.707990118374170585e-02 3.032265268602778174e-02 1.066330335863201029e+00 2.420397108118373802e-02
2.000000000000000000e+00 2.000000000000000000e+00 2.000000000000000000e+00 2.620477586683401139e+00 2.620477586683401139e+00 2.624087050692211154e+00 1.000308108605705293e+00 1.000308108605705293e+00 1.000308108605705293e+00 2.367842751835440990e-02 2.367842751835439949e-02 2.643349495266282545e-02 1.191368849438914079e+00 2.124843369350933389e-02
2.250000000000000000e+00 2.250000000000000000e+00 2.250000000000000000e+00 1.829310909805575980e+00 1.829310909805576868e+00 1.832955716389597756e+00 1.125346622181418343e+00 1.125346622181418343e+00 1.125346622181418343e+00 2.079929146720935207e-02 2.079929146720934860e-02 2.313413267543412699e-02 1.316407363014627130e+00 1.874324261399374497e-02
2.500000000000000000e+00 2.500000000000000000e+00 2.500000000000000000e+00 1.301667729567975940e+00 1.301667729567975718e+00 1.304765862477501592e+00 1.250385135757131394e+00 1.250385135757131394e+00 1.250385135757131394e+00 1.835417632109478600e-02 1.835417632109477559e-02 2.033450556759650377e-02 1.441445876590340180e+00 1.660918873516290320e-02
2.750000000000000000e+00 2.750000000000000000e+00 2.750000000000000000e+00 9.567920377002657739e-01 9.567920377002651078e-01 9.595538631230920990e-01 1.375423649332844667e+00 1.375423649332844667e+00 1.375423649332844667e+00 1.626990656862940463e-02 1.626990656862939769e-02 1.795414339801728112e-02 1.566484390166053453e+00 1.478295715847333623e-02
3.000000000000000000e+00 3.000000000000000000e+00 3.000000000000000000e+00 7.135681959760651338e-01 7.135681959760648008e-01 7.157633034587088661e-01 1.500462162908557939e+00 1.500462162908557939e+00 1.500462162908557939e+00 1.448607682466823872e-02 1.448607682466823351e-02 1.592398905907402989e-02 1.691522903741766726e+00 1.321323513902640870e-02
3.250000000000000000e+00 3.250000000000000000e+00 3.250000000000000000e+00 5.457376343224734638e-01 5.457376343224731308e-01 5.475846969933895192e-01 1.625500676484270990e+00 1.625500676484270990e+00 1.625500676484270990e+00 1.295292536478566923e-02 1.295292536478566230e-02 1.418599428286828647e-02 1.816561417317479776e+00 1.185811388771798418e-02
3.500000000000000000e+00 3.500000000000000000e+00 3.500000000000000000e+00 4.219325528207122922e-01 4.219325528207126252e-01 4.233385530481196257e-01 1.750539190059984263e+00 1.750539190059984263e+00 1.750539190059984263e+00 1.162950335023762820e-02 1.162950335023762299e-02 1.269192064575764937e-02 1.941599930893193049e+00 1.068320788354063487e-02
3.750000000000000000e+00 3.750000000000000000e+00 3.750000000000000000e+00 3.327434196786575593e-01 3.327434196786576703e-01 3.338892518179632507e-01 1.875577703635697313e+00 1.875577703635697313e+00 1.875577703635697313e+00 1.048211474892766885e-02 1.048211474892766365e-02 1.140192079742636394e-02 2.066638444468906322e+00 9.660208437045150059e-03
4.000000000000000000e+00 4.000000000000000000e+00 4.000000000000000000e+00 2.645287354022325954e-01 2.645287354022327619e-01 2.653712455010598381e-01 2.000616217211410586e+00 2.000616217211410586e+00 2.000616217211410586e+00 9.483007510770339113e-03 9.483007510770337378e-03 1.028316731185082399e-02 2.191676958044619372e+00 8.765743483602043279e-03
4.250000000000000000e+00 4.250000000000000000e+00 4.250000000000000000e+00 2.136678633307597941e-01 2.136678633307598774e-01 2.143437311367106524e-01 2.125654730787123636e+00 2.125654730787123636e+00 2.125654730787123636e+00 8.609285126978144520e-03 8.609285126978146255e-03 9.308624719504879005e-03 2.316715471620332423e+00 7.980459983260938459e-03
4.500000000000000000e+00 4.500000000000000000e+00 4.500000000000000000e+00 1.736244541310855705e-01 1.736244541310856815e-01 1.741073323861473676e-01 2.250693244362836687e+00 2.250693244362836687e+00 2.250693244362836687e+00 7.842012762010909868e-03 7.842012762010908133e-03 8.456003384539405657e-03 2.441753985196045473e+00 7.288285750489759129e-03
4.750000000000000000e+00 4.750000000000000000e+00 4.750000000000000000e+00 1.429369333473789749e-01 1.429369333473787806e-01 1.433262461900816909e-01 2.375731757938550182e+00 2.375731757938550182e+00 2.375731757938550182e+00 7.165485847166340634e-03 7.165485847166338032e-03 7.706884512189676739e-03 2.566792498771758968e+00 6.675829507456637786e-03
5.000000000000000000e+00 5.000000000000000000e+00 5.000000000000000000e+00 1.182102786990654325e-01 1.182102786990655019e-01 1.184850857968326593e-01 2.500770271514262788e+00 2.500770271514262788e+00 2.500770271514262788e+00 6.566636737475642881e-03 6.566636737475639411e-03 7.046004482910613216e-03 2.691831012347471574e+00 6.131896966664437260e-03
5.250000000000000000e+00 5.250000000000000000e+00 5.250000000000000000e+00 9.884101341334185220e-02 9.884101341334189383e-02 9.907277177487791575e-02 2.625808785089976283e+00 2.625808785089976283e+00 2.625808785089976283e+00 6.034552791077258706e-03 6.034552791077263043e-03 6.460670055124646122e-03 2.816869525923185069e+00 5.647096504121317494e-03
5.500000000000000000e+00 5.500000000000000000e+00 5.500000000000000000e+00 8.294319910199667023e-02 8.294319910199669799e-02 8.311297801935788043e-02 2.750847298665689333e+00 2.750847298665689333e+00 2.750847298665689333e+00 5.560087325137608692e-03 5.560087325137613029e-03 5.940287106249703304e-03 2.941908039498898120e+00 5.213521073316901636e-03
5.750000000000000000e+00 5.750000000000000000e+00 5.750000000000000000e+00 7.027067576593301612e-02 7.027067576593307163e-02 7.042994867578032669e-02 2.875885812241402384e+00 2.875885812241402384e+00 2.875885812241402384e+00 5.135543945885979143e-03 5.135543945885982613e-03 5.475977942720307995e-03 3.066946553074611170e+00 4.824488188515252060e-03
6.000000000000000000e+00 6.000000000000000000e+00 6.000000000000000000e+00 5.971558116317195186e-02 5.971558116317191023e-02 5.984670627279272542e-02 3.000924325817115879e+00 3.000924325817115879e+00 3.000924325817115879e+00 4.754421720364145065e-03 4.754421720364147667e-03 5.060274158533490177e-03 3.191985066650324665e+00 4.474329968754351891e-03
6.250000000000000000e+00 6.250000000000000000e+00 6.250000000000000000e+00 5.118489686813835343e-02 5.118489686813837425e-02 5.132534437047692188e-02 3.125962839392828929e+00 3.125962839392828929e+00 3.125962839392828929e+00 4.411207746779926414e-03 4.411207746779930751e-03 4.686866747051383897e-03 3.317023580226037716e+00 4.158220605825205772e-03
6.500000000000000000e+00 6.500000000000000000e+00 6.500000000000000000e+00 4.399687093724331810e-02 4.399687093724331116e-02 4.413030433768797695e-02 3.251001352968541980e+00 3.251001352968541980e+00 3.251001352968541980e+00 4.101209220149172954e-03 4.101209220149179026e-03 4.350405359258296620e-03 3.442062093801750766e+00 3.872036743409825593e-03
6.750000000000000000e+00 6.750000000000000000e+00 6.750000000000000000e+00 3.812457177417854365e-02 3.812457177417853671e-02 3.827868396935275169e-02 3.376039866544255474e+00 3.376039866544255474e+00 3.376039866544255474e+00 3.820415934630021996e-03 3.820415934630021562e-03 4.046333964487519412e-03 3.567100607377464261e+00 3.612241907058306046e-03
7.000000000000000000e+00 7.000000000000000000e+00 7.000000000000000000e+00 3.313192996161940657e-02 3.313192996161939269e-02 3.329180657488593070e-02 3.501078380119968525e+00 3.501078380119968525e+00 3.501078380119968525e+00 3.565388470976129254e-03 3.565388470976127086e-03 3.770758419588467192e-03 3.692139120953177311e+00 3.375792712950911271e-03
7.250000000000000000e+00 7.250000000000000000e+00 7.250000000000000000e+00 2.901978239358087019e-02 2.901978239358083897e-02 2.920625152119071116e-02 3.626116893695682020e+00 3.626116893695682020e+00 3.626116893695682020e+00 3.333165964951257266e-03 3.333165964951254230e-03 3.520337106844390659e-03 3.817177634528890806e+00 3.160060541377476828e-03
7.500000000000000000e+00 7.500000000000000000e+00 7.500000000000000000e+00 2.550008086825331782e-02 2.550008086825333864e-02 2.569970059469210352e-02 3.751155407271394626e+00 3.751155407271394626e+00 3.751155407271394626e+00 3.121190723293755867e-03 3.121190723293755867e-03 3.292192469121363492e-03 3.942216148104603413e+00 2.962767786567097310e-03
7.750000000000000000e+00 7.750000000000000000e+00 7.750000000000000000e+00 2.258427303079276263e-02 2.258427303079277304e-02 2.281299822000774913e-02 3.876193920847107677e+00 3.876193920847107677e+00 3.876193920847107677e+00 2.927245514702134406e-03 2.927245514702132238e-03 3.083837203072297556e-03 4.067254661680316019e+00 2.781934074704726575e-03
8.000000000000000000e+00 8.000000000000000000e+00 8.000000000000000000e+00 2.007691336344744754e-02 2.007691336344743713e-02 2.032274390714529366e-02 4.001232434422821171e+00 4.001232434422821171e+00 4.001232434422821171e+00 2.749402052604322556e-03 2.749402052604322123e-03 2.893114339243081992e-03 4.192293175256029514e+00 2.615832384640282959e-03
8.250000000000000000e+00 8.250000000000000000e+00 8.250000000000000000e+00 1.799239546904859294e-02 1.799239546904857906e-02 1.826777743956868247e-02 4.126270947998534666e+00 4.126270947998534666e+00 4.126270947998534666e+00 2.585977750295612252e-03 2.585977750295614420e-03 2.718146680383941305e-03 4.317331688831743008e+00 2.462951611120196664e-03
8.500000000000000000e+00 8.500000000000000000e+00 8.500000000000000000e+00 1.619510957568732340e-02 1.619510957568733034e-02 1.648939726862999611e-02 4.251309461574247273e+00 4.251309461574247273e+00 4.251309461574247273e+00 2.435500024423048818e-03 2.435500024423050119e-03 2.557295635645187321e-03 4.442370202407456503e+00 2.321965974230867907e-03
8.750000000000000000e+00 8.750000000000000000e+00 8.750000000000000000e+00 1.469908457709521825e-02 1.469908457709521998e-02 1.502215732043759092e-02 4.376347975149959879e+00 4.376347975149959879e+00 4.376347975149959879e+00 2.296676044912554678e-03 2.296676044912556412e-03 2.409126055738315154e-03 4.567408715983168221e+00 2.191708598123786721e-03
9.000000000000000000e+00 9.000000000000000000e+00 9.000000000000000000e+00 1.340846549363232561e-02 1.340846549363230999e-02 1.375091426318410075e-02 4.501386488725673374e+00 4.501386488725673374e+00 4.501386488725673374e+00 2.168367661452520832e-03 2.168367661452523434e-03 2.272377553835949228e-03 4.692447229558881716e+00 2.071149914630300744e-03
9.250000000000000000e+00 9.250000000000000000e+00 9.250000000000000000e+00 1.233562211603495516e-02 1.233562211603496037e-02 1.270541724801355424e-02 4.626425002301386868e+00 4.626425002301386868e+00 4.626425002301386868e+00 2.049569945559616500e-03 2.049569945559617801e-03 2.145939683141831218e-03 4.817485743134595211e+00 1.959378760286581856e-03
9.500000000000000000e+00 9.500000000000000000e+00 9.500000000000000000e+00 1.141175570218739416e-02 1.141175570218739069e-02 1.180059628048557574e-02 4.751463515877100363e+00 4.751463515877100363e+00 4.751463515877100363e+00 1.939393345442593560e-03 1.939393345442591825e-03 2.028831687200570357e-03 4.942524256710308705e+00 1.855586943438400751e-03
9.750000000000000000e+00 9.750000000000000000e+00 9.750000000000000000e+00 1.064720892482419641e-02 1.064720892482419121e-02 1.106162165798774306e-02 4.876502029452812970e+00 4.876502029452812970e+00 4.876502029452812970e+00 1.837048257767635558e-03 1.837048257767631438e-03 1.920184724461688900e-03 5.067562770286022200e+00 1.759055539379315988e-03
1.000000000000000000e+01 1.000000000000000000e+01 1.000000000000000000e+01 9.991984843049708798e-03 9.991984843049705328e-03 1.042464967377988369e-02 5.001540543028525576e+00 5.001540543028525576e+00 5.001540543028525576e+00 1.741832166667083362e-03 1.741832166667079242e-03 1.819227387789724461e-03 5.192601283861733918e+00 1.669143733860948024e-03
1.025000000000000000e+01 1.025000000000000000e+01 1.025000000000000000e+01 9.454441333278744072e-03 9.454441333278737133e-03 9.910775311165919560e-03 5.126579056604239071e+00 5.126579056604239071e+00 5.126579056604239071e+00 1.653118406360647901e-03 1.653118406360641829e-03 1.725272798733198205e-03 5.317639797437447413e+00 1.585278758642034687e-03
1.050000000000000000e+01 1.050000000000000000e+01 1.050000000000000000e+01 8.997885699288298011e-03 8.997885699288294542e-03 9.471430399416242568e-03 5.251617570179952565e+00 5.251617570179952565e+00 5.251617570179952565e+00 1.570346781602226542e-03 1.570346781602221121e-03 1.637708128672080458e-03 5.442678311013160908e+00 1.506947738318934003e-03
1.075000000000000000e+01 1.075000000000000000e+01 1.075000000000000000e+01 8.628898266038869183e-03 8.628898266038863979e-03 9.124204275263227484e-03 5.376656083755666060e+00 5.376656083755666060e+00 5.376656083755666060e+00 1.493015281207523727e-03 1.493015281207518089e-03 1.555985104571919013e-03 5.567716824588874402e+00 1.433690207632105354e-03
1.100000000000000000e+01 1.100000000000000000e+01 1.100000000000000000e+01 8.320349541256577205e-03 8.320349541256584144e-03 8.831711978984737796e-03 5.501694597331378667e+00 5.501694597331378667e+00 5.501694597331378667e+00 1.420673160782410290e-03 1.420673160782404869e-03 1.479612341526373746e-03 5.692755338164587897e+00 1.365092092364050260e-03
1.125000000000000000e+01 1.125000000000000000e+01 1.125000000000000000e+01 8.077299069946721616e-03 8.077299069946721616e-03 8.608581744116640400e-03 5.626733110907092161e+00 5.626733110907092161e+00 5.626733110907092161e+00 1.352914760241030268e-03 1.352914760241027883e-03 1.408148270104611329e-03 5.817793851740301392e+00 1.300780080061484647e-03
1.150000000000000000e+01 1.150000000000000000e+01 1.150000000000000000e+01 7.879585678374845595e-03 7.879585678374842125e-03 8.425741259235506805e-03 5.751771624482804768e+00 5.751771624482804768e+00 5.751771624482804768e+00 1.289374348846428773e-03 1.289374348846427472e-03 1.341195468236696048e-03 5.942832365316013110e+00 1.240417134383154513e-03
1.175000000000000000e+01 1.175000000000000000e+01 1.175000000000000000e+01 7.731002171953598769e-03 7.731002171953605707e-03 8.295342336115970813e-03 5.876810138058518262e+00 5.876810138058518262e+00 5.876810138058518262e+00 1.229721460945739286e-03 1.229721460945737768e-03 1.278395329280620661e-03 6.067870878891726605e+00 1.183698212081787850e-03
1.200000000000000000e+01 1.200000000000000000e+01 1.200000000000000000e+01 7.616524849085370974e-03 7.616524849085372709e-03 8.194575668767316648e-03 6.001848651634231757e+00 6.001848651634231757e+00 6.001848651634231757e+00 1.173657016662050037e-03 1.173657016662048736e-03 1.219423832162442982e-03 6.192909392467440099e+00 1.130346890966768634e-03
1.225000000000000000e+01 1.225000000000000000e+01 1.225000000000000000e+01 7.538909513430802969e-03 7.538909513430802969e-03 8.133532811860506515e-03 6.126887165209944364e+00 6.126887165209944364e+00 6.126887165209944364e+00 1.120909765743437203e-03 1.120909765743435252e-03 1.163987475856101492e-03 6.317947906043153594e+00 1.080112075847499764e-03
1.250000000000000000e+01 1.250000000000000000e+01 1.250000000000000000e+01 7.486958288929285166e-03 7.486958288929288635e-03 8.094180375011784945e-03 6.251925678785657858e+00 6.251925678785657858e+00 6.251925678785657858e+00 1.071233341548034857e-03 1.071233341548031171e-03 1.111820095363387885e-03 6.442986419618867089e+00 1.032765443348669133e-03
1.275000000000000000e+01 1.275000000000000000e+01 1.275000000000000000e+01 7.462588555296135497e-03 7.462588555296131160e-03 8.084900097671536556e-03 6.376964192361371353e+00 6.376964192361371353e+00 6.376964192361371353e+00 1.024403522522568302e-03 1.024403522522562447e-03 1.062679728150604666e-03 6.568024933194580584e+00 9.880988822342960057e-04
1.300000000000000000e+01 1.300000000000000000e+01 1.300000000000000000e+01 7.457475609481941346e-03 7.457475609481944816e-03 8.091339853120989994e-03 6.502002705937083959e+00 6.502002705937083959e+00 6.502002705937083959e+00 9.802159759152325163e-04 9.802159759152260111e-04 1.016346198332011841e-03 6.693063446770292302e+00 9.459225430511837476e-04
1.325000000000000000e+01 1.325000000000000000e+01 1.325000000000000000e+01 7.472865762638825765e-03 7.472865762638824030e-03 8.120463518812275766e-03 6.627041219512798342e+00 6.627041219512798342e+00 6.627041219512798342e+00 9.384841288207021069e-04 9.384841288206953848e-04 9.726186764660538176e-04 6.818101960346007573e+00 9.060628294638399657e-04
1.350000000000000000e+01 1.350000000000000000e+01 1.350000000000000000e+01 7.502606984129943542e-03 7.502606984129946144e-03 8.160783820436426708e-03 6.752079733088510949e+00 6.752079733088510949e+00 6.752079733088510949e+00 8.990374264758809689e-04 8.990374264758755479e-04 9.313138333488374387e-04 6.943140473921719291e+00 8.683608996904858355e-04
1.375000000000000000e+01 1.375000000000000000e+01 1.375000000000000000e+01 7.547413463145484849e-03 7.547413463145489186e-03 8.218088625303539979e-03 6.877118246664223555e+00 6.877118246664223555e+00 6.877118246664223555e+00 8.617196622517606401e-04 8.617196622517560864e-04 8.922639210632032653e-04 7.068178987497432786e+00 8.326710753923268187e-04
1.400000000000000000e+01 1.400000000000000000e+01 1.400000000000000000e+01 7.602784993555531702e-03 7.602784993555527365e-03 8.283139315087619317e-03 7.002156760239937050e+00 7.002156760239937050e+00 7.002156760239937050e+00 8.263876233017104170e-04 8.263876233017074897e-04 8.553153528479029606e-04 7.193217501073146281e+00 7.988596833695928634e-04
1.425000000000000000e+01 1.425000000000000000e+01 1.425000000000000000e+01 7.669017959095830728e-03 7.669017959095835932e-03 8.360747573868921104e-03 7.127195273815649657e+00 7.127195273815649657e+00 7.127195273815649657e+00 7.929097693569863835e-04 7.929097693569851909e-04 8.203271799414675776e-04 7.318256014648857999e+00 7.668037839089835534e-04
1.450000000000000000e+01 1.450000000000000000e+01 1.450000000000000000e+01 7.742872802829482183e-03 7.742872802829479581e-03 8.443453277153248338e-03 7.252233787391364039e+00 7.252233787391364039e+00 7.252233787391364039e+00 7.611651724106804125e-04 7.611651724106813883e-04 7.871699927666824448e-04 7.443294528224573270e+00 7.363902707065717035e-04
1.475000000000000000e+01 1.475000000000000000e+01 1.475000000000000000e+01 7.824321635102811021e-03 7.824321635102814490e-03 8.535256915912088974e-03 7.377272300967076646e+00 7.377272300967076646e+00 7.377272300967076646e+00 7.310424629968240379e-04 7.310424629968265316e-04 7.557247011979081582e-04 7.568333041800284988e+00 7.075148458855505312e-04
1.500000000000000000e+01 1.500000000000000000e+01 1.500000000000000000e+01 7.911089086745258167e-03 7.911089086745254698e-03 8.630114546427146080e-03 7.502310814542789252e+00 7.502310814542789252e+00 7.502310814542789252e+00 7.024389948423105266e-04 7.024389948423125866e-04 7.258816798917467955e-04 7.693371555375998483e+00 6.800813172872917324e-04
1.525000000000000000e+01 1.525000000000000000e+01 1.525000000000000000e+01 8.002899265970952677e-03 8.002899265970952677e-03 8.731351763844435662e-03 7.627349328118502747e+00 7.627349328118502747e+00 7.627349328118502747e+00 6.752599980427421945e-04 6.752599980427440376e-04 6.975397833214288298e-04 7.818410068951711978e+00 6.540007656650387085e-04
1.550000000000000000e+01 1.550000000000000000e+01 1.550000000000000000e+01 8.098214464286832351e-03 8.098214464286832351e-03 8.834059059011939441e-03 7.752387841694215354e+00 7.752387841694215354e+00 7.752387841694215354e+00 6.494179171234984622e-04 6.494179171234991128e-04 6.706056779134085761e-04 7.943448582527423696e+00 6.291909938262027144e-04
1.575000000000000000e+01 1.575000000000000000e+01 1.575000000000000000e+01 8.196572862760452549e-03 8.196572862760450814e-03 8.940999869617006698e-03 7.877426355269929736e+00 7.877426355269929736e+00 7.877426355269929736e+00 6.248317255843651146e-04 6.248317255843659820e-04 6.449930403597042491e-04 8.068487096103138967e+00 6.055758448580340252e-04
1.600000000000000000e+01 1.600000000000000000e+01 1.600000000000000000e+01 8.297000040036731430e-03 8.297000040036734900e-03 9.048178202036358600e-03 8.002464868845642343e+00 8.002464868845642343e+00 8.002464868845642343e+00 6.014263985720807873e-04 6.014263985720806789e-04 6.206220336071207027e-04 8.193525609678850685e+00 5.830847688231275468e-04
1.625000000000000000e+01 1.625000000000000000e+01 1.625000000000000000e+01 8.398898717351980028e-03 8.398898717351981763e-03 9.157888750124375254e-03 8.127503382421354061e+00 8.127503382421354061e+00 8.127503382421354061e+00 5.791323543066573612e-04 5.791323543066569275e-04 5.974186495065930995e-04 8.318564123254562404e+00 5.616522607062399575e-04
1.650000000000000000e+01 1.650000000000000000e+01 1.650000000000000000e+01 8.501722636808733968e-03 8.501722636808739172e-03 9.266874494193238013e-03 8.252541895997069332e+00 8.252541895997069332e+00 8.252541895997069332e+00 5.578850319537036152e-04 5.578850319537043741e-04 5.753142962347248483e-04 8.443602636830277675e+00 5.412175186420177661e-04
1.675000000000000000e+01 1.675000000000000000e+01 1.675000000000000000e+01 8.604780068473240340e-03 8.604780068473235136e-03 9.377038939136855822e-03 8.377580409572781051e+00 8.377580409572781051e+00 8.377580409572781051e+00 5.376244336152770408e-04 5.376244336152800765e-04 5.542452555981550308e-04 8.568641150405989393e+00 5.217239775836638458e-04
1.700000000000000000e+01 1.700000000000000000e+01 1.700000000000000000e+01 8.707847581568754422e-03 8.707847581568757891e-03 9.485725182977685493e-03 8.502618923148494545e+00 8.502618923148494545e+00 8.502618923148494545e+00 5.182947849560631294e-04 5.182947849560684420e-04 5.341523572474656369e-04 8.693679663981702888e+00 5.031190392033265714e-04
1.725000000000000000e+01 1.725000000000000000e+01 1.725000000000000000e+01 8.810172310348562616e-03 8.810172310348571290e-03 9.594510063410494408e-03 8.627657436724208040e+00 8.627657436724208040e+00 8.627657436724208040e+00 4.998441575428466547e-04 4.998441575428538104e-04 5.149805278485917190e-04 8.818718177557416382e+00 4.853536827709236203e-04
1.750000000000000000e+01 1.750000000000000000e+01 1.750000000000000000e+01 8.911771095913768870e-03 8.911771095913768870e-03 9.701225634324742858e-03 8.752695950299919758e+00 8.752695950299919758e+00 8.752695950299919758e+00 4.822241949962454517e-04 4.822241949962535290e-04 4.966785332468601514e-04 8.943756691133128101e+00 4.683822515005146847e-04
1.775000000000000000e+01 1.775000000000000000e+01 1.775000000000000000e+01 9.011856999656382358e-03 9.011856999656380623e-03 9.807175854127925946e-03 8.877734463875635029e+00 8.877734463875635029e+00 8.877734463875635029e+00 4.653898000642264299e-04 4.653898000642353746e-04 4.791986019011524158e-04 9.068795204708843372e+00 4.521621262897357611e-04
1.800000000000000000e+01 1.800000000000000000e+01 1.800000000000000000e+01 9.110622126414440192e-03 9.110622126414440192e-03 9.910592237422856735e-03 9.002772977451346748e+00 9.002772977451346748e+00 9.002772977451346748e+00 4.492989130191972404e-04 4.492989130192068356e-04 4.624962205155405182e-04 9.193833718284555090e+00 4.366535568068834867e-04
1.825000000000000000e+01 1.825000000000000000e+01 1.825000000000000000e+01 9.207267446881172573e-03 9.207267446881170839e-03 1.001255078742289799e-02 9.127811491027060242e+00 9.127811491027060242e+00 9.127811491027060242e+00 4.339122513600373330e-04 4.339122513600457897e-04 4.465298180691877833e-04 9.318872231860268585e+00 4.218193869395364909e-04
1.850000000000000000e+01 1.850000000000000000e+01 1.850000000000000000e+01 9.302108926289987326e-03 9.302108926289992530e-03 1.011161006524539073e-02 9.252850004602773737e+00 9.252850004602773737e+00 9.252850004602773737e+00 4.191931301981611136e-04 4.191931301981677272e-04 4.312606037455522920e-04 9.443910745435982079e+00 4.076249216336430862e-04
1.875000000000000000e+01 1.875000000000000000e+01 1.875000000000000000e+01 9.394353296656859920e-03 9.394353296656858185e-03 1.020865570071615921e-02 9.377888518178485455e+00 9.377888518178485455e+00 9.377888518178485455e+00 4.051072451962161778e-04 4.051072451962215988e-04 4.166523009181063455e-04 9.568949259011693798e+00 3.940376953985608058e-04
1.900000000000000000e+01 1.900000000000000000e+01 1.900000000000000000e+01 9.484399593157027963e-03 9.484399593157026229e-03 1.030251445203863615e-02 9.502927031754200726e+00 9.502927031754200726e+00 9.502927031754200726e+00 3.916225270414912317e-04 3.916225270414962732e-04 4.026710187562647239e-04 9.693987772587409069e+00 3.810273680523076890e-04
1.925000000000000000e+01 1.925000000000000000e+01 1.925000000000000000e+01 9.571474801561601770e-03 9.571474801561605239e-03 1.039391305424479731e-02 9.627965545329912445e+00 9.627965545329912445e+00 9.627965545329912445e+00 3.787089603708283878e-04 3.787089603708338630e-04 3.892850278919675008e-04 9.819026286163120787e+00 3.685655296343123247e-04
1.950000000000000000e+01 1.950000000000000000e+01 1.950000000000000000e+01 9.656028563067105622e-03 9.656028563067100418e-03 1.048189846251610519e-02 9.753004058905625939e+00 9.753004058905625939e+00 9.753004058905625939e+00 3.663384663099892267e-04 3.663384663099950814e-04 3.764646590793711768e-04 9.944064799738834282e+00 3.566256199598634566e-04
1.975000000000000000e+01 1.975000000000000000e+01 1.975000000000000000e+01 9.737319874358741148e-03 9.737319874358734209e-03 1.056706490263065353e-02 9.878042572481339434e+00 9.878042572481339434e+00 9.878042572481339434e+00 3.544847518775877675e-04 3.544847518775944353e-04 3.641821141588248668e-04 1.006910331331454778e+01 3.451827649678211054e-04
2.000000000000000000e+01 2.000000000000000000e+01 2.000000000000000000e+01 9.815823087184189985e-03 9.815823087184191720e-03 1.064864026539265665e-02 1.000308108605705115e+01 1.000308108605705115e+01 1.000308108605705115e+01 3.431232161317761330e-04 3.431232161317845897e-04 3.524113867571782694e-04 1.019414182689025949e+01 3.342137164972454658e-04
2.025000000000000000e+01 2.025000000000000000e+01 2.025000000000000000e+01 9.890838736792410824e-03 9.890838736792407354e-03 1.072710838419305840e-02 1.012811959963276642e+01 1.012811959963276642e+01 1.012811959963276642e+01 3.322308260374415550e-04 3.322308260374522344e-04 3.411281037342696050e-04 1.031918034046597477e+01 3.236967165931292894e-04
2.050000000000000000e+01 2.050000000000000000e+01 2.050000000000000000e+01 9.962845199168858176e-03 9.962845199168852972e-03 1.080184591318817701e-02 1.025315811320847814e+01 1.025315811320847814e+01 1.025315811320847814e+01 3.217860431456103605e-04 3.217860431456204978e-04 3.303094642681848620e-04 1.044421885404168648e+01 3.136114553379161247e-04
2.075000000000000000e+01 2.075000000000000000e+01 2.075000000000000000e+01 1.003119225592013011e-02 1.003119225592013011e-02 1.087324481481472850e-02 1.037819662678419164e+01 1.037819662678419164e+01 1.037819662678419164e+01 3.117687232843004272e-04 3.117687232843104560e-04 3.199341083464899999e-04 1.056925736761739998e+01 3.039389611029284875e-04
2.100000000000000000e+01 2.100000000000000000e+01 2.100000000000000000e+01 1.009634577428703689e-02 1.009634577428703862e-02 1.094080412794067210e-02 1.050323514035990513e+01 1.050323514035990513e+01 1.050323514035990513e+01 3.021600620386473250e-04 3.021600620386566492e-04 3.099820718080619256e-04 1.069429588119311347e+01 2.946615757516898577e-04
2.125000000000000000e+01 2.125000000000000000e+01 2.125000000000000000e+01 1.015771100179768856e-02 1.015771100179769203e-02 1.100483941989428664e-02 1.062827365393561863e+01 1.062827365393561863e+01 1.062827365393561863e+01 2.929425170291206633e-04 2.929425170291283611e-04 3.004346797534224720e-04 1.081933439476882697e+01 2.857628704190897295e-04
2.150000000000000000e+01 2.150000000000000000e+01 2.150000000000000000e+01 1.021572809426732689e-02 1.021572809426733036e-02 1.106495050837718631e-02 1.075331216751133212e+01 1.075331216751133212e+01 1.075331216751133212e+01 2.840997719110141171e-04 2.840997719110194839e-04 2.912745163376958559e-04 1.094437290834454046e+01 2.772276391192388220e-04
2.175000000000000000e+01 2.175000000000000000e+01 2.175000000000000000e+01 1.026986276458790974e-02 1.026986276458790801e-02 1.112138944451041694e-02 1.087835068108704384e+01 1.087835068108704384e+01 1.087835068108704384e+01 2.756166815930298584e-04 2.756166815930331110e-04 2.824853423598582534e-04 1.106941142192025218e+01 2.690418415132125483e-04
2.200000000000000000e+01 2.200000000000000000e+01 2.200000000000000000e+01 1.032051894181732800e-02 1.032051894181732973e-02 1.117383918561929215e-02 1.100338919466275733e+01 1.100338919466275733e+01 1.100338919466275733e+01 2.674792562002746370e-04 2.674792562002761549e-04 2.740520799632026696e-04 1.119444993549596568e+01 2.611926180271771127e-04
2.225000000000000000e+01 2.225000000000000000e+01 2.225000000000000000e+01 1.036722679972290444e-02 1.036722679972290270e-02 1.122249891372976288e-02 1.112842770823847083e+01 1.112842770823847083e+01 1.112842770823847083e+01 2.596746315319654430e-04 2.596746315319665814e-04 2.659607552899643417e-04 1.131948844907167917e+01 2.536682632602846907e-04
2.250000000000000000e+01 2.250000000000000000e+01 2.250000000000000000e+01 1.041034571022838445e-02 1.041034571022838792e-02 1.126712041681581476e-02 1.125346622181418432e+01 1.125346622181418432e+01 1.125346622181418432e+01 2.521910765954197024e-04 2.521910765954215455e-04 2.581984999337366715e-04 1.144452696264739266e+01 2.464582679767286072e-04
2.275000000000000000e+01 2.275000000000000000e+01 2.275000000000000000e+01 1.044947347306570719e-02 1.044947347306571760e-02 1.130785871889648624e-02 1.137850473538989782e+01 1.137850473538989782e+01 1.137850473538989782e+01 2.450179940466074946e-04 2.450179940466095004e-04 2.507535216500675866e-04 1.156956547622310616e+01 2.395533287172604581e-04
2.300000000000000000e+01 2.300000000000000000e+01 2.300000000000000000e+01 1.048491836604911916e-02 1.048491836604912436e-02 1.134452295890571796e-02 1.150354324896560954e+01 1.150354324896560954e+01 1.150354324896560954e+01 2.381459577337988339e-04 2.381459577338017883e-04 2.436151266892341404e-04 1.169460398979881788e+01 2.329454233437526858e-04
2.325000000000000000e+01 2.325000000000000000e+01 2.325000000000000000e+01 1.051634828768485685e-02 1.051634828768485512e-02 1.137723101548800825e-02 1.162858176254132303e+01 1.162858176254132303e+01 1.162858176254132303e+01 2.315667545621878773e-04 2.315667545621923225e-04 2.367737235240372233e-04 1.181964250337453137e+01 2.266278694277777889e-04
2.350000000000000000e+01 2.350000000000000000e+01 2.350000000000000000e+01 1.054401537502803500e-02 1.054401537502803847e-02 1.140584033681635301e-02 1.175362027611703652e+01 1.175362027611703652e+01 1.175362027611703652e+01 2.252735287156635180e-04 2.252735287156688306e-04 2.302208574224992403e-04 1.194468101695024487e+01 2.205955836141961120e-04
2.375000000000000000e+01 2.375000000000000000e+01 2.375000000000000000e+01 1.056765951441678182e-02 1.056765951441678356e-02 1.143043715849878343e-02 1.187865878969275002e+01 1.187865878969275002e+01 1.187865878969275002e+01 2.192616755068826082e-04 2.192616755068868637e-04 2.239491186903790109e-04 1.206971953052595836e+01 2.148469118151450448e-04
2.400000000000000000e+01 2.400000000000000000e+01 2.400000000000000000e+01 1.058747291445588483e-02 1.058747291445588830e-02 1.145092033298197344e-02 1.200369730326846351e+01 1.200369730326846351e+01 1.200369730326846351e+01 2.135352801480945768e-04 2.135352801480975041e-04 2.179518070192397385e-04 1.219475804410167186e+01 2.093967719204316942e-04
2.425000000000000000e+01 2.425000000000000000e+01 2.425000000000000000e+01 1.060326883799415573e-02 1.060326883799415920e-02 1.146734859048852140e-02 1.212873581684417523e+01 1.212873581684417523e+01 1.212873581684417523e+01 2.081386773138515622e-04 2.081386773138533511e-04 2.122261270965375424e-04 1.231979655767738357e+01 2.043363846947081938e-04
2.450000000000000000e+01 2.450000000000000000e+01 2.450000000000000000e+01 1.061517686434325543e-02 1.061517686434325890e-02 1.147965719386422230e-02 1.225377433041988873e+01 1.225377433041988873e+01 1.225377433041988873e+01 2.032503641055790006e-04 2.032503641055793530e-04 2.068083870342606815e-04 1.244483507125309707e+01 1.999856116539497017e-04
2.475000000000000000e+01 2.475000000000000000e+01 2.475000000000000000e+01 1.062308458277320261e-02 1.062308458277320261e-02 1.148788024917268488e-02 1.237881284399560222e+01 1.237881284399560222e+01 1.237881284399560222e+01 1.993214327530054119e-04 1.993214327530038127e-04 2.019092428863799888e-04 1.256987358482881056e+01 1.970343247886098634e-04
2.500000000000000000e+01 2.500000000000000000e+01 2.500000000000000000e+01 1.062705720740613792e-02 1.062705720740613272e-02 1.149198618609979447e-02 1.250385135757131572e+01 1.250385135757131572e+01 1.250385135757131572e+01 1.970611752206754825e-04 1.970611752206730160e-04 1.981170031481922246e-04 1.269491209840452406e+01 1.963105998712656936e-04
