-2.500000000000000000e+01 -2.500000000000000000e+01 -2.500000000000000000e+01 1.628742413745704748e-02 1.628742413745706136e-02 3.435421095572738920e-02 -1.250385135757131572e+01 -1.250385135757131572e+01 -1.250385135757131572e+01 8.573149443655182647e-04 8.573149443654867145e-04 8.689650046478318958e-04 -1.170861714574563806e+01 8.889073345457362526e-04
-2.475000000000000000e+01 -2.475000000000000000e+01 -2.475000000000000000e+01 1.629228031571862065e-02 1.629228031571862412e-02 3.435325104487352982e-02 -1.237881284399560222e+01 -1.237881284399560222e+01 -1.237881284399560222e+01 8.636145512828084271e-04 8.636145512827811052e-04 8.569822892001954231e-04 -1.158357863216992456e+01 9.126244531805291363e-04
-2.450000000000000000e+01 -2.450000000000000000e+01 -2.450000000000000000e+01 1.630200448810704972e-02 1.630200448810705666e-02 3.435086588462030188e-02 -1.225377433041988873e+01 -1.225377433041988873e+01 -1.225377433041988873e+01 8.748325081898751391e-04 8.748325081898503108e-04 8.539987307040039412e-04 -1.145854011859421107e+01 9.366148369477880938e-04
-2.425000000000000000e+01 -2.425000000000000000e+01 -2.425000000000000000e+01 1.631667980631081732e-02 1.631667980631082079e-02 3.434805556858043507e-02 -1.212873581684417523e+01 -1.212873581684417523e+01 -1.212873581684417523e+01 8.892909381559063048e-04 8.892909381558861386e-04 8.577285030214254957e-04 -1.133350160501849757e+01 9.601939328256698172e-04
-2.400000000000000000e+01 -2.400000000000000000e+01 -2.400000000000000000e+01 1.633634128781293743e-02 1.633634128781293396e-02 3.434342025233964174e-02 -1.200369730326846351e+01 -1.200369730326846351e+01 -1.200369730326846351e+01 9.058859506485224039e-04 9.058859506485090682e-04 8.654572833810111800e-04 -1.120846309144278585e+01 9.841451969398275820e-04
-2.375000000000000000e+01 -2.375000000000000000e+01 -2.375000000000000000e+01 1.636115834246995929e-02 1.636115834246995235e-02 3.433896970489037220e-02 -1.187865878969275002e+01 -1.187865878969275002e+01 -1.187865878969275002e+01 9.241377089843921420e-04 9.241377089843817337e-04 8.756987053403975834e-04 -1.108342457786707236e+01 1.009125253191025477e-03
-2.350000000000000000e+01 -2.350000000000000000e+01 -2.350000000000000000e+01 1.639118788864479814e-02 1.639118788864478773e-02 3.433235802091311878e-02 -1.175362027611703652e+01 -1.175362027611703652e+01 -1.175362027611703652e+01 9.438847237756700171e-04 9.438847237756613434e-04 8.879169440750039237e-04 -1.095838606429135886e+01 1.035382494937341601e-03
-2.325000000000000000e+01 -2.325000000000000000e+01 -2.325000000000000000e+01 1.642669190383755709e-02 1.642669190383755015e-02 3.432662402018799019e-02 -1.162858176254132303e+01 -1.162858176254132303e+01 -1.162858176254132303e+01 9.650712912238077271e-04 9.650712912238047997e-04 9.019239435895916659e-04 -1.083334755071564537e+01 1.062986988615731302e-03
-2.300000000000000000e+01 -2.300000000000000000e+01 -2.300000000000000000e+01 1.646774700447349235e-02 1.646774700447349582e-02 3.431845624717061449e-02 -1.150354324896560954e+01 -1.150354324896560954e+01 -1.150354324896560954e+01 9.876731585837881383e-04 9.876731585837898730e-04 9.176178039507299020e-04 -1.070830903713993187e+01 1.091972212491534649e-03
-2.275000000000000000e+01 -2.275000000000000000e+01 -2.275000000000000000e+01 1.651471744548012321e-02 1.651471744548012668e-02 3.431195217303326800e-02 -1.137850473538989782e+01 -1.137850473538989782e+01 -1.137850473538989782e+01 1.011680571958944227e-03 1.011680571958950732e-03 9.349235175349766185e-04 -1.058327052356422016e+01 1.122371112244183828e-03
-2.250000000000000000e+01 -2.250000000000000000e+01 -2.250000000000000000e+01 1.656769638315891066e-02 1.656769638315890372e-02 3.430280701516016939e-02 -1.125346622181418432e+01 -1.125346622181418432e+01 -1.125346622181418432e+01 1.037094229400246535e-03 1.037094229400258028e-03 9.537843761542268541e-04 -1.045823200998850666e+01 1.154221570206242662e-03
-2.225000000000000000e+01 -2.225000000000000000e+01 -2.225000000000000000e+01 1.662716376689379882e-02 1.662716376689380229e-02 3.429621738916771578e-02 -1.112842770823847083e+01 -1.112842770823847083e+01 -1.112842770823847083e+01 1.063923900976702355e-03 1.063923900976713847e-03 9.741592706405551548e-04 -1.033319349641279317e+01 1.187566528368254890e-03
-2.200000000000000000e+01 -2.200000000000000000e+01 -2.200000000000000000e+01 1.669322510287396880e-02 1.669322510287396533e-02 3.428684861250794885e-02 -1.100338919466275733e+01 -1.100338919466275733e+01 -1.100338919466275733e+01 1.092187161666301762e-03 1.092187161666314339e-03 9.960210947423512630e-04 -1.020815498283707967e+01 1.222454288183260230e-03
-2.175000000000000000e+01 -2.175000000000000000e+01 -2.175000000000000000e+01 1.676649358970493803e-02 1.676649358970494497e-02 3.428104875886100328e-02 -1.087835068108704384e+01 -1.087835068108704384e+01 -1.087835068108704384e+01 1.121908896930333844e-03 1.121908896930348589e-03 1.019354617195614805e-03 -1.008311646926136618e+01 1.258938147159779182e-03
-2.150000000000000000e+01 -2.150000000000000000e+01 -2.150000000000000000e+01 1.684708176023504492e-02 1.684708176023504145e-02 3.427240719848577422e-02 -1.075331216751133212e+01 -1.075331216751133212e+01 -1.075331216751133212e+01 1.153120481787235641e-03 1.153120481787251036e-03 1.044155405233159698e-03 -9.958077955685654459e+00 1.297076840789504514e-03
-2.125000000000000000e+01 -2.125000000000000000e+01 -2.125000000000000000e+01 1.693575832876035442e-02 1.693575832876036136e-02 3.426848882199462487e-02 -1.062827365393561863e+01 -1.062827365393561863e+01 -1.062827365393561863e+01 1.185859699758086807e-03 1.185859699758105455e-03 1.070428181094041893e-03 -9.833039442109940964e+00 1.336934195168632900e-03
-2.100000000000000000e+01 -2.100000000000000000e+01 -2.100000000000000000e+01 1.703263626944900855e-02 1.703263626944901549e-02 3.426175066275128495e-02 -1.050323514035990513e+01 -1.050323514035990513e+01 -1.050323514035990513e+01 1.220170155207840525e-03 1.220170155207861125e-03 1.098186338201016582e-03 -9.708000928534227469e+00 1.378579741605792186e-03
-2.075000000000000000e+01 -2.075000000000000000e+01 -2.075000000000000000e+01 1.713866753512984301e-02 1.713866753512983954e-02 3.426105440201120123e-02 -1.037819662678419164e+01 -1.037819662678419164e+01 -1.037819662678419164e+01 1.256101471049146873e-03 1.256101471049169641e-03 1.127450693376426697e-03 -9.582962414958513975e+00 1.422088381064309402e-03
-2.050000000000000000e+01 -2.050000000000000000e+01 -2.050000000000000000e+01 1.725395753452192704e-02 1.725395753452192704e-02 3.425765692065138590e-02 -1.025315811320847814e+01 -1.025315811320847814e+01 -1.025315811320847814e+01 1.293708837975530946e-03 1.293708837975548727e-03 1.158249462943149611e-03 -9.457923901382800480e+00 1.467541167240511311e-03
-2.025000000000000000e+01 -2.025000000000000000e+01 -2.025000000000000000e+01 1.737967558993228773e-02 1.737967558993228773e-02 3.426181325748581946e-02 -1.012811959963276642e+01 -1.012811959963276642e+01 -1.012811959963276642e+01 1.333053424957018418e-03 1.333053424957026225e-03 1.190617270292329902e-03 -9.332885387807088762e+00 1.515024977605876474e-03
-2.000000000000000000e+01 -2.000000000000000000e+01 -2.000000000000000000e+01 1.751590992306857261e-02 1.751590992306856220e-02 3.426349956781749723e-02 -1.000308108605705115e+01 -1.000308108605705115e+01 -1.000308108605705115e+01 1.374202014388014800e-03 1.374202014388012632e-03 1.224595466640595719e-03 -9.207846874231373491e+00 1.564633465635447253e-03
-1.975000000000000000e+01 -1.975000000000000000e+01 -1.975000000000000000e+01 1.766408897158622607e-02 1.766408897158621913e-02 3.427447987865205048e-02 -9.878042572481339434e+00 -9.878042572481339434e+00 -9.878042572481339434e+00 1.417227592088247858e-03 1.417227592088239835e-03 1.260231292374685555e-03 -9.082808360655661772e+00 1.616466737534129686e-03
-1.950000000000000000e+01 -1.950000000000000000e+01 -1.950000000000000000e+01 1.782427230226446557e-02 1.782427230226446210e-02 3.428335466823767552e-02 -9.753004058905625939e+00 -9.753004058905625939e+00 -9.753004058905625939e+00 1.462209040975965798e-03 1.462209040975960593e-03 1.297578468703401364e-03 -8.957769847079948278e+00 1.670632480400545969e-03
-1.925000000000000000e+01 -1.925000000000000000e+01 -1.925000000000000000e+01 1.799819835400283050e-02 1.799819835400283743e-02 3.430353471699965767e-02 -9.627965545329912445e+00 -9.627965545329912445e+00 -9.627965545329912445e+00 1.509231895924259244e-03 1.509231895924262714e-03 1.336696448220806022e-03 -8.832731333504234783e+00 1.727245648264545859e-03
-1.900000000000000000e+01 -1.900000000000000000e+01 -1.900000000000000000e+01 1.818588445000945270e-02 1.818588445000945270e-02 3.432213353487293533e-02 -9.502927031754200726e+00 -9.502927031754200726e+00 -9.502927031754200726e+00 1.558388082646532374e-03 1.558388082646546035e-03 1.377651235377019227e-03 -8.707692819928523065e+00 1.786429778918384404e-03
-1.875000000000000000e+01 -1.875000000000000000e+01 -1.875000000000000000e+01 1.838944098284012174e-02 1.838944098284011827e-02 3.435437236717129444e-02 -9.377888518178485455e+00 -9.377888518178485455e+00 -9.377888518178485455e+00 1.609776834855534142e-03 1.609776834855552140e-03 1.420514687161792203e-03 -8.582654306352807794e+00 1.848316697345527048e-03
-1.850000000000000000e+01 -1.850000000000000000e+01 -1.850000000000000000e+01 1.860882700071716384e-02 1.860882700071716037e-02 3.438574775907267400e-02 -9.252850004602773737e+00 -9.252850004602773737e+00 -9.252850004602773737e+00 1.663504474471102492e-03 1.663504474471122008e-03 1.465365541697460916e-03 -8.457615792777096075e+00 1.913048039922575320e-03
-1.825000000000000000e+01 -1.825000000000000000e+01 -1.825000000000000000e+01 1.884660030626044910e-02 1.884660030626044910e-02 3.443348581337236924e-02 -9.127811491027060242e+00 -9.127811491027060242e+00 -9.127811491027060242e+00 1.719685497419131803e-03 1.719685497419149150e-03 1.512288746628873181e-03 -8.332577279201382581e+00 1.980774987987519303e-03
-1.800000000000000000e+01 -1.800000000000000000e+01 -1.800000000000000000e+01 1.910264282405661762e-02 1.910264282405662803e-02 3.448131456095742536e-02 -9.002772977451346748e+00 -9.002772977451346748e+00 -9.002772977451346748e+00 1.778442398411764170e-03 1.778442398411775880e-03 1.561376689738856044e-03 -8.207538765625669086e+00 2.051660024548981193e-03
-1.775000000000000000e+01 -1.775000000000000000e+01 -1.775000000000000000e+01 1.938005182082543770e-02 1.938005182082544811e-02 3.454869593196474575e-02 -8.877734463875635029e+00 -8.877734463875635029e+00 -8.877734463875635029e+00 1.839906939181861281e-03 1.839906939181873424e-03 1.612728543903376452e-03 -8.082500252049957368e+00 2.125876716035488348e-03
-1.750000000000000000e+01 -1.750000000000000000e+01 -1.750000000000000000e+01 1.967861000082871126e-02 1.967861000082871126e-02 3.461741291307801616e-02 -8.752695950299919758e+00 -8.752695950299919758e+00 -8.752695950299919758e+00 1.904220027298020486e-03 1.904220027298030244e-03 1.666451704325119495e-03 -7.957461738474242097e+00 2.203611734026379894e-03
-1.725000000000000000e+01 -1.725000000000000000e+01 -1.725000000000000000e+01 2.000206668968346896e-02 2.000206668968347243e-02 3.470943817854803964e-02 -8.627657436724208040e+00 -8.627657436724208040e+00 -8.627657436724208040e+00 1.971533187755920326e-03 1.971533187755929867e-03 1.722661147147938696e-03 -7.832423224898530378e+00 2.285064709599108485e-03
-1.700000000000000000e+01 -1.700000000000000000e+01 -1.700000000000000000e+01 2.035007953754299978e-02 2.035007953754300672e-02 3.480440403443327280e-02 -8.502618923148494545e+00 -8.502618923148494545e+00 -8.502618923148494545e+00 2.042008511473595786e-03 2.042008511473603159e-03 1.781481086626323859e-03 -7.707384711322816884e+00 2.370450561445983095e-03
-1.675000000000000000e+01 -1.675000000000000000e+01 -1.675000000000000000e+01 2.072718811636240291e-02 2.072718811636239597e-02 3.492712201793330556e-02 -8.377580409572781051e+00 -8.377580409572781051e+00 -8.377580409572781051e+00 2.115820358753103207e-03 2.115820358753107977e-03 1.843044351245297667e-03 -7.582346197747103389e+00 2.459999455219560871e-03
-1.650000000000000000e+01 -1.650000000000000000e+01 -1.650000000000000000e+01 2.113289490610793450e-02 2.113289490610794144e-02 3.505483403957820876e-02 -8.252541895997069332e+00 -8.252541895997069332e+00 -8.252541895997069332e+00 2.193155399960012176e-03 2.193155399960010007e-03 1.907494282178393095e-03 -7.457307684171391671e+00 2.553959490350538562e-03
-1.625000000000000000e+01 -1.625000000000000000e+01 -1.625000000000000000e+01 2.157270001600187712e-02 2.157270001600187018e-02 3.521558350894334749e-02 -8.127503382421354061e+00 -8.127503382421354061e+00 -8.127503382421354061e+00 2.274214588119912676e-03 2.274214588119910507e-03 1.974984137085356029e-03 -7.332269170595676400e+00 2.652596807023395713e-03
-1.600000000000000000e+01 -1.600000000000000000e+01 -1.600000000000000000e+01 2.204591576557543911e-02 2.204591576557545299e-02 3.538394214902794432e-02 -8.002464868845642343e+00 -8.002464868845642343e+00 -8.002464868845642343e+00 2.359213322480784459e-03 2.359213322480781857e-03 2.045679259493090978e-03 -7.207230657019964681e+00 2.756198697851088616e-03
-1.575000000000000000e+01 -1.575000000000000000e+01 -1.575000000000000000e+01 2.255921364251634378e-02 2.255921364251632991e-02 3.559165799780499018e-02 -7.877426355269929736e+00 -7.877426355269929736e+00 -7.877426355269929736e+00 2.448383738129725901e-03 2.448383738129725467e-03 2.119756527148044817e-03 -7.082192143444251187e+00 2.865073918444729657e-03
-1.550000000000000000e+01 -1.550000000000000000e+01 -1.550000000000000000e+01 2.311167532533099297e-02 2.311167532533101379e-02 3.581030547494360589e-02 -7.752387841694215354e+00 -7.752387841694215354e+00 -7.752387841694215354e+00 2.541975033395602393e-03 2.541975033395603260e-03 2.197406831264425622e-03 -6.957153629868537692e+00 2.979556307852793563e-03
-1.525000000000000000e+01 -1.525000000000000000e+01 -1.525000000000000000e+01 2.371140610975452923e-02 2.371140610975454310e-02 3.607590876532926205e-02 -7.627349328118502747e+00 -7.627349328118502747e+00 -7.627349328118502747e+00 2.640256137694769328e-03 2.640256137694769762e-03 2.278834594110521177e-03 -6.832115116292824197e+00 3.100005376250266481e-03
-1.500000000000000000e+01 -1.500000000000000000e+01 -1.500000000000000000e+01 2.435721046624700001e-02 2.435721046624698613e-02 3.635666178072945870e-02 -7.502310814542789252e+00 -7.502310814542789252e+00 -7.502310814542789252e+00 2.743516256946307644e-03 2.743516256946306776e-03 2.364260608179291623e-03 -6.707076602717110703e+00 3.226810541103561792e-03
-1.475000000000000000e+01 -1.475000000000000000e+01 -1.475000000000000000e+01 2.505895605521642894e-02 2.505895605521642200e-02 3.669355966403458486e-02 -7.377272300967076646e+00 -7.377272300967076646e+00 -7.377272300967076646e+00 2.852067997939045432e-03 2.852067997939041963e-03 2.453921657343574939e-03 -6.582038089141398984e+00 3.360392088838200057e-03
-1.450000000000000000e+01 -1.450000000000000000e+01 -1.450000000000000000e+01 2.581511699101610505e-02 2.581511699101610158e-02 3.705096591562983405e-02 -7.252233787391364039e+00 -7.252233787391364039e+00 -7.252233787391364039e+00 2.966248203268210312e-03 2.966248203268202505e-03 2.548073779792615554e-03 -6.456999575565685490e+00 3.501206163937167423e-03
-1.425000000000000000e+01 -1.425000000000000000e+01 -1.425000000000000000e+01 2.663773729587488523e-02 2.663773729587488523e-02 3.747569665102478548e-02 -7.127195273815649657e+00 -7.127195273815649657e+00 -7.127195273815649657e+00 3.086421632766202065e-03 3.086421632766191223e-03 2.646992039500044649e-03 -6.331961061989971995e+00 3.649746232698359433e-03
-1.400000000000000000e+01 -1.400000000000000000e+01 -1.400000000000000000e+01 2.752490074906084258e-02 2.752490074906083217e-02 3.792775551099868137e-02 -7.002156760239937050e+00 -7.002156760239937050e+00 -7.002156760239937050e+00 3.212982182510855031e-03 3.212982182510840719e-03 2.750974294327567741e-03 -6.206922548414258500e+00 3.806549002543059730e-03
-1.375000000000000000e+01 -1.375000000000000000e+01 -1.375000000000000000e+01 2.849135306622439107e-02 2.849135306622439801e-02 3.846082669485557937e-02 -6.877118246664223555e+00 -6.877118246664223555e+00 -6.877118246664223555e+00 3.346357253206376330e-03 3.346357253206355513e-03 2.860341180878541931e-03 -6.081884034838545006e+00 3.972196558147459561e-03
-1.350000000000000000e+01 -1.350000000000000000e+01 -1.350000000000000000e+01 2.953472112280471421e-02 2.953472112280471767e-02 3.902992945234466660e-02 -6.752079733088510949e+00 -6.752079733088510949e+00 -6.752079733088510949e+00 3.487009478759963213e-03 3.487009478759941529e-03 2.975440491939867083e-03 -5.956845521262833287e+00 4.147323441817761698e-03
-1.325000000000000000e+01 -1.325000000000000000e+01 -1.325000000000000000e+01 3.067312405719582399e-02 3.067312405719582399e-02 3.969691581615473336e-02 -6.627041219512798342e+00 -6.627041219512798342e+00 -6.627041219512798342e+00 3.635441950625771784e-03 3.635441950625744895e-03 3.096647459615064872e-03 -5.831807007687119793e+00 4.332619689626842838e-03
-1.300000000000000000e+01 -1.300000000000000000e+01 -1.300000000000000000e+01 3.190365983307234810e-02 3.190365983307237585e-02 4.041108228360084514e-02 -6.502002705937083959e+00 -6.502002705937083959e+00 -6.502002705937083959e+00 3.792200623396808044e-03 3.792200623396778988e-03 3.224369876228729698e-03 -5.706768494111406298e+00 4.528839376026518732e-03
-1.275000000000000000e+01 -1.275000000000000000e+01 -1.275000000000000000e+01 3.324868713032909373e-02 3.324868713032909373e-02 4.124407553308043206e-02 -6.376964192361371353e+00 -6.376964192361371353e+00 -6.376964192361371353e+00 3.957880616835727020e-03 3.957880616835703601e-03 3.359048790127611671e-03 -5.581729980535692803e+00 4.736804856235392325e-03
-1.250000000000000000e+01 -1.250000000000000000e+01 -1.250000000000000000e+01 3.470470032086550582e-02 3.470470032086550582e-02 4.213859461776568727e-02 -6.251925678785657858e+00 -6.251925678785657858e+00 -6.251925678785657858e+00 4.133129523313070104e-03 4.133129523313047553e-03 3.501164544055155280e-03 -5.456691466959979309e+00 4.957417176800442762e-03
-1.225000000000000000e+01 -1.225000000000000000e+01 -1.225000000000000000e+01 3.629942458753089574e-02 3.629942458753088880e-02 4.317813561402202710e-02 -6.126887165209944364e+00 -6.126887165209944364e+00 -6.126887165209944364e+00 4.318655080990308447e-03 4.318655080990289365e-03 3.651238038269396993e-03 -5.331652953384265814e+00 5.191661939154952783e-03
-1.200000000000000000e+01 -1.200000000000000000e+01 -1.200000000000000000e+01 3.802867893715542597e-02 3.802867893715539821e-02 4.429776235413576679e-02 -6.001848651634231757e+00 -6.001848651634231757e+00 -6.001848651634231757e+00 4.515229687156084581e-03 4.515229687156075908e-03 3.809837914087652305e-03 -5.206614439808554096e+00 5.440622113464625709e-03
-1.175000000000000000e+01 -1.175000000000000000e+01 -1.175000000000000000e+01 3.992703603923199174e-02 3.992703603923199174e-02 4.559544144372772861e-02 -5.876810138058518262e+00 -5.876810138058518262e+00 -5.876810138058518262e+00 4.723699834691448378e-03 4.723699834691443174e-03 3.977582594426896066e-03 -5.081575926232840601e+00 5.705486089865043423e-03
-1.150000000000000000e+01 -1.150000000000000000e+01 -1.150000000000000000e+01 4.198958108754848040e-02 4.198958108754847346e-02 4.699736932844694737e-02 -5.751771624482804768e+00 -5.751771624482804768e+00 -5.751771624482804768e+00 4.944992245768012329e-03 4.944992245768014064e-03 4.155148913291589925e-03 -4.956537412657127106e+00 5.987563621513882460e-03
-1.125000000000000000e+01 -1.125000000000000000e+01 -1.125000000000000000e+01 4.425970169238294116e-02 4.425970169238292728e-02 4.861936321086653828e-02 -5.626733110907092161e+00 -5.626733110907092161e+00 -5.626733110907092161e+00 5.180125600884207676e-03 5.180125600884215482e-03 4.343275220902569414e-03 -4.831498899081413612e+00 6.288296843517404006e-03
-1.100000000000000000e+01 -1.100000000000000000e+01 -1.100000000000000000e+01 4.673172283756213408e-02 4.673172283756213408e-02 5.037728998611383513e-02 -5.501694597331378667e+00 -5.501694597331378667e+00 -5.501694597331378667e+00 5.430218862831494298e-03 5.430218862831505573e-03 4.542771860425984937e-03 -4.706460385505700117e+00 6.609280336231883844e-03
-1.075000000000000000e+01 -1.075000000000000000e+01 -1.075000000000000000e+01 4.946049208022672977e-02 4.946049208022675753e-02 5.240922822552406685e-02 -5.376656083755666060e+00 -5.376656083755666060e+00 -5.376656083755666060e+00 5.696506020419777466e-03 5.696506020419791344e-03 4.754525732935632222e-03 -4.581421871929988399e+00 6.952276195677446757e-03
-1.050000000000000000e+01 -1.050000000000000000e+01 -1.050000000000000000e+01 5.243961287051168013e-02 5.243961287051171483e-02 5.461898464769315148e-02 -5.251617570179952565e+00 -5.251617570179952565e+00 -5.251617570179952565e+00 5.980347393807774158e-03 5.980347393807786301e-03 4.979513162489616028e-03 -4.456383358354274904e+00 7.319239585153960830e-03
-1.025000000000000000e+01 -1.025000000000000000e+01 -1.025000000000000000e+01 5.573899544779550158e-02 5.573899544779550158e-02 5.717273037358797799e-02 -5.126579056604239071e+00 -5.126579056604239071e+00 -5.126579056604239071e+00 6.283248389355602405e-03 6.283248389355609344e-03 5.218806469193244466e-03 -4.331344844778561409e+00 7.712339377996308212e-03
-1.000000000000000000e+01 -1.000000000000000000e+01 -1.000000000000000000e+01 5.935168327862348769e-02 5.935168327862351545e-02 5.996017551629360953e-02 -5.001540543028525576e+00 -5.001540543028525576e+00 -5.001540543028525576e+00 6.606874895759146105e-03 6.606874895759153044e-03 5.473589960383861905e-03 -4.206306331202847915e+00 8.133991108285273247e-03
-9.750000000000000000e+00 -9.750000000000000000e+00 -9.750000000000000000e+00 6.336762793224808010e-02 6.336762793224809398e-02 6.318340394636208501e-02 -4.876502029452812970e+00 -4.876502029452812970e+00 -4.876502029452812970e+00 6.953077441610518335e-03 6.953077441610522672e-03 5.745169278884351000e-03 -4.081267817627134420e+00 8.586885343071436541e-03
-9.500000000000000000e+00 -9.500000000000000000e+00 -9.500000000000000000e+00 6.777969853204757200e-02 6.777969853204759976e-02 6.671565984582109032e-02 -4.751463515877100363e+00 -4.751463515877100363e+00 -4.751463515877100363e+00 7.323912255537139322e-03 7.323912255537143659e-03 6.034991537884879832e-03 -3.956229304051422258e+00 9.074030734351179114e-03
-9.250000000000000000e+00 -9.250000000000000000e+00 -9.250000000000000000e+00 7.270487902852250384e-02 7.270487902852254547e-02 7.080559465586906687e-02 -4.626425002301386868e+00 -4.626425002301386868e+00 -4.626425002301386868e+00 7.721672794775601839e-03 7.721672794775599237e-03 6.344658527685325539e-03 -3.831190790475708763e+00 9.598793216017519406e-03
-9.000000000000000000e+00 -9.000000000000000000e+00 -9.000000000000000000e+00 7.813665232118299775e-02 7.813665232118302550e-02 7.530728705607972473e-02 -4.501386488725673374e+00 -4.501386488725673374e+00 -4.501386488725673374e+00 8.148918726906239848e-03 8.148918726906227705e-03 6.675952414819565604e-03 -3.706152276899995268e+00 1.016495302926800036e-02
-8.750000000000000000e+00 -8.750000000000000000e+00 -8.750000000000000000e+00 8.422902811857073402e-02 8.422902811857073402e-02 8.053072970859566360e-02 -4.376347975149959879e+00 -4.376347975149959879e+00 -4.376347975149959879e+00 8.608517651291393638e-03 8.608517651291376291e-03 7.030854352529414091e-03 -3.581113763324281773e+00 1.077675924171020427e-02
-8.500000000000000000e+00 -8.500000000000000000e+00 -8.500000000000000000e+00 9.097761171182493223e-02 9.097761171182491835e-02 8.630787882199507377e-02 -4.251309461574247273e+00 -4.251309461574247273e+00 -4.251309461574247273e+00 9.103685283960711097e-03 9.103685283960693750e-03 7.411577752088794810e-03 -3.456075249748569167e+00 1.143900637362800336e-02
-8.250000000000000000e+00 -8.250000000000000000e+00 -8.250000000000000000e+00 9.858801121158876357e-02 9.858801121158877745e-02 9.303095696943371185e-02 -4.126270947998534666e+00 -4.126270947998534666e+00 -4.126270947998534666e+00 9.638041475708635647e-03 9.638041475708623504e-03 7.820594524766936659e-03 -3.331036736172856561e+00 1.215711086323570563e-02
-8.000000000000000000e+00 -8.000000000000000000e+00 -8.000000000000000000e+00 1.070607594567763582e-01 1.070607594567763582e-01 1.005068098369800988e-01 -4.001232434422821171e+00 -4.001232434422821171e+00 -4.001232434422821171e+00 1.021566643626620717e-02 1.021566643626619329e-02 8.260678800402295255e-03 -3.205998222597143066e+00 1.293721559584661007e-02
-7.750000000000000000e+00 -7.750000000000000000e+00 -7.750000000000000000e+00 1.166747948817214026e-01 1.166747948817214303e-01 1.092400780912560626e-01 -3.876193920847107677e+00 -3.876193920847107677e+00 -3.876193920847107677e+00 1.084117710832203409e-02 1.084117710832202715e-02 8.734944048858840279e-03 -3.080959709021429571e+00 1.378629821518573793e-02
-7.500000000000000000e+00 -7.500000000000000000e+00 -7.500000000000000000e+00 1.274407443344733049e-01 1.274407443344731938e-01 1.190100299067914646e-01 -3.751155407271394626e+00 -3.751155407271394626e+00 -3.751155407271394626e+00 1.151980666413890755e-02 1.151980666413890582e-02 9.246901417237230955e-03 -2.955921195445716521e+00 1.471231600073775840e-02
-7.250000000000000000e+00 -7.250000000000000000e+00 -7.250000000000000000e+00 1.397441167746804880e-01 1.397441167746804047e-01 1.304784416051598117e-01 -3.626116893695682020e+00 -3.626116893695682020e+00 -3.626116893695682020e+00 1.225751032682379470e-02 1.225751032682378602e-02 9.800512522289280340e-03 -2.830882681870003914e+00 1.572436105540770540e-02
-7.000000000000000000e+00 -7.000000000000000000e+00 -7.000000000000000000e+00 1.536151779178897281e-01 1.536151779178897836e-01 1.433962983983373685e-01 -3.501078380119968525e+00 -3.501078380119968525e+00 -3.501078380119968525e+00 1.306107912967047376e-02 1.306107912967045814e-02 1.040026854095437922e-02 -2.705844168294290419e+00 1.683286450630023037e-02
-6.750000000000000000e+00 -6.750000000000000000e+00 -6.750000000000000000e+00 1.695983364543026950e-01 1.695983364543028338e-01 1.586506352636128103e-01 -3.376039866544255474e+00 -3.376039866544255474e+00 -3.376039866544255474e+00 1.393828905916123795e-02 1.393828905916122060e-02 1.105126582907103167e-02 -2.580805654718577369e+00 1.804982177273287483e-02
-6.500000000000000000e+00 -6.500000000000000000e+00 -6.500000000000000000e+00 1.877613542562901472e-01 1.877613542562901472e-01 1.759679205553033587e-01 -3.251001352968541980e+00 -3.251001352968541980e+00 -3.251001352968541980e+00 1.489806605957271282e-02 1.489806605957269200e-02 1.175931491297884691e-02 -2.455767141142863874e+00 1.938908554034442580e-02
-6.250000000000000000e+00 -6.250000000000000000e+00 -6.250000000000000000e+00 2.088926803544399191e-01 2.088926803544398914e-01 1.965676148865592165e-01 -3.125962839392828929e+00 -3.125962839392828929e+00 -3.125962839392828929e+00 1.595070005687326126e-02 1.595070005687324044e-02 1.253104975718455708e-02 -2.330728627567150824e+00 2.086669756191163530e-02
-6.000000000000000000e+00 -6.000000000000000000e+00 -6.000000000000000000e+00 2.331316804050949654e-01 2.331316804050950486e-01 2.201658259077005630e-01 -3.000924325817115879e+00 -3.000924325817115879e+00 -3.000924325817115879e+00 1.710808792770606573e-02 1.710808792770605186e-02 1.337408049436523624e-02 -2.205690113991437773e+00 2.250131694671583457e-02
-5.750000000000000000e+00 -5.750000000000000000e+00 -5.750000000000000000e+00 2.616547192558080215e-01 2.616547192558080770e-01 2.484894122084698176e-01 -2.875885812241402384e+00 -2.875885812241402384e+00 -2.875885812241402384e+00 1.838404655530994844e-02 1.838404655530994497e-02 1.429715293664501029e-02 -2.080651600415724278e+00 2.431471676480315147e-02
-5.500000000000000000e+00 -5.500000000000000000e+00 -5.500000000000000000e+00 2.947397838336512366e-01 2.947397838336512921e-01 2.812818230966434019e-01 -2.750847298665689333e+00 -2.750847298665689333e+00 -2.750847298665689333e+00 1.979467663046173553e-02 1.979467663046172166e-02 1.531036630129794379e-02 -1.955613086840011228e+00 2.633242249266548596e-02
-5.250000000000000000e+00 -5.250000000000000000e+00 -5.250000000000000000e+00 3.342051695230348618e-01 3.342051695230348063e-01 3.210756758335506778e-01 -2.625808785089976283e+00 -2.625808785089976283e+00 -2.625808785089976283e+00 2.135882998806901134e-02 2.135882998806902522e-02 1.642540881383615717e-02 -1.830574573264298177e+00 2.858446804171215286e-02
-5.000000000000000000e+00 -5.000000000000000000e+00 -5.000000000000000000e+00 3.806040001400885497e-01 3.806040001400887163e-01 3.677331983968449847e-01 -2.500770271514262788e+00 -2.500770271514262788e+00 -2.500770271514262788e+00 2.309866454790551402e-02 2.309866454790552442e-02 1.765587369685658534e-02 -1.705536059688584682e+00 3.110636640837880981e-02
-4.750000000000000000e+00 -4.750000000000000000e+00 -4.750000000000000000e+00 4.368683729903664048e-01 4.368683729903662383e-01 4.251282884984816102e-01 -2.375731757938550182e+00 -2.375731757938550182e+00 -2.375731757938550182e+00 2.504035752268123777e-02 2.504035752268122389e-02 1.901761197857378821e-02 -1.580497546112872076e+00 3.394028032510182369e-02
-4.500000000000000000e+00 -4.500000000000000000e+00 -4.500000000000000000e+00 5.041172440027777979e-01 5.041172440027776869e-01 4.934595289019976794e-01 -2.250693244362836687e+00 -2.250693244362836687e+00 -2.250693244362836687e+00 2.721496997406239876e-02 2.721496997406236407e-02 2.052920020805162893e-02 -1.455459032537158581e+00 3.713652507559950938e-02
-4.250000000000000000e+00 -4.250000000000000000e+00 -4.250000000000000000e+00 5.873266961231466965e-01 5.873266961231469185e-01 5.789637611446799559e-01 -2.125654730787123636e+00 -2.125654730787123636e+00 -2.125654730787123636e+00 2.965956264194033118e-02 2.965956264194033465e-02 2.221247810660279334e-02 -1.330420518961445531e+00 4.075540698732709605e-02
-4.000000000000000000e+00 -4.000000000000000000e+00 -4.000000000000000000e+00 6.888346533697999874e-01 6.888346533698002094e-01 6.827033386450429564e-01 -2.000616217211410586e+00 -2.000616217211410586e+00 -2.000616217211410586e+00 3.241857755440116090e-02 3.241857755440115396e-02 2.409325794324261583e-02 -1.205382005385732480e+00 4.486957931967461288e-02
-3.750000000000000000e+00 -3.750000000000000000e+00 -3.750000000000000000e+00 8.176270650711471299e-01 8.176270650711474630e-01 8.153747842909618848e-01 -1.875577703635697313e+00 -1.875577703635697313e+00 -1.875577703635697313e+00 3.554563811448853416e-02 3.554563811448854110e-02 2.620216546514383266e-02 -1.080343491810019207e+00 4.956694214966964745e-02
-3.500000000000000000e+00 -3.500000000000000000e+00 -3.500000000000000000e+00 9.788261855862080418e-01 9.788261855862088190e-01 9.802405727784023748e-01 -1.750539190059984263e+00 -1.750539190059984263e+00 -1.750539190059984263e+00 3.910583473020565887e-02 3.910583473020568662e-02 2.857575578828707927e-02 -9.553049782343061569e-01 5.495431774946135661e-02
-3.250000000000000000e+00 -3.250000000000000000e+00 -3.250000000000000000e+00 1.189938926423775412e+00 1.189938926423776966e+00 1.197153752920851133e+00 -1.625500676484270990e+00 -1.625500676484270990e+00 -1.625500676484270990e+00 4.317875995486190888e-02 4.317875995486190194e-02 3.125789063477388274e-02 -8.302664646585928843e-01 6.116190847050353291e-02
-3.000000000000000000e+00 -3.000000000000000000e+00 -3.000000000000000000e+00 1.462927382940065746e+00 1.462927382940066190e+00 1.475193739581080576e+00 -1.500462162908557939e+00 -1.500462162908557939e+00 -1.500462162908557939e+00 4.786250689209824161e-02 4.786250689209824855e-02 3.430161282853151639e-02 -7.052279510828798337e-01 6.834869983606196853e-02
-2.750000000000000000e+00 -2.750000000000000000e+00 -2.750000000000000000e+00 1.835241236052450375e+00 1.835241236052450597e+00 1.855057835034109370e+00 -1.375423649332844667e+00 -1.375423649332844667e+00 -1.375423649332844667e+00 5.327919186930804574e-02 5.327919186930801104e-02 3.777161500538626926e-02 -5.801894375071665610e-01 7.670845657180684618e-02
-2.500000000000000000e+00 -2.500000000000000000e+00 -2.500000000000000000e+00 2.337236084665715641e+00 2.337236084665716529e+00 2.362324982308662502e+00 -1.250385135757131394e+00 -1.250385135757131394e+00 -1.250385135757131394e+00 5.958271842321246486e-02 5.958271842321246486e-02 4.174781672972163737e-02 -4.551509239314532884e-01 8.647557401046973569e-02
-2.250000000000000000e+00 -2.250000000000000000e+00 -2.250000000000000000e+00 3.058917244253407830e+00 3.058917244253409162e+00 3.091567344056580957e+00 -1.125346622181418343e+00 -1.125346622181418343e+00 -1.125346622181418343e+00 6.697041562786075486e-02 6.697041562786076874e-02 4.633063531337582031e-02 -3.301124103557402378e-01 9.792798078846579046e-02
-2.000000000000000000e+00 -2.000000000000000000e+00 -2.000000000000000000e+00 4.086101390747552742e+00 4.086101390747550965e+00 4.120175627043321853e+00 -1.000308108605705293e+00 -1.000308108605705293e+00 -1.000308108605705293e+00 7.570153217050158700e-02 7.570153217050151762e-02 5.164964573145848503e-02 -2.050738967800271872e-01 1.113802186024165086e-01
-1.750000000000000000e+00 -1.750000000000000000e+00 -1.750000000000000000e+00 5.669883594873133426e+00 5.669883594873133426e+00 5.706014136912781254e+00 -8.752695950299921313e-01 -8.752695950299921313e-01 -8.752695950299921313e-01 8.612950198918503664e-02 8.612950198918498113e-02 5.787902687430417775e-02 -8.003538320431402564e-02 1.271477472973195078e-01
-1.500000000000000000e+00 -1.500000000000000000e+00 -1.500000000000000000e+00 8.090654625759027496e+00 8.090654625759027496e+00 8.113910414344843502e+00 -7.502310814542789696e-01 -7.502310814542789696e-01 -7.502310814542789696e-01 9.876098157992183046e-02 9.876098157992187210e-02 6.526948306284408030e-02 4.500313037139913597e-02 1.454316616044159793e-01
-1.250000000000000000e+00 -1.250000000000000000e+00 -1.250000000000000000e+00 1.220731999359751896e+01 1.220731999359751008e+01 1.221460548344402319e+01 -6.251925678785656970e-01 -6.251925678785656970e-01 -6.251925678785656970e-01 1.143461320824304406e-01 1.143461320824303712e-01 7.422245575873645529e-02 1.700416439471124086e-01 1.659850821056094716e-01
-1.000000000000000000e+00 -1.000000000000000000e+00 -1.000000000000000000e+00 1.915250138087434806e+01 1.915250138087434451e+01 1.911140883492118903e+01 -5.001540543028526464e-01 -5.001540543028526464e-01 -5.001540543028526464e-01 1.338757966822008427e-01 1.338757966822008427e-01 8.546395971508599643e-02 2.950801575228254592e-01 1.872818069839761457e-01
-7.500000000000000000e-01 -7.500000000000000000e-01 -7.500000000000000000e-01 3.300445850280457449e+01 3.300445850280456739e+01 3.291180182202420212e+01 -3.751155407271394848e-01 -3.751155407271394848e-01 -3.751155407271394848e-01 1.579387957414178367e-01 1.579387957414177535e-01 1.003429063277673922e-01 4.201186710985386208e-01 2.051513675214742538e-01
-5.000000000000000000e-01 -5.000000000000000000e-01 -5.000000000000000000e-01 6.050269647825448516e+01 6.050269647825449937e+01 6.029942779666672692e+01 -2.500770271514263232e-01 -2.500770271514263232e-01 -2.500770271514263232e-01 1.846637850941829917e-01 1.846637850941831305e-01 1.208552796932449713e-01 5.451571846742517824e-01 2.124974602463719220e-01
-2.500000000000000000e-01 -2.500000000000000000e-01 -2.500000000000000000e-01 1.455919176675141102e+02 1.455919176675140818e+02 1.453315710391132711e+02 -1.250385135757131616e-01 -1.250385135757131616e-01 -1.250385135757131616e-01 2.073813211612826335e-01 2.073813211612826335e-01 1.480950984061118469e-01 6.701956982499649440e-01 2.032054109252399154e-01
0.000000000000000000e+00 0.000000000000000000e+00 0.000000000000000000e+00 3.782252039619527864e+02 3.782252039619529000e+02 3.778284329955279190e+02 0.000000000000000000e+00 0.000000000000000000e+00 0.000000000000000000e+00 2.165505389369525857e-01 2.165505389369526135e-01 1.786497906183883710e-01 7.952342118256781056e-01 1.786497906183883710e-01
2.500000000000000000e-01 2.500000000000000000e-01 2.500000000000000000e-01 1.455919176675141671e+02 1.455919176675141955e+02 1.453315710391133280e+02 1.250385135757131616e-01 1.250385135757131616e-01 1.250385135757131616e-01 2.073813211612826057e-01 2.073813211612825502e-01 2.032054109252399154e-01 9.202727254013912672e-01 1.480950984061118469e-01
5.000000000000000000e-01 5.000000000000000000e-01 5.000000000000000000e-01 6.050269647825462016e+01 6.050269647825461306e+01 6.029942779666685482e+01 2.500770271514263232e-01 2.500770271514263232e-01 2.500770271514263232e-01 1.846637850941828807e-01 1.846637850941829917e-01 2.124974602463719220e-01 1.045311238977104429e+00 1.208552796932449713e-01
7.500000000000000000e-01 7.500000000000000000e-01 7.500000000000000000e-01 3.300445850280457449e+01 3.300445850280456739e+01 3.291180182202420923e+01 3.751155407271394848e-01 3.751155407271394848e-01 3.751155407271394848e-01 1.579387957414178090e-01 1.579387957414177535e-01 2.051513675214742538e-01 1.170349752552817701e+00 1.003429063277673922e-01
1.000000000000000000e+00 1.000000000000000000e+00 1.000000000000000000e+00 1.915250138087441556e+01 1.915250138087441201e+01 1.911140883492127429e+01 5.001540543028526464e-01 5.001540543028526464e-01 5.001540543028526464e-01 1.338757966822007039e-01 1.338757966822006484e-01 1.872818069839761457e-01 1.295388266128530752e+00 8.546395971508599643e-02
1.250000000000000000e+00 1.250000000000000000e+00 1.250000000000000000e+00 1.220731999359755804e+01 1.220731999359755093e+01 1.221460548344404984e+01 6.251925678785656970e-01 6.251925678785656970e-01 6.251925678785656970e-01 1.143461320824302879e-01 1.143461320824302602e-01 1.659850821056094716e-01 1.420426779704243803e+00 7.422245575873645529e-02
1.500000000000000000e+00 1.500000000000000000e+00 1.500000000000000000e+00 8.090654625759027496e+00 8.090654625759027496e+00 8.113910414344843502e+00 7.502310814542789696e-01 7.502310814542789696e-01 7.502310814542789696e-01 9.876098157992184434e-02 9.876098157992183046e-02 1.454316616044159793e-01 1.545465293279957075e+00 6.526948306284408030e-02
1.750000000000000000e+00 1.750000000000000000e+00 1.750000000000000000e+00 5.669883594873158295e+00 5.669883594873159183e+00 5.706014136912802570e+00 8.752695950299921313e-01 8.752695950299921313e-01 8.752695950299921313e-01 8.612950198918514766e-02 8.612950198918514766e-02 1.271477472973195078e-01 1.670503806855670348e+00 5.787902687430417775e-02
2.000000000000000000e+00 2.000000000000000000e+00 2.000000000000000000e+00 4.086101390747566953e+00 4.086101390747565176e+00 4.120175627043328959e+00 1.000308108605705293e+00 1.000308108605705293e+00 1.000308108605705293e+00 7.570153217050172578e-02 7.570153217050164252e-02 1.113802186024165086e-01 1.795542320431383398e+00 5.164964573145848503e-02
2.250000000000000000e+00 2.250000000000000000e+00 2.250000000000000000e+00 3.058917244253407830e+00 3.058917244253409162e+00 3.091567344056582289e+00 1.125346622181418343e+00 1.125346622181418343e+00 1.125346622181418343e+00 6.697041562786074098e-02 6.697041562786074098e-02 9.792798078846579046e-02 1.920580834007096449e+00 4.633063531337582031e-02
2.500000000000000000e+00 2.500000000000000000e+00 2.500000000000000000e+00 2.337236084665728519e+00 2.337236084665729408e+00 2.362324982308671828e+00 1.250385135757131394e+00 1.250385135757131394e+00 1.250385135757131394e+00 5.958271842321226364e-02 5.958271842321224976e-02 8.647557401046973569e-02 2.045619347582809500e+00 4.174781672972163737e-02
2.750000000000000000e+00 2.750000000000000000e+00 2.750000000000000000e+00 1.835241236052457925e+00 1.835241236052457925e+00 1.855057835034113589e+00 1.375423649332844667e+00 1.375423649332844667e+00 1.375423649332844667e+00 5.327919186930785145e-02 5.327919186930783063e-02 7.670845657180684618e-02 2.170657861158522550e+00 3.777161500538626926e-02
3.000000000000000000e+00 3.000000000000000000e+00 3.000000000000000000e+00 1.462927382940065746e+00 1.462927382940066190e+00 1.475193739581080576e+00 1.500462162908557939e+00 1.500462162908557939e+00 1.500462162908557939e+00 4.786250689209822773e-02 4.786250689209823467e-02 6.834869983606196853e-02 2.295696374734236045e+00 3.430161282853151639e-02
3.250000000000000000e+00 3.250000000000000000e+00 3.250000000000000000e+00 1.189938926423782739e+00 1.189938926423784959e+00 1.197153752920856462e+00 1.625500676484270990e+00 1.625500676484270990e+00 1.625500676484270990e+00 4.317875995486208235e-02 4.317875995486208929e-02 6.116190847050353291e-02 2.420734888309949095e+00 3.125789063477388274e-02
3.500000000000000000e+00 3.500000000000000000e+00 3.500000000000000000e+00 9.788261855862124827e-01 9.788261855862134819e-01 9.802405727784051503e-01 1.750539190059984263e+00 1.750539190059984263e+00 1.750539190059984263e+00 3.910583473020583234e-02 3.910583473020585316e-02 5.495431774946135661e-02 2.545773401885662146e+00 2.857575578828707927e-02
3.750000000000000000e+00 3.750000000000000000e+00 3.750000000000000000e+00 8.176270650711471299e-01 8.176270650711474630e-01 8.153747842909616628e-01 1.875577703635697313e+00 1.875577703635697313e+00 1.875577703635697313e+00 3.554563811448852723e-02 3.554563811448854110e-02 4.956694214966964745e-02 2.670811915461375641e+00 2.620216546514383266e-02
4.000000000000000000e+00 4.000000000000000000e+00 4.000000000000000000e+00 6.888346533698039842e-01 6.888346533698040952e-01 6.827033386450442887e-01 2.000616217211410586e+00 2.000616217211410586e+00 2.000616217211410586e+00 3.241857755440101518e-02 3.241857755440100131e-02 4.486957931967461288e-02 2.795850429037088691e+00 2.409325794324261583e-02
4.250000000000000000e+00 4.250000000000000000e+00 4.250000000000000000e+00 5.873266961231493610e-01 5.873266961231492500e-01 5.789637611446810661e-01 2.125654730787123636e+00 2.125654730787123636e+00 2.125654730787123636e+00 2.965956264194017852e-02 2.965956264194017158e-02 4.075540698732709605e-02 2.920888942612801742e+00 2.221247810660279334e-02
4.500000000000000000e+00 4.500000000000000000e+00 4.500000000000000000e+00 5.041172440027777979e-01 5.041172440027776869e-01 4.934595289019975684e-01 2.250693244362836687e+00 2.250693244362836687e+00 2.250693244362836687e+00 2.721496997406238835e-02 2.721496997406236060e-02 3.713652507559950938e-02 3.045927456188514793e+00 2.052920020805162893e-02
4.750000000000000000e+00 4.750000000000000000e+00 4.750000000000000000e+00 4.368683729903690693e-01 4.368683729903689028e-01 4.251282884984828314e-01 2.375731757938550182e+00 2.375731757938550182e+00 2.375731757938550182e+00 2.504035752268139389e-02 2.504035752268138348e-02 3.394028032510182369e-02 3.170965969764228287e+00 1.901761197857378821e-02
5.000000000000000000e+00 5.000000000000000000e+00 5.000000000000000000e+00 3.806040001400898820e-01 3.806040001400900485e-01 3.677331983968455953e-01 2.500770271514262788e+00 2.500770271514262788e+00 2.500770271514262788e+00 2.309866454790567361e-02 2.309866454790568055e-02 3.110636640837880981e-02 3.296004483339940894e+00 1.765587369685658534e-02
5.250000000000000000e+00 5.250000000000000000e+00 5.250000000000000000e+00 3.342051695230348618e-01 3.342051695230348063e-01 3.210756758335506222e-01 2.625808785089976283e+00 2.625808785089976283e+00 2.625808785089976283e+00 2.135882998806900093e-02 2.135882998806901481e-02 2.858446804171215286e-02 3.421042996915654388e+00 1.642540881383615717e-02
5.500000000000000000e+00 5.500000000000000000e+00 5.500000000000000000e+00 2.947397838336532350e-01 2.947397838336534015e-01 2.812818230966439570e-01 2.750847298665689333e+00 2.750847298665689333e+00 2.750847298665689333e+00 1.979467663046158635e-02 1.979467663046157594e-02 2.633242249266548596e-02 3.546081510491367439e+00 1.531036630129794379e-02
5.750000000000000000e+00 5.750000000000000000e+00 5.750000000000000000e+00 2.616547192558093538e-01 2.616547192558094648e-01 2.484894122084701229e-01 2.875885812241402384e+00 2.875885812241402384e+00 2.875885812241402384e+00 1.838404655530979231e-02 1.838404655530978538e-02 2.431471676480315147e-02 3.671120024067080490e+00 1.429715293664501029e-02
6.000000000000000000e+00 6.000000000000000000e+00 6.000000000000000000e+00 2.331316804050949654e-01 2.331316804050949931e-01 2.201658259077006463e-01 3.000924325817115879e+00 3.000924325817115879e+00 3.000924325817115879e+00 1.710808792770606226e-02 1.710808792770605186e-02 2.250131694671583457e-02 3.796158537642793984e+00 1.337408049436523624e-02
6.250000000000000000e+00 6.250000000000000000e+00 6.250000000000000000e+00 2.088926803544415844e-01 2.088926803544415844e-01 1.965676148865597994e-01 3.125962839392828929e+00 3.125962839392828929e+00 3.125962839392828929e+00 1.595070005687341738e-02 1.595070005687340003e-02 2.086669756191163530e-02 3.921197051218507035e+00 1.253104975718455708e-02
6.500000000000000000e+00 6.500000000000000000e+00 6.500000000000000000e+00 1.877613542562912019e-01 1.877613542562911464e-01 1.759679205553035808e-01 3.251001352968541980e+00 3.251001352968541980e+00 3.251001352968541980e+00 1.489806605957286895e-02 1.489806605957285680e-02 1.938908554034442580e-02 4.046235564794219641e+00 1.175931491297884691e-02
6.750000000000000000e+00 6.750000000000000000e+00 6.750000000000000000e+00 1.695983364543026950e-01 1.695983364543028338e-01 1.586506352636128658e-01 3.376039866544255474e+00 3.376039866544255474e+00 3.376039866544255474e+00 1.393828905916123274e-02 1.393828905916121887e-02 1.804982177273287483e-02 4.171274078369933136e+00 1.105126582907103167e-02
7.000000000000000000e+00 7.000000000000000000e+00 7.000000000000000000e+00 1.536151779178908383e-01 1.536151779178908383e-01 1.433962983983375905e-01 3.501078380119968525e+00 3.501078380119968525e+00 3.501078380119968525e+00 1.306107912967032283e-02 1.306107912967031590e-02 1.683286450630023037e-02 4.296312591945646631e+00 1.040026854095437922e-02
7.250000000000000000e+00 7.250000000000000000e+00 7.250000000000000000e+00 1.397441167746811819e-01 1.397441167746811264e-01 1.304784416051599505e-01 3.626116893695682020e+00 3.626116893695682020e+00 3.626116893695682020e+00 1.225751032682364551e-02 1.225751032682363857e-02 1.572436105540770540e-02 4.421351105521360125e+00 9.800512522289280340e-03
7.500000000000000000e+00 7.500000000000000000e+00 7.500000000000000000e+00 1.274407443344733049e-01 1.274407443344731938e-01 1.190100299067914369e-01 3.751155407271394626e+00 3.751155407271394626e+00 3.751155407271394626e+00 1.151980666413890061e-02 1.151980666413889368e-02 1.471231600073775840e-02 4.546389619097072732e+00 9.246901417237230955e-03
7.750000000000000000e+00 7.750000000000000000e+00 7.750000000000000000e+00 1.166747948817222491e-01 1.166747948817222630e-01 1.092400780912561736e-01 3.876193920847107677e+00 3.876193920847107677e+00 3.876193920847107677e+00 1.084117710832217633e-02 1.084117710832217286e-02 1.378629821518573793e-02 4.671428132672785338e+00 8.734944048858840279e-03
8.000000000000000000e+00 8.000000000000000000e+00 8.000000000000000000e+00 1.070607594567769133e-01 1.070607594567768717e-01 1.005068098369802515e-01 4.001232434422821171e+00 4.001232434422821171e+00 4.001232434422821171e+00 1.021566643626634942e-02 1.021566643626633901e-02 1.293721559584661007e-02 4.796466646248498833e+00 8.260678800402295255e-03
8.250000000000000000e+00 8.250000000000000000e+00 8.250000000000000000e+00 9.858801121158876357e-02 9.858801121158877745e-02 9.303095696943369797e-02 4.126270947998534666e+00 4.126270947998534666e+00 4.126270947998534666e+00 9.638041475708626973e-03 9.638041475708618300e-03 1.215711086323570563e-02 4.921505159824212328e+00 7.820594524766936659e-03
8.500000000000000000e+00 8.500000000000000000e+00 8.500000000000000000e+00 9.097761171182551510e-02 9.097761171182551510e-02 8.630787882199532357e-02 4.251309461574247273e+00 4.251309461574247273e+00 4.251309461574247273e+00 9.103685283960535890e-03 9.103685283960520278e-03 1.143900637362800336e-02 5.046543673399925822e+00 7.411577752088794810e-03
8.750000000000000000e+00 8.750000000000000000e+00 8.750000000000000000e+00 8.422902811857103933e-02 8.422902811857096994e-02 8.053072970859571911e-02 4.376347975149959879e+00 4.376347975149959879e+00 4.376347975149959879e+00 8.608517651291218431e-03 8.608517651291204553e-03 1.077675924171020427e-02 5.171582186975637541e+00 7.030854352529414091e-03
9.000000000000000000e+00 9.000000000000000000e+00 9.000000000000000000e+00 7.813665232118299775e-02 7.813665232118302550e-02 7.530728705607973861e-02 4.501386488725673374e+00 4.501386488725673374e+00 4.501386488725673374e+00 8.148918726906232909e-03 8.148918726906224236e-03 1.016495302926800036e-02 5.296620700551351035e+00 6.675952414819565604e-03
9.250000000000000000e+00 9.250000000000000000e+00 9.250000000000000000e+00 7.270487902852308670e-02 7.270487902852305895e-02 7.080559465586906687e-02 4.626425002301386868e+00 4.626425002301386868e+00 4.626425002301386868e+00 7.721672794775761434e-03 7.721672794775758832e-03 9.598793216017519406e-03 5.421659214127064530e+00 6.344658527685325539e-03
9.500000000000000000e+00 9.500000000000000000e+00 9.500000000000000000e+00 6.777969853204793282e-02 6.777969853204796058e-02 6.671565984582113196e-02 4.751463515877100363e+00 4.751463515877100363e+00 4.751463515877100363e+00 7.323912255537290243e-03 7.323912255537296315e-03 9.074030734351179114e-03 5.546697727702778025e+00 6.034991537884879832e-03
9.750000000000000000e+00 9.750000000000000000e+00 9.750000000000000000e+00 6.336762793224808010e-02 6.336762793224809398e-02 6.318340394636208501e-02 4.876502029452812970e+00 4.876502029452812970e+00 4.876502029452812970e+00 6.953077441610510528e-03 6.953077441610520069e-03 8.586885343071436541e-03 5.671736241278491519e+00 5.745169278884351000e-03
1.000000000000000000e+01 1.000000000000000000e+01 1.000000000000000000e+01 5.935168327862396648e-02 5.935168327862397342e-02 5.996017551629363035e-02 5.001540543028525576e+00 5.001540543028525576e+00 5.001540543028525576e+00 6.606874895759005592e-03 6.606874895759008194e-03 8.133991108285273247e-03 5.796774754854203238e+00 5.473589960383861905e-03
1.025000000000000000e+01 1.025000000000000000e+01 1.025000000000000000e+01 5.573899544779577914e-02 5.573899544779577914e-02 5.717273037358810983e-02 5.126579056604239071e+00 5.126579056604239071e+00 5.126579056604239071e+00 6.283248389355462760e-03 6.283248389355474035e-03 7.712339377996308212e-03 5.921813268429916732e+00 5.218806469193244466e-03
1.050000000000000000e+01 1.050000000000000000e+01 1.050000000000000000e+01 5.243961287051168013e-02 5.243961287051171483e-02 5.461898464769314454e-02 5.251617570179952565e+00 5.251617570179952565e+00 5.251617570179952565e+00 5.980347393807767219e-03 5.980347393807779362e-03 7.319239585153960830e-03 6.046851782005630227e+00 4.979513162489616028e-03
1.075000000000000000e+01 1.075000000000000000e+01 1.075000000000000000e+01 4.946049208022710447e-02 4.946049208022711835e-02 5.240922822552394889e-02 5.376656083755666060e+00 5.376656083755666060e+00 5.376656083755666060e+00 5.696506020419911907e-03 5.696506020419924050e-03 6.952276195677446757e-03 6.171890295581343722e+00 4.754525732935632222e-03
1.100000000000000000e+01 1.100000000000000000e+01 1.100000000000000000e+01 4.673172283756236306e-02 4.673172283756236306e-02 5.037728998611385595e-02 5.501694597331378667e+00 5.501694597331378667e+00 5.501694597331378667e+00 5.430218862831620932e-03 5.430218862831634810e-03 6.609280336231883844e-03 6.296928809157057216e+00 4.542771860425984937e-03
1.125000000000000000e+01 1.125000000000000000e+01 1.125000000000000000e+01 4.425970169238294116e-02 4.425970169238294116e-02 4.861936321086651053e-02 5.626733110907092161e+00 5.626733110907092161e+00 5.626733110907092161e+00 5.180125600884199003e-03 5.180125600884211146e-03 6.288296843517404006e-03 6.421967322732770711e+00 4.343275220902569414e-03
1.150000000000000000e+01 1.150000000000000000e+01 1.150000000000000000e+01 4.198958108754874408e-02 4.198958108754875101e-02 4.699736932844683635e-02 5.751771624482804768e+00 5.751771624482804768e+00 5.751771624482804768e+00 4.944992245767885694e-03 4.944992245767890031e-03 5.987563621513882460e-03 6.547005836308482429e+00 4.155148913291589925e-03
1.175000000000000000e+01 1.175000000000000000e+01 1.175000000000000000e+01 3.992703603923212358e-02 3.992703603923210276e-02 4.559544144372772861e-02 5.876810138058518262e+00 5.876810138058518262e+00 5.876810138058518262e+00 4.723699834691317406e-03 4.723699834691317406e-03 5.705486089865043423e-03 6.672044349884195924e+00 3.977582594426896066e-03
1.200000000000000000e+01 1.200000000000000000e+01 1.200000000000000000e+01 3.802867893715542597e-02 3.802867893715539821e-02 4.429776235413578761e-02 6.001848651634231757e+00 6.001848651634231757e+00 6.001848651634231757e+00 4.515229687156075040e-03 4.515229687156066367e-03 5.440622113464625709e-03 6.797082863459909419e+00 3.809837914087652305e-03
1.225000000000000000e+01 1.225000000000000000e+01 1.225000000000000000e+01 3.629942458753120105e-02 3.629942458753120105e-02 4.317813561402201322e-02 6.126887165209944364e+00 6.126887165209944364e+00 6.126887165209944364e+00 4.318655080990445490e-03 4.318655080990425540e-03 5.191661939154952783e-03 6.922121377035622913e+00 3.651238038269396993e-03
1.250000000000000000e+01 1.250000000000000000e+01 1.250000000000000000e+01 3.470470032086565848e-02 3.470470032086567236e-02 4.213859461776572196e-02 6.251925678785657858e+00 6.251925678785657858e+00 6.251925678785657858e+00 4.133129523313197606e-03 4.133129523313175922e-03 4.957417176800442762e-03 7.047159890611336408e+00 3.501164544055155280e-03
1.275000000000000000e+01 1.275000000000000000e+01 1.275000000000000000e+01 3.324868713032909373e-02 3.324868713032909373e-02 4.124407553308041818e-02 6.376964192361371353e+00 6.376964192361371353e+00 6.376964192361371353e+00 3.957880616835716611e-03 3.957880616835693192e-03 4.736804856235392325e-03 7.172198404187049903e+00 3.359048790127611671e-03
1.300000000000000000e+01 1.300000000000000000e+01 1.300000000000000000e+01 3.190365983307257014e-02 3.190365983307257708e-02 4.041108228360078963e-02 6.502002705937083959e+00 6.502002705937083959e+00 6.502002705937083959e+00 3.792200623396689649e-03 3.792200623396662328e-03 4.528839376026518732e-03 7.297236917762761621e+00 3.224369876228729698e-03
1.325000000000000000e+01 1.325000000000000000e+01 1.325000000000000000e+01 3.067312405719595583e-02 3.067312405719594195e-02 3.969691581615470560e-02 6.627041219512798342e+00 6.627041219512798342e+00 6.627041219512798342e+00 3.635441950625651654e-03 3.635441950625623898e-03 4.332619689626842838e-03 7.422275431338476892e+00 3.096647459615064872e-03
1.350000000000000000e+01 1.350000000000000000e+01 1.350000000000000000e+01 2.953472112280471421e-02 2.953472112280471767e-02 3.902992945234467353e-02 6.752079733088510949e+00 6.752079733088510949e+00 6.752079733088510949e+00 3.487009478759948468e-03 3.487009478759931121e-03 4.147323441817761698e-03 7.547313944914188610e+00 2.975440491939867083e-03
1.375000000000000000e+01 1.375000000000000000e+01 1.375000000000000000e+01 2.849135306622449862e-02 2.849135306622449515e-02 3.846082669485552386e-02 6.877118246664223555e+00 6.877118246664223555e+00 6.877118246664223555e+00 3.346357253206483449e-03 3.346357253206463499e-03 3.972196558147459561e-03 7.672352458489902105e+00 2.860341180878541931e-03
1.400000000000000000e+01 1.400000000000000000e+01 1.400000000000000000e+01 2.752490074906088074e-02 2.752490074906089115e-02 3.792775551099870912e-02 7.002156760239937050e+00 7.002156760239937050e+00 7.002156760239937050e+00 3.212982182510956512e-03 3.212982182510940466e-03 3.806549002543059730e-03 7.797390972065615600e+00 2.750974294327567741e-03
1.425000000000000000e+01 1.425000000000000000e+01 1.425000000000000000e+01 2.663773729587488523e-02 2.663773729587488523e-02 3.747569665102479242e-02 7.127195273815649657e+00 7.127195273815649657e+00 7.127195273815649657e+00 3.086421632766182983e-03 3.086421632766170407e-03 3.649746232698359433e-03 7.922429485641327318e+00 2.646992039500044649e-03
1.450000000000000000e+01 1.450000000000000000e+01 1.450000000000000000e+01 2.581511699101621607e-02 2.581511699101619178e-02 3.705096591562982017e-02 7.252233787391364039e+00 7.252233787391364039e+00 7.252233787391364039e+00 2.966248203268082809e-03 2.966248203268076738e-03 3.501206163937167423e-03 8.047467999217042589e+00 2.548073779792615554e-03
1.475000000000000000e+01 1.475000000000000000e+01 1.475000000000000000e+01 2.505895605521645669e-02 2.505895605521645322e-02 3.669355966403460567e-02 7.377272300967076646e+00 7.377272300967076646e+00 7.377272300967076646e+00 2.852067997938909256e-03 2.852067997938904486e-03 3.360392088838200057e-03 8.172506512792754307e+00 2.453921657343574939e-03
1.500000000000000000e+01 1.500000000000000000e+01 1.500000000000000000e+01 2.435721046624700001e-02 2.435721046624698613e-02 3.635666178072945870e-02 7.502310814542789252e+00 7.502310814542789252e+00 7.502310814542789252e+00 2.743516256946280322e-03 2.743516256946283791e-03 3.226810541103561792e-03 8.297545026368467802e+00 2.364260608179291623e-03
1.525000000000000000e+01 1.525000000000000000e+01 1.525000000000000000e+01 2.371140610975463331e-02 2.371140610975465760e-02 3.607590876532923430e-02 7.627349328118502747e+00 7.627349328118502747e+00 7.627349328118502747e+00 2.640256137694866907e-03 2.640256137694866907e-03 3.100005376250266481e-03 8.422583539944181297e+00 2.278834594110521177e-03
1.550000000000000000e+01 1.550000000000000000e+01 1.550000000000000000e+01 2.311167532533103461e-02 2.311167532533104849e-02 3.581030547494362670e-02 7.752387841694215354e+00 7.752387841694215354e+00 7.752387841694215354e+00 2.541975033395688262e-03 2.541975033395690430e-03 2.979556307852793563e-03 8.547622053519893015e+00 2.197406831264425622e-03
1.575000000000000000e+01 1.575000000000000000e+01 1.575000000000000000e+01 2.255921364251634378e-02 2.255921364251633338e-02 3.559165799780498324e-02 7.877426355269929736e+00 7.877426355269929736e+00 7.877426355269929736e+00 2.448383738129686869e-03 2.448383738129688604e-03 2.865073918444729657e-03 8.672660567095608286e+00 2.119756527148044817e-03
1.600000000000000000e+01 1.600000000000000000e+01 1.600000000000000000e+01 2.204591576557548768e-02 2.204591576557549809e-02 3.538394214902786800e-02 8.002464868845642343e+00 8.002464868845642343e+00 8.002464868845642343e+00 2.359213322480647416e-03 2.359213322480644380e-03 2.756198697851088616e-03 8.797699080671320004e+00 2.045679259493090978e-03
1.625000000000000000e+01 1.625000000000000000e+01 1.625000000000000000e+01 2.157270001600189446e-02 2.157270001600188405e-02 3.521558350894332667e-02 8.127503382421354061e+00 8.127503382421354061e+00 8.127503382421354061e+00 2.274214588119767826e-03 2.274214588119766525e-03 2.652596807023395713e-03 8.922737594247031723e+00 1.974984137085356029e-03
1.650000000000000000e+01 1.650000000000000000e+01 1.650000000000000000e+01 2.113289490610793450e-02 2.113289490610794491e-02 3.505483403957820876e-02 8.252541895997069332e+00 8.252541895997069332e+00 8.252541895997069332e+00 2.193155399959972711e-03 2.193155399959974446e-03 2.553959490350538562e-03 9.047776107822746994e+00 1.907494282178393095e-03
1.675000000000000000e+01 1.675000000000000000e+01 1.675000000000000000e+01 2.072718811636245495e-02 2.072718811636245842e-02 3.492712201793323618e-02 8.377580409572781051e+00 8.377580409572781051e+00 8.377580409572781051e+00 2.115820358753152212e-03 2.115820358753158284e-03 2.459999455219560871e-03 9.172814621398458712e+00 1.843044351245297667e-03
1.700000000000000000e+01 1.700000000000000000e+01 1.700000000000000000e+01 2.035007953754299631e-02 2.035007953754300672e-02 3.480440403443346015e-02 8.502618923148494545e+00 8.502618923148494545e+00 8.502618923148494545e+00 2.042008511473649996e-03 2.042008511473662573e-03 2.370450561445983095e-03 9.297853134974172207e+00 1.781481086626323859e-03
1.725000000000000000e+01 1.725000000000000000e+01 1.725000000000000000e+01 2.000206668968346896e-02 2.000206668968347243e-02 3.470943817854805352e-02 8.627657436724208040e+00 8.627657436724208040e+00 8.627657436724208040e+00 1.971533187755899509e-03 1.971533187755913387e-03 2.285064709599108485e-03 9.422891648549885701e+00 1.722661147147938696e-03
1.750000000000000000e+01 1.750000000000000000e+01 1.750000000000000000e+01 1.967861000082875289e-02 1.967861000082875636e-02 3.461741291307791207e-02 8.752695950299919758e+00 8.752695950299919758e+00 8.752695950299919758e+00 1.904220027297942206e-03 1.904220027297954566e-03 2.203611734026379894e-03 9.547930162125597420e+00 1.666451704325119495e-03
1.775000000000000000e+01 1.775000000000000000e+01 1.775000000000000000e+01 1.938005182082545505e-02 1.938005182082546546e-02 3.454869593196474575e-02 8.877734463875635029e+00 8.877734463875635029e+00 8.877734463875635029e+00 1.839906939181782785e-03 1.839906939181795795e-03 2.125876716035488348e-03 9.672968675701312691e+00 1.612728543903376452e-03
1.800000000000000000e+01 1.800000000000000000e+01 1.800000000000000000e+01 1.910264282405661762e-02 1.910264282405663150e-02 3.448131456095742536e-02 9.002772977451346748e+00 9.002772977451346748e+00 9.002772977451346748e+00 1.778442398411756364e-03 1.778442398411766772e-03 2.051660024548981193e-03 9.798007189277024409e+00 1.561376689738856044e-03
1.825000000000000000e+01 1.825000000000000000e+01 1.825000000000000000e+01 1.884660030626049421e-02 1.884660030626048727e-02 3.443348581337231373e-02 9.127811491027060242e+00 9.127811491027060242e+00 9.127811491027060242e+00 1.719685497419189265e-03 1.719685497419203360e-03 1.980774987987519303e-03 9.923045702852737904e+00 1.512288746628873181e-03
1.850000000000000000e+01 1.850000000000000000e+01 1.850000000000000000e+01 1.860882700071718812e-02 1.860882700071718465e-02 3.438574775907271563e-02 9.252850004602773737e+00 9.252850004602773737e+00 9.252850004602773737e+00 1.663504474471155835e-03 1.663504474471172749e-03 1.913048039922575320e-03 1.004808421642845140e+01 1.465365541697460916e-03
1.875000000000000000e+01 1.875000000000000000e+01 1.875000000000000000e+01 1.838944098284012174e-02 1.838944098284011827e-02 3.435437236717128751e-02 9.377888518178485455e+00 9.377888518178485455e+00 9.377888518178485455e+00 1.609776834855530456e-03 1.609776834855544550e-03 1.848316697345527048e-03 1.017312273000416312e+01 1.420514687161792203e-03
1.900000000000000000e+01 1.900000000000000000e+01 1.900000000000000000e+01 1.818588445000948739e-02 1.818588445000947698e-02 3.432213353487287288e-02 9.502927031754200726e+00 9.502927031754200726e+00 9.502927031754200726e+00 1.558388082646470574e-03 1.558388082646480982e-03 1.786429778918384404e-03 1.029816124357987839e+01 1.377651235377019227e-03
1.925000000000000000e+01 1.925000000000000000e+01 1.925000000000000000e+01 1.799819835400283397e-02 1.799819835400284437e-02 3.430353471699966461e-02 9.627965545329912445e+00 9.627965545329912445e+00 9.627965545329912445e+00 1.509231895924193975e-03 1.509231895924196577e-03 1.727245648264545859e-03 1.042319975715559011e+01 1.336696448220806022e-03
1.950000000000000000e+01 1.950000000000000000e+01 1.950000000000000000e+01 1.782427230226446557e-02 1.782427230226446210e-02 3.428335466823767552e-02 9.753004058905625939e+00 9.753004058905625939e+00 9.753004058905625939e+00 1.462209040975962762e-03 1.462209040975956473e-03 1.670632480400545969e-03 1.054823827073130360e+01 1.297578468703401364e-03
1.975000000000000000e+01 1.975000000000000000e+01 1.975000000000000000e+01 1.766408897158626770e-02 1.766408897158625382e-02 3.427447987865201579e-02 9.878042572481339434e+00 9.878042572481339434e+00 9.878042572481339434e+00 1.417227592088296430e-03 1.417227592088287757e-03 1.616466737534129686e-03 1.067327678430701710e+01 1.260231292374685555e-03
2.000000000000000000e+01 2.000000000000000000e+01 2.000000000000000000e+01 1.751590992306858996e-02 1.751590992306857955e-02 3.426349956781754580e-02 1.000308108605705115e+01 1.000308108605705115e+01 1.000308108605705115e+01 1.374202014388059036e-03 1.374202014388057301e-03 1.564633465635447253e-03 1.079831529788272881e+01 1.224595466640595719e-03
2.025000000000000000e+01 2.025000000000000000e+01 2.025000000000000000e+01 1.737967558993228773e-02 1.737967558993228773e-02 3.426181325748583334e-02 1.012811959963276642e+01 1.012811959963276642e+01 1.012811959963276642e+01 1.333053424957016250e-03 1.333053424957021237e-03 1.515024977605876474e-03 1.092335381145844408e+01 1.190617270292329902e-03
2.050000000000000000e+01 2.050000000000000000e+01 2.050000000000000000e+01 1.725395753452195133e-02 1.725395753452195827e-02 3.425765692065127488e-02 1.025315811320847814e+01 1.025315811320847814e+01 1.025315811320847814e+01 1.293708837975479121e-03 1.293708837975494300e-03 1.467541167240511311e-03 1.104839232503415580e+01 1.158249462943149611e-03
2.075000000000000000e+01 2.075000000000000000e+01 2.075000000000000000e+01 1.713866753512985341e-02 1.713866753512984994e-02 3.426105440201118041e-02 1.037819662678419164e+01 1.037819662678419164e+01 1.037819662678419164e+01 1.256101471049094398e-03 1.256101471049116299e-03 1.422088381064309402e-03 1.117343083860986930e+01 1.127450693376426697e-03
2.100000000000000000e+01 2.100000000000000000e+01 2.100000000000000000e+01 1.703263626944900855e-02 1.703263626944901549e-02 3.426175066275129188e-02 1.050323514035990513e+01 1.050323514035990513e+01 1.050323514035990513e+01 1.220170155207838574e-03 1.220170155207858957e-03 1.378579741605792186e-03 1.129846935218558279e+01 1.098186338201016582e-03
2.125000000000000000e+01 2.125000000000000000e+01 2.125000000000000000e+01 1.693575832876037177e-02 1.693575832876037870e-02 3.426848882199459018e-02 1.062827365393561863e+01 1.062827365393561863e+01 1.062827365393561863e+01 1.185859699758118032e-03 1.185859699758134728e-03 1.336934195168632900e-03 1.142350786576129629e+01 1.070428181094041893e-03
2.150000000000000000e+01 2.150000000000000000e+01 2.150000000000000000e+01 1.684708176023504839e-02 1.684708176023503798e-02 3.427240719848574646e-02 1.075331216751133212e+01 1.075331216751133212e+01 1.075331216751133212e+01 1.153120481787263613e-03 1.153120481787278141e-03 1.297076840789504514e-03 1.154854637933700978e+01 1.044155405233159698e-03
2.175000000000000000e+01 2.175000000000000000e+01 2.175000000000000000e+01 1.676649358970493803e-02 1.676649358970494497e-02 3.428104875886100328e-02 1.087835068108704384e+01 1.087835068108704384e+01 1.087835068108704384e+01 1.121908896930332543e-03 1.121908896930343819e-03 1.258938147159779182e-03 1.167358489291272150e+01 1.019354617195614805e-03
2.200000000000000000e+01 2.200000000000000000e+01 2.200000000000000000e+01 1.669322510287398267e-02 1.669322510287398267e-02 3.428684861250796967e-02 1.100338919466275733e+01 1.100338919466275733e+01 1.100338919466275733e+01 1.092187161666272706e-03 1.092187161666284198e-03 1.222454288183260230e-03 1.179862340648843499e+01 9.960210947423512630e-04
2.225000000000000000e+01 2.225000000000000000e+01 2.225000000000000000e+01 1.662716376689379882e-02 1.662716376689379882e-02 3.429621738916772966e-02 1.112842770823847083e+01 1.112842770823847083e+01 1.112842770823847083e+01 1.063923900976671997e-03 1.063923900976683707e-03 1.187566528368254890e-03 1.192366192006414849e+01 9.741592706405551548e-04
2.250000000000000000e+01 2.250000000000000000e+01 2.250000000000000000e+01 1.656769638315891066e-02 1.656769638315890372e-02 3.430280701516016939e-02 1.125346622181418432e+01 1.125346622181418432e+01 1.125346622181418432e+01 1.037094229400245668e-03 1.037094229400255642e-03 1.154221570206242662e-03 1.204870043363986198e+01 9.537843761542268541e-04
2.275000000000000000e+01 2.275000000000000000e+01 2.275000000000000000e+01 1.651471744548014056e-02 1.651471744548014750e-02 3.431195217303324718e-02 1.137850473538989782e+01 1.137850473538989782e+01 1.137850473538989782e+01 1.011680571958957888e-03 1.011680571958964176e-03 1.122371112244183828e-03 1.217373894721557548e+01 9.349235175349766185e-04
2.300000000000000000e+01 2.300000000000000000e+01 2.300000000000000000e+01 1.646774700447349582e-02 1.646774700447350623e-02 3.431845624717055898e-02 1.150354324896560954e+01 1.150354324896560954e+01 1.150354324896560954e+01 9.876731585838015824e-04 9.876731585838026666e-04 1.091972212491534649e-03 1.229877746079128720e+01 9.176178039507299020e-04
2.325000000000000000e+01 2.325000000000000000e+01 2.325000000000000000e+01 1.642669190383755709e-02 1.642669190383755015e-02 3.432662402018798325e-02 1.162858176254132303e+01 1.162858176254132303e+01 1.162858176254132303e+01 9.650712912238064260e-04 9.650712912238043660e-04 1.062986988615731302e-03 1.242381597436700069e+01 9.019239435895916659e-04
2.350000000000000000e+01 2.350000000000000000e+01 2.350000000000000000e+01 1.639118788864480855e-02 1.639118788864479120e-02 3.433235802091312572e-02 1.175362027611703652e+01 1.175362027611703652e+01 1.175362027611703652e+01 9.438847237756544046e-04 9.438847237756486583e-04 1.035382494937341601e-03 1.254885448794271419e+01 8.879169440750039237e-04
2.375000000000000000e+01 2.375000000000000000e+01 2.375000000000000000e+01 1.636115834246995929e-02 1.636115834246995235e-02 3.433896970489039996e-02 1.187865878969275002e+01 1.187865878969275002e+01 1.187865878969275002e+01 9.241377089843792400e-04 9.241377089843696990e-04 1.009125253191025477e-03 1.267389300151842768e+01 8.756987053403975834e-04
2.400000000000000000e+01 2.400000000000000000e+01 2.400000000000000000e+01 1.633634128781293743e-02 1.633634128781293049e-02 3.434342025233964174e-02 1.200369730326846351e+01 1.200369730326846351e+01 1.200369730326846351e+01 9.058859506485205607e-04 9.058859506485077671e-04 9.841451969398275820e-04 1.279893151509414118e+01 8.654572833810111800e-04
2.425000000000000000e+01 2.425000000000000000e+01 2.425000000000000000e+01 1.631667980631082079e-02 1.631667980631082079e-02 3.434805556858043507e-02 1.212873581684417523e+01 1.212873581684417523e+01 1.212873581684417523e+01 8.892909381559063048e-04 8.892909381558886323e-04 9.601939328256698172e-04 1.292397002866985289e+01 8.577285030214254957e-04
2.450000000000000000e+01 2.450000000000000000e+01 2.450000000000000000e+01 1.630200448810704972e-02 1.630200448810705319e-02 3.435086588462034352e-02 1.225377433041988873e+01 1.225377433041988873e+01 1.225377433041988873e+01 8.748325081898757896e-04 8.748325081898522624e-04 9.366148369477880938e-04 1.304900854224556639e+01 8.539987307040039412e-04
2.475000000000000000e+01 2.475000000000000000e+01 2.475000000000000000e+01 1.629228031571862065e-02 1.629228031571862412e-02 3.435325104487352288e-02 1.237881284399560222e+01 1.237881284399560222e+01 1.237881284399560222e+01 8.636145512828079934e-04 8.636145512827805631e-04 9.126244531805291363e-04 1.317404705582127988e+01 8.569822892001954231e-04
2.500000000000000000e+01 2.500000000000000000e+01 2.500000000000000000e+01 1.628742413745706136e-02 1.628742413745706483e-02 3.435421095572731981e-02 1.250385135757131572e+01 1.250385135757131572e+01 1.250385135757131572e+01 8.573149443655177226e-04 8.573149443654877987e-04 8.889073345457362526e-04 1.329908556939699338e+01 8.689650046478318958e-04
