6.481809062143526035e+01
1.000000000000000000e+00
1.000000000000000000e+00
1.000000000000000000e+00
1.000000000000000000e+00
6.283185307179586232e-01
7.926654595212021537e-01
-9.827097529128713260e-01
2.568814931538727251e+02
-4.672713916473388672e+05
6.481504691760217440e+01
1.056751780694126621e-03
2.100692462238965163e+03
1.000016303612146551e+00
9.194429371675867850e-07
9.194429371675925025e-07
9.999995402786371335e-01
1.000000000001277645e+00
1.000000000001305178e+00
nan
1.689155523953000771e-06
1.689153226052794939e-06
0.000000000000000000e+00
