5.294093661276247920e-01
-2.000000000000000000e+00
1.000000000000000000e+00
1.000000000000000000e+00
1.000000000000000000e+00
6.283185307179586232e-01
7.926654595212021537e-01
-7.959711922691016239e-01
1.159952829085394210e+00
1.189548659411720166e+00
3.951678361501514969e-01
1.322613029048477773e-01
-3.808467955815187711e+00
1.333027692069234327e+00
6.432189870548109534e-01
6.432189870548166155e-01
7.249812449276334947e-01
1.000000000000003109e+00
1.001351156430534184e+00
1.000604349907253443e+00
1.279838807210005591e-01
1.322613029211619495e-01
1.500462162908557939e+00
