3.428286422218901341e-01
-5.000000000000000000e+00
1.000000000000000000e+00
1.000000000000000000e+00
1.000000000000000000e+00
6.283185307179586232e-01
7.926654595212021537e-01
-6.688697949391217978e-01
8.880660176889879631e-01
1.197305121562395769e+00
3.135829457947548748e-01
2.725881849060271186e-02
-1.969321114997604649e+00
1.086379673976096027e+00
1.665419475059469467e-01
1.665419475059483900e-01
9.201017900018654272e-01
1.000000000000000888e+00
1.000516317566589208e+00
1.000351597267042703e+00
2.701510399583053473e-02
2.725881850022539993e-02
1.375423649332844889e+00
