-2.500000000000000000e+01 -2.500000000000000000e+01 -2.500000000000000000e+01 1.476495329551017442e-02 1.476495329551016922e-02 3.072558496936885278e-02 -1.250385135757131572e+01 -1.250385135757131572e+01 -1.250385135757131572e+01 1.999834981567871284e-04 1.999834981567750396e-04 1.988384715008611775e-04 -1.188784049284979893e+01 2.047005568382282120e-04
-2.475000000000000000e+01 -2.475000000000000000e+01 -2.475000000000000000e+01 1.476821140165630181e-02 1.476821140165629660e-02 3.072404379532735555e-02 -1.237881284399560222e+01 -1.237881284399560222e+01 -1.237881284399560222e+01 2.022541557634351822e-04 2.022541557634278909e-04 1.960804092665332132e-04 -1.176280197927408544e+01 2.119287659607048911e-04
-2.450000000000000000e+01 -2.450000000000000000e+01 -2.450000000000000000e+01 1.477474243739694722e-02 1.477474243739694548e-02 3.072053021627225988e-02 -1.225377433041988873e+01 -1.225377433041988873e+01 -1.225377433041988873e+01 2.062056087026766914e-04 2.062056087026754446e-04 1.967717972527981661e-04 -1.163776346569837195e+01 2.190250517698044512e-04
-2.425000000000000000e+01 -2.425000000000000000e+01 -2.425000000000000000e+01 1.478460929773440374e-02 1.478460929773441242e-02 3.071596751029598629e-02 -1.212873581684417523e+01 -1.212873581684417523e+01 -1.212873581684417523e+01 2.111296852943328950e-04 2.111296852943324613e-04 1.998425868530080446e-04 -1.151272495212265845e+01 2.256778477335167677e-04
-2.400000000000000000e+01 -2.400000000000000000e+01 -2.400000000000000000e+01 1.479785604630686445e-02 1.479785604630687833e-02 3.070905834531477072e-02 -1.200369730326846351e+01 -1.200369730326846351e+01 -1.200369730326846351e+01 2.165745047581892698e-04 2.165745047581853937e-04 2.040909867824353921e-04 -1.138768643854694673e+01 2.322099417836609165e-04
-2.375000000000000000e+01 -2.375000000000000000e+01 -2.375000000000000000e+01 1.481461130883333401e-02 1.481461130883333401e-02 3.070165828815933293e-02 -1.187865878969275002e+01 -1.187865878969275002e+01 -1.187865878969275002e+01 2.223597053064387311e-04 2.223597053064298406e-04 2.088899371888262987e-04 -1.126264792497123324e+01 2.388986515984939407e-04
-2.350000000000000000e+01 -2.350000000000000000e+01 -2.350000000000000000e+01 1.483494715867511755e-02 1.483494715867511408e-02 3.069159292256647478e-02 -1.175362027611703652e+01 -1.175362027611703652e+01 -1.175362027611703652e+01 2.284391420960187481e-04 2.284391420960043011e-04 2.140431820235615850e-04 -1.113760941139551974e+01 2.458500957805870605e-04
-2.325000000000000000e+01 -2.325000000000000000e+01 -2.325000000000000000e+01 1.485906371362735040e-02 1.485906371362734520e-02 3.068166832435296337e-02 -1.162858176254132303e+01 -1.162858176254132303e+01 -1.162858176254132303e+01 2.348074611417730047e-04 2.348074611417556574e-04 2.195083401980216491e-04 -1.101257089781980625e+01 2.530941100549717409e-04
-2.300000000000000000e+01 -2.300000000000000000e+01 -2.300000000000000000e+01 1.488705897123957650e-02 1.488705897123957303e-02 3.066881446757410007e-02 -1.150354324896560954e+01 -1.150354324896560954e+01 -1.150354324896560954e+01 2.414684343236844387e-04 2.414684343236665222e-04 2.252770682351728474e-04 -1.088753238424409275e+01 2.606437794883450371e-04
-2.275000000000000000e+01 -2.275000000000000000e+01 -2.275000000000000000e+01 1.491921341227697533e-02 1.491921341227696839e-02 3.065681577211301634e-02 -1.137850473538989782e+01 -1.137850473538989782e+01 -1.137850473538989782e+01 2.484284364259208206e-04 2.484284364259040697e-04 2.313476163379022299e-04 -1.076249387066838104e+01 2.685106758700173037e-04
-2.250000000000000000e+01 -2.250000000000000000e+01 -2.250000000000000000e+01 1.495564796477920691e-02 1.495564796477920864e-02 3.064168019726715500e-02 -1.125346622181418432e+01 -1.125346622181418432e+01 -1.125346622181418432e+01 2.556953699758287386e-04 2.556953699758151319e-04 2.377210448186274703e-04 -1.063745535709266754e+01 2.767072031877971052e-04
-2.225000000000000000e+01 -2.225000000000000000e+01 -2.225000000000000000e+01 1.499673573906877555e-02 1.499673573906877208e-02 3.062820858346500252e-02 -1.112842770823847083e+01 -1.112842770823847083e+01 -1.112842770823847083e+01 2.632785355785359840e-04 2.632785355785267141e-04 2.444005448984559780e-04 -1.051241684351695405e+01 2.852467112922723821e-04
-2.200000000000000000e+01 -2.200000000000000000e+01 -2.200000000000000000e+01 1.504261661554206000e-02 1.504261661554204613e-02 3.061145210518213117e-02 -1.100338919466275733e+01 -1.100338919466275733e+01 -1.100338919466275733e+01 2.711884579025504102e-04 2.711884579025471576e-04 2.513913233586978968e-04 -1.038737832994124055e+01 2.941436580182638116e-04
-2.175000000000000000e+01 -2.175000000000000000e+01 -2.175000000000000000e+01 1.509377239790621154e-02 1.509377239790621848e-02 3.059727721283017621e-02 -1.087835068108704384e+01 -1.087835068108704384e+01 -1.087835068108704384e+01 2.794369229522058041e-04 2.794369229522091110e-04 2.587002513605317811e-04 -1.026233981636552706e+01 3.034135034207182421e-04
-2.150000000000000000e+01 -2.150000000000000000e+01 -2.150000000000000000e+01 1.515035685491385696e-02 1.515035685491385696e-02 3.057973451330998904e-02 -1.075331216751133212e+01 -1.075331216751133212e+01 -1.075331216751133212e+01 2.880368507688851150e-04 2.880368507688930838e-04 2.663358645040044383e-04 -1.013730130278981534e+01 3.130729073154329772e-04
-2.125000000000000000e+01 -2.125000000000000000e+01 -2.125000000000000000e+01 1.521298088043028518e-02 1.521298088043029385e-02 3.056581751948153972e-02 -1.062827365393561863e+01 -1.062827365393561863e+01 -1.062827365393561863e+01 2.970023971724434120e-04 2.970023971724532782e-04 2.743080705784211627e-04 -1.001226278921410184e+01 3.231396087697499531e-04
-2.100000000000000000e+01 -2.100000000000000000e+01 -2.100000000000000000e+01 1.528180585249679264e-02 1.528180585249678744e-02 3.054852264624750499e-02 -1.050323514035990513e+01 -1.050323514035990513e+01 -1.050323514035990513e+01 3.063488462295236984e-04 3.063488462295339983e-04 2.826282516191974746e-04 -9.887224275638388349e+00 3.336326717728632413e-04
-2.075000000000000000e+01 -2.075000000000000000e+01 -2.075000000000000000e+01 1.535759718038917122e-02 1.535759718038917469e-02 3.053604565846002039e-02 -1.037819662678419164e+01 -1.037819662678419164e+01 -1.037819662678419164e+01 3.160927618912125767e-04 3.160927618912218466e-04 2.913090118922499468e-04 -9.762185762062674854e+00 3.445723506585590136e-04
-2.050000000000000000e+01 -2.050000000000000000e+01 -2.050000000000000000e+01 1.544051619706589794e-02 1.544051619706590314e-02 3.052026427791082464e-02 -1.025315811320847814e+01 -1.025315811320847814e+01 -1.025315811320847814e+01 3.262518895387338550e-04 3.262518895387429623e-04 3.003643626827960807e-04 -9.637147248486961360e+00 3.559803848484148448e-04
-2.025000000000000000e+01 -2.025000000000000000e+01 -2.025000000000000000e+01 1.553151417060772733e-02 1.553151417060773427e-02 3.051066730613125055e-02 -1.012811959963276642e+01 -1.012811959963276642e+01 -1.012811959963276642e+01 3.368453513456923991e-04 3.368453513457030785e-04 3.098094896876413761e-04 -9.512108734911249641e+00 3.678798506012605891e-04
-2.000000000000000000e+01 -2.000000000000000000e+01 -2.000000000000000000e+01 1.563074316398827338e-02 1.563074316398828031e-02 3.049793712150856290e-02 -1.000308108605705115e+01 -1.000308108605705115e+01 -1.000308108605705115e+01 3.478935517391590782e-04 3.478935517391720344e-04 3.196610060535058423e-04 -9.387070221335534370e+00 3.802955069628920258e-04
-1.975000000000000000e+01 -1.975000000000000000e+01 -1.975000000000000000e+01 1.573937869477693569e-02 1.573937869477693569e-02 3.049296426256388123e-02 -9.878042572481339434e+00 -9.878042572481339434e+00 -9.878042572481339434e+00 3.594184145395122750e-04 3.594184145395240928e-04 3.299367251083547823e-04 -9.262031707759822652e+00 3.932536348893543436e-04
-1.950000000000000000e+01 -1.950000000000000000e+01 -1.950000000000000000e+01 1.585755252566738854e-02 1.585755252566738507e-02 3.048514541524450713e-02 -9.753004058905625939e+00 -9.753004058905625939e+00 -9.753004058905625939e+00 3.714432902033489828e-04 3.714432902033577106e-04 3.406559738369294827e-04 -9.136993194184109157e+00 4.067824378818346966e-04
-1.925000000000000000e+01 -1.925000000000000000e+01 -1.925000000000000000e+01 1.598671129003861879e-02 1.598671129003861879e-02 3.048690235572368290e-02 -9.627965545329912445e+00 -9.627965545329912445e+00 -9.627965545329912445e+00 3.839932354277656693e-04 3.839932354277683798e-04 3.518393625905839178e-04 -9.011954680608395662e+00 4.209118702901284243e-04
-1.900000000000000000e+01 -1.900000000000000000e+01 -1.900000000000000000e+01 1.612695333482058388e-02 1.612695333482059082e-02 3.048624015385231409e-02 -9.502927031754200726e+00 -9.502927031754200726e+00 -9.502927031754200726e+00 3.970949220014273169e-04 3.970949220014273712e-04 3.635091561079318440e-04 -8.886916167032683944e+00 4.356740975124431510e-04
-1.875000000000000000e+01 -1.875000000000000000e+01 -1.875000000000000000e+01 1.628005355733058018e-02 1.628005355733057324e-02 3.049726570556205926e-02 -9.377888518178485455e+00 -9.377888518178485455e+00 -9.377888518178485455e+00 4.107769615017318153e-04 4.107769615017343632e-04 3.756890356808414337e-04 -8.761877653456968673e+00 4.511033161533237971e-04
-1.850000000000000000e+01 -1.850000000000000000e+01 -1.850000000000000000e+01 1.644606135751596268e-02 1.644606135751596615e-02 3.050646870295206647e-02 -9.252850004602773737e+00 -9.252850004602773737e+00 -9.252850004602773737e+00 4.250698170707552714e-04 4.250698170707620477e-04 3.884045282327078089e-04 -8.636839139881256955e+00 4.672362802000680601e-04
-1.825000000000000000e+01 -1.825000000000000000e+01 -1.825000000000000000e+01 1.662714961434425334e-02 1.662714961434424640e-02 3.052982387455051294e-02 -9.127811491027060242e+00 -9.127811491027060242e+00 -9.127811491027060242e+00 4.400061775123450484e-04 4.400061775123540473e-04 4.016827589720839051e-04 -8.511800626305543460e+00 4.841121167573947978e-04
-1.800000000000000000e+01 -1.800000000000000000e+01 -1.800000000000000000e+01 1.682330044646593650e-02 1.682330044646593303e-02 3.055216120849363684e-02 -9.002772977451346748e+00 -9.002772977451346748e+00 -9.002772977451346748e+00 4.556208746473602942e-04 4.556208746473677752e-04 4.155529415526324323e-04 -8.386762112729829965e+00 5.017729263833202533e-04
-1.775000000000000000e+01 -1.775000000000000000e+01 -1.775000000000000000e+01 1.703716990877953558e-02 1.703716990877953905e-02 3.059154035120239742e-02 -8.877734463875635029e+00 -8.877734463875635029e+00 -8.877734463875635029e+00 4.719513127875297315e-04 4.719513127875352610e-04 4.300461210854396982e-04 -8.261723599154118247e+00 5.202635994447602982e-04
-1.750000000000000000e+01 -1.750000000000000000e+01 -1.750000000000000000e+01 1.726865125128881212e-02 1.726865125128880171e-02 3.063096341292618000e-02 -8.752695950299919758e+00 -8.752695950299919758e+00 -8.752695950299919758e+00 4.890373957143011709e-04 4.890373957143046403e-04 4.451957304997217570e-04 -8.136685085578402976e+00 5.396325009322315265e-04
-1.725000000000000000e+01 -1.725000000000000000e+01 -1.725000000000000000e+01 1.752098808535007893e-02 1.752098808535007893e-02 3.069083334417443271e-02 -8.627657436724208040e+00 -8.627657436724208040e+00 -8.627657436724208040e+00 5.069220193513518293e-04 5.069220193513557324e-04 4.610373253052436502e-04 -8.011646572002691258e+00 5.599312941939669878e-04
-1.700000000000000000e+01 -1.700000000000000000e+01 -1.700000000000000000e+01 1.779395943492866061e-02 1.779395943492866061e-02 3.075212840049859619e-02 -8.502618923148494545e+00 -8.502618923148494545e+00 -8.502618923148494545e+00 5.256510140167294266e-04 5.256510140167332213e-04 4.776092132778355921e-04 -7.886608058426977763e+00 5.812157232021262750e-04
-1.675000000000000000e+01 -1.675000000000000000e+01 -1.675000000000000000e+01 1.809152479327609184e-02 1.809152479327607796e-02 3.083790322745646323e-02 -8.377580409572781051e+00 -8.377580409572781051e+00 -8.377580409572781051e+00 5.452737103012122522e-04 5.452737103012156132e-04 4.949521838349083425e-04 -7.761569544851264268e+00 6.035454526802216859e-04
-1.650000000000000000e+01 -1.650000000000000000e+01 -1.650000000000000000e+01 1.841331924530435066e-02 1.841331924530434719e-02 3.092688367686158638e-02 -8.252541895997069332e+00 -8.252541895997069332e+00 -8.252541895997069332e+00 5.658429042233803019e-04 5.658429042233820367e-04 5.131102203230365061e-04 -7.636531031275552550e+00 6.269849641566521128e-04
-1.625000000000000000e+01 -1.625000000000000000e+01 -1.625000000000000000e+01 1.876417657726801511e-02 1.876417657726802204e-02 3.104514548139345950e-02 -8.127503382421354061e+00 -8.127503382421354061e+00 -8.127503382421354061e+00 5.874155090225608496e-04 5.874155090225606328e-04 5.321302284981346007e-04 -7.511492517699837279e+00 6.516034245028095879e-04
-1.600000000000000000e+01 -1.600000000000000000e+01 -1.600000000000000000e+01 1.914355321660483888e-02 1.914355321660483542e-02 3.116889520935109403e-02 -8.002464868845642343e+00 -8.002464868845642343e+00 -8.002464868845642343e+00 6.100525533819533587e-04 6.100525533819519492e-04 5.520628431944715753e-04 -7.386454004124125561e+00 6.774757164400204562e-04
-1.575000000000000000e+01 -1.575000000000000000e+01 -1.575000000000000000e+01 1.955735371642718101e-02 1.955735371642719142e-02 3.132767405607093936e-02 -7.877426355269929736e+00 -7.877426355269929736e+00 -7.877426355269929736e+00 6.338199352747028292e-04 6.338199352746994681e-04 5.729621623731453051e-04 -7.261415490548412954e+00 7.046823515310389648e-04
-1.550000000000000000e+01 -1.550000000000000000e+01 -1.550000000000000000e+01 2.000481542403688417e-02 2.000481542403689458e-02 3.149485713336125370e-02 -7.752387841694215354e+00 -7.752387841694215354e+00 -7.752387841694215354e+00 6.587884667400461299e-04 6.587884667400397331e-04 5.948866630071202163e-04 -7.136376976972698571e+00 7.333106614515708544e-04
-1.525000000000000000e+01 -1.525000000000000000e+01 -1.525000000000000000e+01 2.049315863431152088e-02 2.049315863431151394e-02 3.170398836492135247e-02 -7.627349328118502747e+00 -7.627349328118502747e+00 -7.627349328118502747e+00 6.850347503544744650e-04 6.850347503544656829e-04 6.178989496774844100e-04 -7.011338463396985965e+00 7.634547769118596059e-04
-1.500000000000000000e+01 -1.500000000000000000e+01 -1.500000000000000000e+01 2.102135477370308675e-02 2.102135477370309022e-02 3.192524551108302799e-02 -7.502310814542789252e+00 -7.502310814542789252e+00 -7.502310814542789252e+00 7.126412884548435304e-04 7.126412884548296526e-04 6.420667983560019148e-04 -6.886299949821272470e+00 7.952170134459874600e-04
-1.475000000000000000e+01 -1.475000000000000000e+01 -1.475000000000000000e+01 2.159824712237884414e-02 2.159824712237885455e-02 3.219682849251852969e-02 -7.377272300967076646e+00 -7.377272300967076646e+00 -7.377272300967076646e+00 7.416975086155808963e-04 7.416975086155636575e-04 6.674629318333911163e-04 -6.761261436245559864e+00 8.287079451244521496e-04
-1.450000000000000000e+01 -1.450000000000000000e+01 -1.450000000000000000e+01 2.222248726499885182e-02 2.222248726499886570e-02 3.248528788782202581e-02 -7.252233787391364039e+00 -7.252233787391364039e+00 -7.252233787391364039e+00 7.722999611293043451e-04 7.722999611292879736e-04 6.941662150216297003e-04 -6.636222922669847257e+00 8.640480285285540496e-04
-1.425000000000000000e+01 -1.425000000000000000e+01 -1.425000000000000000e+01 2.290492929415072210e-02 2.290492929415073597e-02 3.283427897352111241e-02 -7.127195273815649657e+00 -7.127195273815649657e+00 -7.127195273815649657e+00 8.045535275689087587e-04 8.045535275688956399e-04 7.222614739142585059e-04 -6.511184409094132874e+00 9.013678102190564832e-04
-1.400000000000000000e+01 -1.400000000000000000e+01 -1.400000000000000000e+01 2.364384346285897456e-02 2.364384346285897109e-02 3.320621900220429440e-02 -7.002156760239937050e+00 -7.002156760239937050e+00 -7.002156760239937050e+00 8.385717383469330505e-04 8.385717383469262201e-04 7.518408724705582949e-04 -6.386145895518420268e+00 9.408098459098127074e-04
-1.375000000000000000e+01 -1.375000000000000000e+01 -1.375000000000000000e+01 2.445258767776688213e-02 2.445258767776689601e-02 3.365120358472516171e-02 -6.877118246664223555e+00 -6.877118246664223555e+00 -6.877118246664223555e+00 8.744782087496054228e-04 8.744782087496081333e-04 7.830037977752622985e-04 -6.261107381942706773e+00 9.825290945889545054e-04
-1.350000000000000000e+01 -1.350000000000000000e+01 -1.350000000000000000e+01 2.532898170151100942e-02 2.532898170151099207e-02 3.412691919822700981e-02 -6.752079733088510949e+00 -6.752079733088510949e+00 -6.752079733088510949e+00 9.124071193346896527e-04 9.124071193346981095e-04 8.158584570637985190e-04 -6.136068868366994167e+00 1.026695208058832093e-03
-1.325000000000000000e+01 -1.325000000000000000e+01 -1.325000000000000000e+01 2.628951877951004115e-02 2.628951877951004462e-02 3.469112483972373179e-02 -6.627041219512798342e+00 -6.627041219512798342e+00 -6.627041219512798342e+00 9.525049377694852883e-04 9.525049377694949377e-04 8.505218598831950543e-04 -6.011030354791281560e+00 1.073493183968118750e-03
-1.300000000000000000e+01 -1.300000000000000000e+01 -1.300000000000000000e+01 2.733149201764787165e-02 2.733149201764786471e-02 3.529606934606634161e-02 -6.502002705937083959e+00 -6.502002705937083959e+00 -6.502002705937083959e+00 9.949311198887405422e-04 9.949311198887524684e-04 8.871216851515715922e-04 -5.885991841215567177e+00 1.123126125843679126e-03
-1.275000000000000000e+01 -1.275000000000000000e+01 -1.275000000000000000e+01 2.847534576303011392e-02 2.847534576303011392e-02 3.600870658150154974e-02 -6.376964192361371353e+00 -6.376964192361371353e+00 -6.376964192361371353e+00 1.039860194726490014e-03 1.039860194726503241e-03 9.257964022993783780e-04 -5.760953327639854571e+00 1.175816254436357934e-03
-1.250000000000000000e+01 -1.250000000000000000e+01 -1.250000000000000000e+01 2.971776535269831862e-02 2.971776535269832209e-02 3.677500969422498045e-02 -6.251925678785657858e+00 -6.251925678785657858e+00 -6.251925678785657858e+00 1.087482764978870689e-03 1.087482764978887385e-03 9.666974735328324976e-04 -5.635914814064141076e+00 1.231808273064183929e-03
-1.225000000000000000e+01 -1.225000000000000000e+01 -1.225000000000000000e+01 3.108420963817240881e-02 3.108420963817240881e-02 3.767306279505363426e-02 -6.126887165209944364e+00 -6.126887165209944364e+00 -6.126887165209944364e+00 1.138008058939378583e-03 1.138008058939396147e-03 1.009989671411568035e-03 -5.510876300488427582e+00 1.291370875091217172e-03
-1.200000000000000000e+01 -1.200000000000000000e+01 -1.200000000000000000e+01 3.257067468585840564e-02 3.257067468585839870e-02 3.864156818472622851e-02 -6.001848651634231757e+00 -6.001848651634231757e+00 -6.001848651634231757e+00 1.191665338447955164e-03 1.191665338447969909e-03 1.055853702294698567e-03 -5.385837786912714975e+00 1.354800898185813023e-03
-1.175000000000000000e+01 -1.175000000000000000e+01 -1.175000000000000000e+01 3.420903394130742764e-02 3.420903394130743458e-02 3.977221067979279379e-02 -5.876810138058518262e+00 -5.876810138058518262e+00 -5.876810138058518262e+00 1.248707058184049534e-03 1.248707058184058858e-03 1.104486799412318252e-03 -5.260799273337001480e+00 1.422425520669749017e-03
-1.150000000000000000e+01 -1.150000000000000000e+01 -1.150000000000000000e+01 3.599452123331418202e-02 3.599452123331420283e-02 4.099523907059307581e-02 -5.751771624482804768e+00 -5.751771624482804768e+00 -5.751771624482804768e+00 1.309410830720981588e-03 1.309410830720988527e-03 1.156105882116069579e-03 -5.135760759761287986e+00 1.494607457723383728e-03
-1.125000000000000000e+01 -1.125000000000000000e+01 -1.125000000000000000e+01 3.796728816864181760e-02 3.796728816864183842e-02 4.241912713782131084e-02 -5.626733110907092161e+00 -5.626733110907092161e+00 -5.626733110907092161e+00 1.374083385512503116e-03 1.374083385512509621e-03 1.210948533905441228e-03 -5.010722246185575379e+00 1.571748118707969434e-03
-1.100000000000000000e+01 -1.100000000000000000e+01 -1.100000000000000000e+01 4.012175843116668611e-02 4.012175843116669305e-02 4.396426534057684687e-02 -5.501694597331378667e+00 -5.501694597331378667e+00 -5.501694597331378667e+00 1.443063300101728261e-03 1.443063300101738236e-03 1.269276851959873914e-03 -4.885683732609861885e+00 1.654294198410185797e-03
-1.075000000000000000e+01 -1.075000000000000000e+01 -1.075000000000000000e+01 4.250887207854326527e-02 4.250887207854325833e-02 4.576008076979039968e-02 -5.376656083755666060e+00 -5.376656083755666060e+00 -5.376656083755666060e+00 1.516726025259638490e-03 1.516726025259649115e-03 1.331378962753036179e-03 -4.760645219034149278e+00 1.742742183480584274e-03
-1.050000000000000000e+01 -1.050000000000000000e+01 -1.050000000000000000e+01 4.512224955143274291e-02 4.512224955143273597e-02 4.771544102942382876e-02 -5.251617570179952565e+00 -5.251617570179952565e+00 -5.251617570179952565e+00 1.595487677377228995e-03 1.595487677377237451e-03 1.397573772416465252e-03 -4.635606705458435783e+00 1.837646837940843519e-03
-1.025000000000000000e+01 -1.025000000000000000e+01 -1.025000000000000000e+01 4.802704555625905009e-02 4.802704555625902927e-02 4.998623798028615367e-02 -5.126579056604239071e+00 -5.126579056604239071e+00 -5.126579056604239071e+00 1.679811503430184714e-03 1.679811503430189484e-03 1.468213234454719641e-03 -4.510568191882722289e+00 1.939627618670342144e-03
-1.000000000000000000e+01 -1.000000000000000000e+01 -1.000000000000000000e+01 5.121619188343744938e-02 5.121619188343744244e-02 5.246785552634912475e-02 -5.001540543028525576e+00 -5.001540543028525576e+00 -5.001540543028525576e+00 1.770213155443028539e-03 1.770213155443030057e-03 1.543688291284808865e-03 -4.385529678307008794e+00 2.049379770811775997e-03
-9.750000000000000000e+00 -9.750000000000000000e+00 -9.750000000000000000e+00 5.477380255172552281e-02 5.477380255172554363e-02 5.535005128341710656e-02 -4.876502029452812970e+00 -4.876502029452812970e+00 -4.876502029452812970e+00 1.867269126058740446e-03 1.867269126058741530e-03 1.624432198134795119e-03 -4.260491164731296188e+00 2.167683469970404717e-03
-9.500000000000000000e+00 -9.500000000000000000e+00 -9.500000000000000000e+00 5.869243672376844856e-02 5.869243672376842080e-02 5.851244142806412418e-02 -4.751463515877100363e+00 -4.751463515877100363e+00 -4.751463515877100363e+00 1.971624112516829133e-03 1.971624112516831302e-03 1.710928060985811251e-03 -4.135452651155583581e+00 2.295418568392292025e-03
-9.250000000000000000e+00 -9.250000000000000000e+00 -9.250000000000000000e+00 6.308184481678030808e-02 6.308184481678032196e-02 6.218874822925975904e-02 -4.626425002301386868e+00 -4.626425002301386868e+00 -4.626425002301386868e+00 2.084002186958713865e-03 2.084002186958718202e-03 1.803713651736275816e-03 -4.010414137579870086e+00 2.433577673748561852e-03
-9.000000000000000000e+00 -9.000000000000000000e+00 -9.000000000000000000e+00 6.793489768909466431e-02 6.793489768909466431e-02 6.624021478942826446e-02 -4.501386488725673374e+00 -4.501386488725673374e+00 -4.501386488725673374e+00 2.205217137549360124e-03 2.205217137549366629e-03 1.903391115167049445e-03 -3.885375624004157036e+00 2.583286083370259223e-03
-8.750000000000000000e+00 -8.750000000000000000e+00 -8.750000000000000000e+00 7.339654858417313243e-02 7.339654858417310468e-02 7.095855547209804770e-02 -4.376347975149959879e+00 -4.376347975149959879e+00 -4.376347975149959879e+00 2.336187489212067977e-03 2.336187489212080120e-03 2.010633904111989653e-03 -3.760337110428443541e+00 2.745820615417025445e-03
-8.500000000000000000e+00 -8.500000000000000000e+00 -8.500000000000000000e+00 7.946133271173198842e-02 7.946133271173201618e-02 7.618378375347559239e-02 -4.251309461574247273e+00 -4.251309461574247273e+00 -4.251309461574247273e+00 2.477951136238133994e-03 2.477951136238147004e-03 2.126199474965255985e-03 -3.635298596852730935e+00 2.922637038536420647e-03
-8.250000000000000000e+00 -8.250000000000000000e+00 -8.250000000000000000e+00 8.632338972062943150e-02 8.632338972062936211e-02 8.228548005475809501e-02 -4.126270947998534666e+00 -4.126270947998534666e+00 -4.126270947998534666e+00 2.631685866718457781e-03 2.631685866718469925e-03 2.250939261088810706e-03 -3.510260083277018328e+00 3.115397422391498299e-03
-8.000000000000000000e+00 -8.000000000000000000e+00 -8.000000000000000000e+00 9.398148769175086736e-02 9.398148769175085349e-02 8.907954049832429722e-02 -4.001232434422821171e+00 -4.001232434422821171e+00 -4.001232434422821171e+00 2.798730260426259258e-03 2.798730260426269233e-03 2.385815545074543558e-03 -3.385221569701304833e+00 3.326008585229648252e-03
-7.750000000000000000e+00 -7.750000000000000000e+00 -7.750000000000000000e+00 1.026998589947947793e-01 1.026998589947947377e-01 9.704220057965384783e-02 -3.876193920847107677e+00 -3.876193920847107677e+00 -3.876193920847107677e+00 2.980612205022502119e-03 2.980612205022513395e-03 2.531915826306171090e-03 -3.260183056125591339e+00 3.556662249119304977e-03
-7.500000000000000000e+00 -7.500000000000000000e+00 -7.500000000000000000e+00 1.124863078078352924e-01 1.124863078078353062e-01 1.059628597479166240e-01 -3.751155407271394626e+00 -3.751155407271394626e+00 -3.751155407271394626e+00 3.179079067796137213e-03 3.179079067796141984e-03 2.690475615667655210e-03 -3.135144542549878288e+00 3.809889979335143693e-03
-7.250000000000000000e+00 -7.250000000000000000e+00 -7.250000000000000000e+00 1.237072224721340874e-01 1.237072224721341013e-01 1.164671681508301082e-01 -3.626116893695682020e+00 -3.626116893695682020e+00 -3.626116893695682020e+00 3.396138009091119719e-03 3.396138009091116683e-03 2.862899222620222516e-03 -3.010106028974165682e+00 4.088622895876479861e-03
-7.000000000000000000e+00 -7.000000000000000000e+00 -7.000000000000000000e+00 1.363884231022812199e-01 1.363884231022811366e-01 1.283173747369309170e-01 -3.501078380119968525e+00 -3.501078380119968525e+00 -3.501078380119968525e+00 3.634100086382092802e-03 3.634100086382085863e-03 3.050791071577566970e-03 -2.885067515398452187e+00 4.396271769337942517e-03
-6.750000000000000000e+00 -6.750000000000000000e+00 -6.750000000000000000e+00 1.510490745177303085e-01 1.510490745177302530e-01 1.423538841816477940e-01 -3.376039866544255474e+00 -3.376039866544255474e+00 -3.376039866544255474e+00 3.895638284083169627e-03 3.895638284083158785e-03 3.255985969855077627e-03 -2.760029001822739136e+00 4.736817117007956213e-03
-6.500000000000000000e+00 -6.500000000000000000e+00 -6.500000000000000000e+00 1.677499781478457297e-01 1.677499781478457019e-01 1.583155350365544334e-01 -3.251001352968541980e+00 -3.251001352968541980e+00 -3.251001352968541980e+00 4.183852882966566239e-03 4.183852882966557565e-03 3.480592868320623538e-03 -2.634990488247025642e+00 5.114928430846403182e-03
-6.250000000000000000e+00 -6.250000000000000000e+00 -6.250000000000000000e+00 1.872456867742806341e-01 1.872456867742806341e-01 1.773606324974824622e-01 -3.125962839392828929e+00 -3.125962839392828929e+00 -3.125962839392828929e+00 4.502356575859535297e-03 4.502356575859530960e-03 3.727039294344693717e-03 -2.509951974671312591e+00 5.536102341038049574e-03
-6.000000000000000000e+00 -6.000000000000000000e+00 -6.000000000000000000e+00 2.096646606784740574e-01 2.096646606784739464e-01 1.992185863451385874e-01 -3.000924325817115879e+00 -3.000924325817115879e+00 -3.000924325817115879e+00 4.855372846531309620e-03 4.855372846531301814e-03 3.998133558418396662e-03 -2.384913461095599541e+00 6.006843939721522377e-03
-5.750000000000000000e+00 -5.750000000000000000e+00 -5.750000000000000000e+00 2.361368970487580099e-01 2.361368970487579544e-01 2.255346680116070424e-01 -2.875885812241402384e+00 -2.875885812241402384e+00 -2.875885812241402384e+00 5.247863275671203927e-03 5.247863275671192651e-03 4.297130612071082753e-03 -2.259874947519886046e+00 6.534882394631906684e-03
-5.500000000000000000e+00 -5.500000000000000000e+00 -5.500000000000000000e+00 2.669232035077805931e-01 2.669232035077806486e-01 2.560661232912709862e-01 -2.750847298665689333e+00 -2.750847298665689333e+00 -2.750847298665689333e+00 5.685678084402665845e-03 5.685678084402653702e-03 4.627822018026759091e-03 -2.134836433944172995e+00 7.129452748110519378e-03
-5.250000000000000000e+00 -5.250000000000000000e+00 -5.250000000000000000e+00 3.037771554770826721e-01 3.037771554770827276e-01 2.932347331572698335e-01 -2.625808785089976283e+00 -2.625808785089976283e+00 -2.625808785089976283e+00 6.175750457027970840e-03 6.175750457027963901e-03 4.994634650566324302e-03 -2.009797920368459945e+00 7.801638536962318855e-03
-5.000000000000000000e+00 -5.000000000000000000e+00 -5.000000000000000000e+00 3.472245786597095707e-01 3.472245786597097927e-01 3.369161489160503731e-01 -2.500770271514262788e+00 -2.500770271514262788e+00 -2.500770271514262788e+00 6.726331120886120014e-03 6.726331120886111341e-03 5.402763145190813895e-03 -1.884759406792746450e+00 8.564819045633383782e-03
-4.750000000000000000e+00 -4.750000000000000000e+00 -4.750000000000000000e+00 4.001052875837604050e-01 4.001052875837601830e-01 3.908308357044631975e-01 -2.375731757938550182e+00 -2.375731757938550182e+00 -2.375731757938550182e+00 7.347291389689352553e-03 7.347291389689349084e-03 5.858319744611769665e-03 -1.759720893217033844e+00 9.435223240028609362e-03
-4.500000000000000000e+00 -4.500000000000000000e+00 -4.500000000000000000e+00 4.634944253939551340e-01 4.634944253939553560e-01 4.551889482883492155e-01 -2.250693244362836687e+00 -2.250693244362836687e+00 -2.250693244362836687e+00 8.050496078462350200e-03 8.050496078462348465e-03 6.368533042250727229e-03 -1.634682379641320349e+00 1.043265285065373034e-02
-4.250000000000000000e+00 -4.250000000000000000e+00 -4.250000000000000000e+00 5.422336711859949698e-01 5.422336711859947478e-01 5.360109343591278330e-01 -2.125654730787123636e+00 -2.125654730787123636e+00 -2.125654730787123636e+00 8.850287270147820864e-03 8.850287270147819130e-03 6.941979234287714261e-03 -1.509643866065607298e+00 1.158139018035618355e-02
-4.000000000000000000e+00 -4.000000000000000000e+00 -4.000000000000000000e+00 6.385900629245423454e-01 6.385900629245425675e-01 6.343668405595956905e-01 -2.000616217211410586e+00 -2.000616217211410586e+00 -2.000616217211410586e+00 9.764091140036269822e-03 9.764091140036261149e-03 7.588887350194795794e-03 -1.384605352489894248e+00 1.291138081702449328e-02
-3.750000000000000000e+00 -3.750000000000000000e+00 -3.750000000000000000e+00 7.613502680855260829e-01 7.613502680855266380e-01 7.606429968874349745e-01 -1.875577703635697313e+00 -1.875577703635697313e+00 -1.875577703635697313e+00 1.081321200200943342e-02 1.081321200200942127e-02 8.321504917289584968e-03 -1.259566838914180753e+00 1.445972607915356131e-02
-3.500000000000000000e+00 -3.500000000000000000e+00 -3.500000000000000000e+00 9.155219668378508091e-01 9.155219668378513642e-01 9.181045708419305340e-01 -1.750539190059984263e+00 -1.750539190059984263e+00 -1.750539190059984263e+00 1.202385059784922064e-02 1.202385059784921370e-02 9.154583203931233870e-03 -1.134528325338467702e+00 1.627260662509655287e-02
-3.250000000000000000e+00 -3.250000000000000000e+00 -3.250000000000000000e+00 1.118314718339092240e+00 1.118314718339092240e+00 1.126156275262621076e+00 -1.625500676484270990e+00 -1.625500676484270990e+00 -1.625500676484270990e+00 1.342845920926862523e-02 1.342845920926861829e-02 1.010598099991247452e-02 -1.009489811762754652e+00 1.840767583493945966e-02
-3.000000000000000000e+00 -3.000000000000000000e+00 -3.000000000000000000e+00 1.381510618309350846e+00 1.381510618309351068e+00 1.393882698106361007e+00 -1.500462162908557939e+00 -1.500462162908557939e+00 -1.500462162908557939e+00 1.506753587233513811e-02 1.506753587233513290e-02 1.119748568117113520e-02 -8.844512981870414903e-01 2.093702407213039740e-02
-2.750000000000000000e+00 -2.750000000000000000e+00 -2.750000000000000000e+00 1.742128431947509881e+00 1.742128431947509437e+00 1.761343508413940606e+00 -1.375423649332844667e+00 -1.375423649332844667e+00 -1.375423649332844667e+00 1.699209648104589576e-02 1.699209648104588535e-02 1.245589969382688254e-02 -7.594127846113282176e-01 2.395060266472802749e-02
-2.500000000000000000e+00 -2.500000000000000000e+00 -2.500000000000000000e+00 2.230272838344537156e+00 2.230272838344537156e+00 2.254176282352688965e+00 -1.250385135757131394e+00 -1.250385135757131394e+00 -1.250385135757131394e+00 1.926714025593529583e-02 1.926714025593528196e-02 1.391461112719502222e-02 -6.343742710356149450e-01 2.755980851130403197e-02
-2.250000000000000000e+00 -2.250000000000000000e+00 -2.250000000000000000e+00 2.935417700887186232e+00 2.935417700887188897e+00 2.966134414074292458e+00 -1.125346622181418343e+00 -1.125346622181418343e+00 -1.125346622181418343e+00 2.197679012496124226e-02 2.197679012496123185e-02 1.561590991563872183e-02 -5.093357574599018944e-01 3.190002409484115481e-02
-2.000000000000000000e+00 -2.000000000000000000e+00 -2.000000000000000000e+00 3.943202921237708658e+00 3.943202921237708658e+00 3.974975563526443434e+00 -1.000308108605705293e+00 -1.000308108605705293e+00 -1.000308108605705293e+00 2.523234679363758198e-02 2.523234679363758545e-02 1.761477980074158817e-02 -3.842972438841888438e-01 3.712909397995040051e-02
-1.750000000000000000e+00 -1.750000000000000000e+00 -1.750000000000000000e+00 5.504611999118735000e+00 5.504611999118735000e+00 5.538029722932456878e+00 -8.752695950299921313e-01 -8.752695950299921313e-01 -8.752695950299921313e-01 2.918603842759190381e-02 2.918603842759189340e-02 1.998564653429446905e-02 -2.592587303084756822e-01 4.341349573553240221e-02
-1.500000000000000000e+00 -1.500000000000000000e+00 -1.500000000000000000e+00 7.900996889530699896e+00 7.900996889530707001e+00 7.922072630788588476e+00 -7.502310814542789696e-01 -7.502310814542789696e-01 -7.502310814542789696e-01 3.405546679852079067e-02 3.405546679852078373e-02 2.283622251339951711e-02 -1.342202167327625206e-01 5.088030664066002517e-02
-1.250000000000000000e+00 -1.250000000000000000e+00 -1.250000000000000000e+00 1.199515126496201134e+01 1.199515126496201489e+01 1.200099499770103861e+01 -6.251925678785656970e-01 -6.251925678785656970e-01 -6.251925678785656970e-01 4.015916430543069182e-02 4.015916430543066407e-02 2.633912826620922465e-02 -9.181703157049247999e-03 5.947583300361402453e-02
-1.000000000000000000e+00 -1.000000000000000000e+00 -1.000000000000000000e+00 1.892874074011542618e+01 1.892874074011542618e+01 1.888895918598674939e+01 -5.001540543028526464e-01 -5.001540543028526464e-01 -5.001540543028526464e-01 4.790925806901372846e-02 4.790925806901372153e-02 3.080322514683668522e-02 1.158568104186638026e-01 6.861256348928040927e-02
-7.500000000000000000e-01 -7.500000000000000000e-01 -7.500000000000000000e-01 3.281524438620515838e+01 3.281524438620516548e+01 3.272685949854940191e+01 -3.751155407271394848e-01 -3.751155407271394848e-01 -3.751155407271394848e-01 5.753867316098717349e-02 5.753867316098718737e-02 3.678724896071742384e-02 2.408953239943769642e-01 7.658621652850361450e-02
-5.000000000000000000e-01 -5.000000000000000000e-01 -5.000000000000000000e-01 6.047074687082995581e+01 6.047074687082992739e+01 6.027826045809690925e+01 -2.500770271514263232e-01 -2.500770271514263232e-01 -2.500770271514263232e-01 6.826629379518608931e-02 6.826629379518603380e-02 4.508067769764870919e-02 3.659338375700901258e-01 8.042750818171903737e-02
-2.500000000000000000e-01 -2.500000000000000000e-01 -2.500000000000000000e-01 1.463475177152059814e+02 1.463475177152059814e+02 1.461012843693839613e+02 -1.250385135757131616e-01 -1.250385135757131616e-01 -1.250385135757131616e-01 7.738343331574878969e-02 7.738343331574885908e-02 5.603590748634550839e-02 4.909723511458032874e-01 7.748266273412285354e-02
0.000000000000000000e+00 0.000000000000000000e+00 0.000000000000000000e+00 3.816417830730528635e+02 3.816417830730528067e+02 3.812670606302123701e+02 0.000000000000000000e+00 0.000000000000000000e+00 0.000000000000000000e+00 8.106009423809577841e-02 8.106009423809580616e-02 6.812395070410505460e-02 6.160108647215164490e-01 6.812395070410505460e-02
2.500000000000000000e-01 2.500000000000000000e-01 2.500000000000000000e-01 1.463475177152060667e+02 1.463475177152060382e+02 1.461012843693840750e+02 1.250385135757131616e-01 1.250385135757131616e-01 1.250385135757131616e-01 7.738343331574877582e-02 7.738343331574883133e-02 7.748266273412285354e-02 7.410493782972296106e-01 5.603590748634550839e-02
5.000000000000000000e-01 5.000000000000000000e-01 5.000000000000000000e-01 6.047074687083006950e+01 6.047074687083004108e+01 6.027826045809704425e+01 2.500770271514263232e-01 2.500770271514263232e-01 2.500770271514263232e-01 6.826629379518604768e-02 6.826629379518599217e-02 8.042750818171903737e-02 8.660878918729427722e-01 4.508067769764870919e-02
7.500000000000000000e-01 7.500000000000000000e-01 7.500000000000000000e-01 3.281524438620515838e+01 3.281524438620516548e+01 3.272685949854940191e+01 3.751155407271394848e-01 3.751155407271394848e-01 3.751155407271394848e-01 5.753867316098716655e-02 5.753867316098718043e-02 7.658621652850361450e-02 9.911264054486559338e-01 3.678724896071742384e-02
1.000000000000000000e+00 1.000000000000000000e+00 1.000000000000000000e+00 1.892874074011549368e+01 1.892874074011548657e+01 1.888895918598681334e+01 5.001540543028526464e-01 5.001540543028526464e-01 5.001540543028526464e-01 4.790925806901365908e-02 4.790925806901367989e-02 6.861256348928040927e-02 1.116164919024368984e+00 3.080322514683668522e-02
1.250000000000000000e+00 1.250000000000000000e+00 1.250000000000000000e+00 1.199515126496205397e+01 1.199515126496205397e+01 1.200099499770108302e+01 6.251925678785656970e-01 6.251925678785656970e-01 6.251925678785656970e-01 4.015916430543063631e-02 4.015916430543062243e-02 5.947583300361402453e-02 1.241203432600082035e+00 2.633912826620922465e-02
1.500000000000000000e+00 1.500000000000000000e+00 1.500000000000000000e+00 7.900996889530699896e+00 7.900996889530707001e+00 7.922072630788592029e+00 7.502310814542789696e-01 7.502310814542789696e-01 7.502310814542789696e-01 3.405546679852078373e-02 3.405546679852076986e-02 5.088030664066002517e-02 1.366241946175795530e+00 2.283622251339951711e-02
1.750000000000000000e+00 1.750000000000000000e+00 1.750000000000000000e+00 5.504611999118759869e+00 5.504611999118758980e+00 5.538029722932480858e+00 8.752695950299921313e-01 8.752695950299921313e-01 8.752695950299921313e-01 2.918603842759194544e-02 2.918603842759193850e-02 4.341349573553240221e-02 1.491280459751508580e+00 1.998564653429446905e-02
2.000000000000000000e+00 2.000000000000000000e+00 2.000000000000000000e+00 3.943202921237723313e+00 3.943202921237724645e+00 3.974975563526455424e+00 1.000308108605705293e+00 1.000308108605705293e+00 1.000308108605705293e+00 2.523234679363762709e-02 2.523234679363764096e-02 3.712909397995040051e-02 1.616318973327221631e+00 1.761477980074158817e-02
2.250000000000000000e+00 2.250000000000000000e+00 2.250000000000000000e+00 2.935417700887186232e+00 2.935417700887188897e+00 2.966134414074292014e+00 1.125346622181418343e+00 1.125346622181418343e+00 1.125346622181418343e+00 2.197679012496123879e-02 2.197679012496122838e-02 3.190002409484115481e-02 1.741357486902934681e+00 1.561590991563872183e-02
2.500000000000000000e+00 2.500000000000000000e+00 2.500000000000000000e+00 2.230272838344550035e+00 2.230272838344549147e+00 2.254176282352695182e+00 1.250385135757131394e+00 1.250385135757131394e+00 1.250385135757131394e+00 1.926714025593521951e-02 1.926714025593520216e-02 2.755980851130403197e-02 1.866396000478647732e+00 1.391461112719502222e-02
2.750000000000000000e+00 2.750000000000000000e+00 2.750000000000000000e+00 1.742128431947517209e+00 1.742128431947516543e+00 1.761343508413946379e+00 1.375423649332844667e+00 1.375423649332844667e+00 1.375423649332844667e+00 1.699209648104582290e-02 1.699209648104581596e-02 2.395060266472802749e-02 1.991434514054361227e+00 1.245589969382688254e-02
3.000000000000000000e+00 3.000000000000000000e+00 3.000000000000000000e+00 1.381510618309350846e+00 1.381510618309351068e+00 1.393882698106361007e+00 1.500462162908557939e+00 1.500462162908557939e+00 1.500462162908557939e+00 1.506753587233513637e-02 1.506753587233511209e-02 2.093702407213039740e-02 2.116473027630074277e+00 1.119748568117113520e-02
3.250000000000000000e+00 3.250000000000000000e+00 3.250000000000000000e+00 1.118314718339099789e+00 1.118314718339099789e+00 1.126156275262625517e+00 1.625500676484270990e+00 1.625500676484270990e+00 1.625500676484270990e+00 1.342845920926868941e-02 1.342845920926867900e-02 1.840767583493945966e-02 2.241511541205787328e+00 1.010598099991247452e-02
3.500000000000000000e+00 3.500000000000000000e+00 3.500000000000000000e+00 9.155219668378554720e-01 9.155219668378555831e-01 9.181045708419323104e-01 1.750539190059984263e+00 1.750539190059984263e+00 1.750539190059984263e+00 1.202385059784928309e-02 1.202385059784927789e-02 1.627260662509655287e-02 2.366550054781500823e+00 9.154583203931233870e-03
3.750000000000000000e+00 3.750000000000000000e+00 3.750000000000000000e+00 7.613502680855260829e-01 7.613502680855266380e-01 7.606429968874349745e-01 1.875577703635697313e+00 1.875577703635697313e+00 1.875577703635697313e+00 1.081321200200942821e-02 1.081321200200941607e-02 1.445972607915356131e-02 2.491588568357213873e+00 8.321504917289584968e-03
4.000000000000000000e+00 4.000000000000000000e+00 4.000000000000000000e+00 6.385900629245462312e-01 6.385900629245464533e-01 6.343668405595974669e-01 2.000616217211410586e+00 2.000616217211410586e+00 2.000616217211410586e+00 9.764091140036210842e-03 9.764091140036203903e-03 1.291138081702449328e-02 2.616627081932926924e+00 7.588887350194795794e-03
4.250000000000000000e+00 4.250000000000000000e+00 4.250000000000000000e+00 5.422336711859973013e-01 5.422336711859973013e-01 5.360109343591291653e-01 2.125654730787123636e+00 2.125654730787123636e+00 2.125654730787123636e+00 8.850287270147763619e-03 8.850287270147770557e-03 1.158139018035618355e-02 2.741665595508639974e+00 6.941979234287714261e-03
4.500000000000000000e+00 4.500000000000000000e+00 4.500000000000000000e+00 4.634944253939551340e-01 4.634944253939552450e-01 4.551889482883491600e-01 2.250693244362836687e+00 2.250693244362836687e+00 2.250693244362836687e+00 8.050496078462346730e-03 8.050496078462348465e-03 1.043265285065373034e-02 2.866704109084353025e+00 6.368533042250727229e-03
4.750000000000000000e+00 4.750000000000000000e+00 4.750000000000000000e+00 4.001052875837629030e-01 4.001052875837627365e-01 3.908308357044642523e-01 2.375731757938550182e+00 2.375731757938550182e+00 2.375731757938550182e+00 7.347291389689409799e-03 7.347291389689410666e-03 9.435223240028609362e-03 2.991742622660066520e+00 5.858319744611769665e-03
5.000000000000000000e+00 5.000000000000000000e+00 5.000000000000000000e+00 3.472245786597108475e-01 3.472245786597112360e-01 3.369161489160512613e-01 2.500770271514262788e+00 2.500770271514262788e+00 2.500770271514262788e+00 6.726331120886179862e-03 6.726331120886168587e-03 8.564819045633383782e-03 3.116781136235779126e+00 5.402763145190813895e-03
5.250000000000000000e+00 5.250000000000000000e+00 5.250000000000000000e+00 3.037771554770826721e-01 3.037771554770827276e-01 2.932347331572698890e-01 2.625808785089976283e+00 2.625808785089976283e+00 2.625808785089976283e+00 6.175750457027968238e-03 6.175750457027958697e-03 7.801638536962318855e-03 3.241819649811492621e+00 4.994634650566324302e-03
5.500000000000000000e+00 5.500000000000000000e+00 5.500000000000000000e+00 2.669232035077825360e-01 2.669232035077825360e-01 2.560661232912719298e-01 2.750847298665689333e+00 2.750847298665689333e+00 2.750847298665689333e+00 5.685678084402608599e-03 5.685678084402594722e-03 7.129452748110519378e-03 3.366858163387205671e+00 4.627822018026759091e-03
5.750000000000000000e+00 5.750000000000000000e+00 5.750000000000000000e+00 2.361368970487592034e-01 2.361368970487592034e-01 2.255346680116073477e-01 2.875885812241402384e+00 2.875885812241402384e+00 2.875885812241402384e+00 5.247863275671149283e-03 5.247863275671140609e-03 6.534882394631906684e-03 3.491896676962918722e+00 4.297130612071082753e-03
6.000000000000000000e+00 6.000000000000000000e+00 6.000000000000000000e+00 2.096646606784740574e-01 2.096646606784739464e-01 1.992185863451386707e-01 3.000924325817115879e+00 3.000924325817115879e+00 3.000924325817115879e+00 4.855372846531307018e-03 4.855372846531302682e-03 6.006843939721522377e-03 3.616935190538632217e+00 3.998133558418396662e-03
6.250000000000000000e+00 6.250000000000000000e+00 6.250000000000000000e+00 1.872456867742821884e-01 1.872456867742821052e-01 1.773606324974829063e-01 3.125962839392828929e+00 3.125962839392828929e+00 3.125962839392828929e+00 4.502356575859595145e-03 4.502356575859591675e-03 5.536102341038049574e-03 3.741973704114345267e+00 3.727039294344693717e-03
6.500000000000000000e+00 6.500000000000000000e+00 6.500000000000000000e+00 1.677499781478467011e-01 1.677499781478466456e-01 1.583155350365546832e-01 3.251001352968541980e+00 3.251001352968541980e+00 3.251001352968541980e+00 4.183852882966627822e-03 4.183852882966619148e-03 5.114928430846403182e-03 3.867012217690058318e+00 3.480592868320623538e-03
6.750000000000000000e+00 6.750000000000000000e+00 6.750000000000000000e+00 1.510490745177303085e-01 1.510490745177302530e-01 1.423538841816477940e-01 3.376039866544255474e+00 3.376039866544255474e+00 3.376039866544255474e+00 3.895638284083168760e-03 3.895638284083159219e-03 4.736817117007956213e-03 3.992050731265771812e+00 3.255985969855077627e-03
7.000000000000000000e+00 7.000000000000000000e+00 7.000000000000000000e+00 1.363884231022821913e-01 1.363884231022821913e-01 1.283173747369313056e-01 3.501078380119968525e+00 3.501078380119968525e+00 3.501078380119968525e+00 3.634100086382038158e-03 3.634100086382032087e-03 4.396271769337942517e-03 4.117089244841484863e+00 3.050791071577566970e-03
7.250000000000000000e+00 7.250000000000000000e+00 7.250000000000000000e+00 1.237072224721346980e-01 1.237072224721346425e-01 1.164671681508303025e-01 3.626116893695682020e+00 3.626116893695682020e+00 3.626116893695682020e+00 3.396138009091065942e-03 3.396138009091063774e-03 4.088622895876479861e-03 4.242127758417198358e+00 2.862899222620222516e-03
7.500000000000000000e+00 7.500000000000000000e+00 7.500000000000000000e+00 1.124863078078352924e-01 1.124863078078353062e-01 1.059628597479166240e-01 3.751155407271394626e+00 3.751155407271394626e+00 3.751155407271394626e+00 3.179079067796136780e-03 3.179079067796141984e-03 3.809889979335143693e-03 4.367166271992910964e+00 2.690475615667655210e-03
7.750000000000000000e+00 7.750000000000000000e+00 7.750000000000000000e+00 1.026998589947955842e-01 1.026998589947955565e-01 9.704220057965383395e-02 3.876193920847107677e+00 3.876193920847107677e+00 3.876193920847107677e+00 2.980612205022557630e-03 2.980612205022567171e-03 3.556662249119304977e-03 4.492204785568624459e+00 2.531915826306171090e-03
8.000000000000000000e+00 8.000000000000000000e+00 8.000000000000000000e+00 9.398148769175135309e-02 9.398148769175136696e-02 8.907954049832433885e-02 4.001232434422821171e+00 4.001232434422821171e+00 4.001232434422821171e+00 2.798730260426313902e-03 2.798730260426326479e-03 3.326008585229648252e-03 4.617243299144337954e+00 2.385815545074543558e-03
8.250000000000000000e+00 8.250000000000000000e+00 8.250000000000000000e+00 8.632338972062943150e-02 8.632338972062934823e-02 8.228548005475810889e-02 4.126270947998534666e+00 4.126270947998534666e+00 4.126270947998534666e+00 2.631685866718458215e-03 2.631685866718469925e-03 3.115397422391498299e-03 4.742281812720051448e+00 2.250939261088810706e-03
8.500000000000000000e+00 8.500000000000000000e+00 8.500000000000000000e+00 7.946133271173254353e-02 7.946133271173252965e-02 7.618378375347566178e-02 4.251309461574247273e+00 4.251309461574247273e+00 4.251309461574247273e+00 2.477951136238070676e-03 2.477951136238083253e-03 2.922637038536420647e-03 4.867320326295764055e+00 2.126199474965255985e-03
8.750000000000000000e+00 8.750000000000000000e+00 8.750000000000000000e+00 7.339654858417336836e-02 7.339654858417336836e-02 7.095855547209842240e-02 4.376347975149959879e+00 4.376347975149959879e+00 4.376347975149959879e+00 2.336187489212004226e-03 2.336187489212016369e-03 2.745820615417025445e-03 4.992358839871476661e+00 2.010633904111989653e-03
9.000000000000000000e+00 9.000000000000000000e+00 9.000000000000000000e+00 6.793489768909466431e-02 6.793489768909466431e-02 6.624021478942829222e-02 4.501386488725673374e+00 4.501386488725673374e+00 4.501386488725673374e+00 2.205217137549359257e-03 2.205217137549367497e-03 2.583286083370259223e-03 5.117397353447190156e+00 1.903391115167049445e-03
9.250000000000000000e+00 9.250000000000000000e+00 9.250000000000000000e+00 6.308184481678082156e-02 6.308184481678083544e-02 6.218874822925973822e-02 4.626425002301386868e+00 4.626425002301386868e+00 4.626425002301386868e+00 2.084002186958774146e-03 2.084002186958777616e-03 2.433577673748561852e-03 5.242435867022903651e+00 1.803713651736275816e-03
9.500000000000000000e+00 9.500000000000000000e+00 9.500000000000000000e+00 5.869243672376878163e-02 5.869243672376877469e-02 5.851244142806416582e-02 4.751463515877100363e+00 4.751463515877100363e+00 4.751463515877100363e+00 1.971624112516886379e-03 1.971624112516888981e-03 2.295418568392292025e-03 5.367474380598617145e+00 1.710928060985811251e-03
9.750000000000000000e+00 9.750000000000000000e+00 9.750000000000000000e+00 5.477380255172552281e-02 5.477380255172554363e-02 5.535005128341710656e-02 4.876502029452812970e+00 4.876502029452812970e+00 4.876502029452812970e+00 1.867269126058739362e-03 1.867269126058739579e-03 2.167683469970404717e-03 5.492512894174329752e+00 1.624432198134795119e-03
1.000000000000000000e+01 1.000000000000000000e+01 1.000000000000000000e+01 5.121619188343787266e-02 5.121619188343787266e-02 5.246785552634918026e-02 5.001540543028525576e+00 5.001540543028525576e+00 5.001540543028525576e+00 1.770213155442977582e-03 1.770213155442979533e-03 2.049379770811775997e-03 5.617551407750042358e+00 1.543688291284808865e-03
1.025000000000000000e+01 1.025000000000000000e+01 1.025000000000000000e+01 4.802704555625931376e-02 4.802704555625927213e-02 4.998623798028623694e-02 5.126579056604239071e+00 5.126579056604239071e+00 5.126579056604239071e+00 1.679811503430134840e-03 1.679811503430139394e-03 1.939627618670342144e-03 5.742589921325755853e+00 1.468213234454719641e-03
1.050000000000000000e+01 1.050000000000000000e+01 1.050000000000000000e+01 4.512224955143274291e-02 4.512224955143273597e-02 4.771544102942383569e-02 5.251617570179952565e+00 5.251617570179952565e+00 5.251617570179952565e+00 1.595487677377227693e-03 1.595487677377234416e-03 1.837646837940843519e-03 5.867628434901469348e+00 1.397573772416465252e-03
1.075000000000000000e+01 1.075000000000000000e+01 1.075000000000000000e+01 4.250887207854361222e-02 4.250887207854360528e-02 4.576008076979040662e-02 5.376656083755666060e+00 5.376656083755666060e+00 5.376656083755666060e+00 1.516726025259689664e-03 1.516726025259698988e-03 1.742742183480584274e-03 5.992666948477182842e+00 1.331378962753036179e-03
1.100000000000000000e+01 1.100000000000000000e+01 1.100000000000000000e+01 4.012175843116688734e-02 4.012175843116690815e-02 4.396426534057679830e-02 5.501694597331378667e+00 5.501694597331378667e+00 5.501694597331378667e+00 1.443063300101777267e-03 1.443063300101786158e-03 1.654294198410185797e-03 6.117705462052895449e+00 1.269276851959873914e-03
1.125000000000000000e+01 1.125000000000000000e+01 1.125000000000000000e+01 3.796728816864181760e-02 3.796728816864183842e-02 4.241912713782133165e-02 5.626733110907092161e+00 5.626733110907092161e+00 5.626733110907092161e+00 1.374083385512501598e-03 1.374083385512508103e-03 1.571748118707969434e-03 6.242743975628608943e+00 1.210948533905441228e-03
1.150000000000000000e+01 1.150000000000000000e+01 1.150000000000000000e+01 3.599452123331441100e-02 3.599452123331444570e-02 4.099523907059300643e-02 5.751771624482804768e+00 5.751771624482804768e+00 5.751771624482804768e+00 1.309410830720936052e-03 1.309410830720941256e-03 1.494607457723383728e-03 6.367782489204321550e+00 1.156105882116069579e-03
1.175000000000000000e+01 1.175000000000000000e+01 1.175000000000000000e+01 3.420903394130754560e-02 3.420903394130755948e-02 3.977221067979281460e-02 5.876810138058518262e+00 5.876810138058518262e+00 5.876810138058518262e+00 1.248707058184002914e-03 1.248707058184012455e-03 1.422425520669749017e-03 6.492821002780035045e+00 1.104486799412318252e-03
1.200000000000000000e+01 1.200000000000000000e+01 1.200000000000000000e+01 3.257067468585840564e-02 3.257067468585839870e-02 3.864156818472622851e-02 6.001848651634231757e+00 6.001848651634231757e+00 6.001848651634231757e+00 1.191665338447953429e-03 1.191665338447965572e-03 1.354800898185813023e-03 6.617859516355748539e+00 1.055853702294698567e-03
1.225000000000000000e+01 1.225000000000000000e+01 1.225000000000000000e+01 3.108420963817268290e-02 3.108420963817267943e-02 3.767306279505364813e-02 6.126887165209944364e+00 6.126887165209944364e+00 6.126887165209944364e+00 1.138008058939430842e-03 1.138008058939447755e-03 1.291370875091217172e-03 6.742898029931461146e+00 1.009989671411568035e-03
1.250000000000000000e+01 1.250000000000000000e+01 1.250000000000000000e+01 2.971776535269845393e-02 2.971776535269846434e-02 3.677500969422502902e-02 6.251925678785657858e+00 6.251925678785657858e+00 6.251925678785657858e+00 1.087482764978920345e-03 1.087482764978936608e-03 1.231808273064183929e-03 6.867936543507174640e+00 9.666974735328324976e-04
1.275000000000000000e+01 1.275000000000000000e+01 1.275000000000000000e+01 2.847534576303011392e-02 2.847534576303011392e-02 3.600870658150154974e-02 6.376964192361371353e+00 6.376964192361371353e+00 6.376964192361371353e+00 1.039860194726487629e-03 1.039860194726499988e-03 1.175816254436357934e-03 6.992975057082888135e+00 9.257964022993783780e-04
1.300000000000000000e+01 1.300000000000000000e+01 1.300000000000000000e+01 2.733149201764806593e-02 2.733149201764805553e-02 3.529606934606625834e-02 6.502002705937083959e+00 6.502002705937083959e+00 6.502002705937083959e+00 9.949311198886978246e-04 9.949311198887084498e-04 1.123126125843679126e-03 7.118013570658600742e+00 8.871216851515715922e-04
1.325000000000000000e+01 1.325000000000000000e+01 1.325000000000000000e+01 2.628951877951015564e-02 2.628951877951015564e-02 3.469112483972371791e-02 6.627041219512798342e+00 6.627041219512798342e+00 6.627041219512798342e+00 9.525049377694420286e-04 9.525049377694523286e-04 1.073493183968118750e-03 7.243052084234315124e+00 8.505218598831950543e-04
1.350000000000000000e+01 1.350000000000000000e+01 1.350000000000000000e+01 2.532898170151100942e-02 2.532898170151099207e-02 3.412691919822700981e-02 6.752079733088510949e+00 6.752079733088510949e+00 6.752079733088510949e+00 9.124071193346859664e-04 9.124071193346937727e-04 1.026695208058832093e-03 7.368090597810027731e+00 8.158584570637985190e-04
1.375000000000000000e+01 1.375000000000000000e+01 1.375000000000000000e+01 2.445258767776697928e-02 2.445258767776698622e-02 3.365120358472510620e-02 6.877118246664223555e+00 6.877118246664223555e+00 6.877118246664223555e+00 8.744782087496469477e-04 8.744782087496487909e-04 9.825290945889545054e-04 7.493129111385740337e+00 7.830037977752622985e-04
1.400000000000000000e+01 1.400000000000000000e+01 1.400000000000000000e+01 2.364384346285901273e-02 2.364384346285902314e-02 3.320621900220430134e-02 7.002156760239937050e+00 7.002156760239937050e+00 7.002156760239937050e+00 8.385717383469725155e-04 8.385717383469664440e-04 9.408098459098127074e-04 7.618167624961453832e+00 7.518408724705582949e-04
1.425000000000000000e+01 1.425000000000000000e+01 1.425000000000000000e+01 2.290492929415072210e-02 2.290492929415073597e-02 3.283427897352111241e-02 7.127195273815649657e+00 7.127195273815649657e+00 7.127195273815649657e+00 8.045535275689033377e-04 8.045535275688887010e-04 9.013678102190564832e-04 7.743206138537166439e+00 7.222614739142585059e-04
1.450000000000000000e+01 1.450000000000000000e+01 1.450000000000000000e+01 2.222248726499894550e-02 2.222248726499893856e-02 3.248528788782196336e-02 7.252233787391364039e+00 7.252233787391364039e+00 7.252233787391364039e+00 7.722999611292592423e-04 7.722999611292417866e-04 8.640480285285540496e-04 7.868244652112880821e+00 6.941662150216297003e-04
1.475000000000000000e+01 1.475000000000000000e+01 1.475000000000000000e+01 2.159824712237887190e-02 2.159824712237888231e-02 3.219682849251850193e-02 7.377272300967076646e+00 7.377272300967076646e+00 7.377272300967076646e+00 7.416975086155322156e-04 7.416975086155150852e-04 8.287079451244521496e-04 7.993283165688593428e+00 6.674629318333911163e-04
1.500000000000000000e+01 1.500000000000000000e+01 1.500000000000000000e+01 2.102135477370308675e-02 2.102135477370308675e-02 3.192524551108303493e-02 7.502310814542789252e+00 7.502310814542789252e+00 7.502310814542789252e+00 7.126412884548348568e-04 7.126412884548205453e-04 7.952170134459874600e-04 8.118321679264305146e+00 6.420667983560019148e-04
1.525000000000000000e+01 1.525000000000000000e+01 1.525000000000000000e+01 2.049315863431161455e-02 2.049315863431160067e-02 3.170398836492128308e-02 7.627349328118502747e+00 7.627349328118502747e+00 7.627349328118502747e+00 6.850347503545119784e-04 6.850347503545025458e-04 7.634547769118596059e-04 8.243360192840018641e+00 6.178989496774844100e-04
1.550000000000000000e+01 1.550000000000000000e+01 1.550000000000000000e+01 2.000481542403691540e-02 2.000481542403691887e-02 3.149485713336125370e-02 7.752387841694215354e+00 7.752387841694215354e+00 7.752387841694215354e+00 6.587884667400791981e-04 6.587884667400735602e-04 7.333106614515708544e-04 8.368398706415732136e+00 5.948866630071202163e-04
1.575000000000000000e+01 1.575000000000000000e+01 1.575000000000000000e+01 1.955735371642718101e-02 1.955735371642719142e-02 3.132767405607093936e-02 7.877426355269929736e+00 7.877426355269929736e+00 7.877426355269929736e+00 6.338199352746901440e-04 6.338199352746862409e-04 7.046823515310389648e-04 8.493437219991445630e+00 5.729621623731453051e-04
1.600000000000000000e+01 1.600000000000000000e+01 1.600000000000000000e+01 1.914355321660488052e-02 1.914355321660489440e-02 3.116889520935098301e-02 8.002464868845642343e+00 8.002464868845642343e+00 8.002464868845642343e+00 6.100525533819042443e-04 6.100525533819015338e-04 6.774757164400204562e-04 8.618475733567159125e+00 5.520628431944715753e-04
1.625000000000000000e+01 1.625000000000000000e+01 1.625000000000000000e+01 1.876417657726802551e-02 1.876417657726803245e-02 3.104514548139351848e-02 8.127503382421354061e+00 8.127503382421354061e+00 8.127503382421354061e+00 5.874155090225096753e-04 5.874155090225088079e-04 6.516034245028095879e-04 8.743514247142870843e+00 5.321302284981346007e-04
1.650000000000000000e+01 1.650000000000000000e+01 1.650000000000000000e+01 1.841331924530435066e-02 1.841331924530434719e-02 3.092688367686159678e-02 8.252541895997069332e+00 8.252541895997069332e+00 8.252541895997069332e+00 5.658429042233692431e-04 5.658429042233697852e-04 6.269849641566521128e-04 8.868552760718586114e+00 5.131102203230365061e-04
1.675000000000000000e+01 1.675000000000000000e+01 1.675000000000000000e+01 1.809152479327613347e-02 1.809152479327613694e-02 3.083790322745648058e-02 8.377580409572781051e+00 8.377580409572781051e+00 8.377580409572781051e+00 5.452737103012362131e-04 5.452737103012377309e-04 6.035454526802216859e-04 8.993591274294297833e+00 4.949521838349083425e-04
1.700000000000000000e+01 1.700000000000000000e+01 1.700000000000000000e+01 1.779395943492865367e-02 1.779395943492865367e-02 3.075212840049880089e-02 8.502618923148494545e+00 8.502618923148494545e+00 8.502618923148494545e+00 5.256510140167566401e-04 5.256510140167584832e-04 5.812157232021262750e-04 9.118629787870011327e+00 4.776092132778355921e-04
1.725000000000000000e+01 1.725000000000000000e+01 1.725000000000000000e+01 1.752098808535007893e-02 1.752098808535007893e-02 3.069083334417443618e-02 8.627657436724208040e+00 8.627657436724208040e+00 8.627657436724208040e+00 5.069220193513502030e-04 5.069220193513528051e-04 5.599312941939669878e-04 9.243668301445724822e+00 4.610373253052436502e-04
1.750000000000000000e+01 1.750000000000000000e+01 1.750000000000000000e+01 1.726865125128885028e-02 1.726865125128884335e-02 3.063096341292614877e-02 8.752695950299919758e+00 8.752695950299919758e+00 8.752695950299919758e+00 4.890373957142758006e-04 4.890373957142793784e-04 5.396325009322315265e-04 9.368706815021436540e+00 4.451957304997217570e-04
1.775000000000000000e+01 1.775000000000000000e+01 1.775000000000000000e+01 1.703716990877954598e-02 1.703716990877955639e-02 3.059154035120242518e-02 8.877734463875635029e+00 8.877734463875635029e+00 8.877734463875635029e+00 4.719513127875020844e-04 4.719513127875081559e-04 5.202635994447602982e-04 9.493745328597151811e+00 4.300461210854396982e-04
1.800000000000000000e+01 1.800000000000000000e+01 1.800000000000000000e+01 1.682330044646593650e-02 1.682330044646593303e-02 3.055216120849363684e-02 9.002772977451346748e+00 9.002772977451346748e+00 9.002772977451346748e+00 4.556208746473584511e-04 4.556208746473670163e-04 5.017729263833202533e-04 9.618783842172863530e+00 4.155529415526324323e-04
1.825000000000000000e+01 1.825000000000000000e+01 1.825000000000000000e+01 1.662714961434428804e-02 1.662714961434429151e-02 3.052982387455050600e-02 9.127811491027060242e+00 9.127811491027060242e+00 9.127811491027060242e+00 4.400061775123670577e-04 4.400061775123764903e-04 4.841121167573947978e-04 9.743822355748577024e+00 4.016827589720839051e-04
1.850000000000000000e+01 1.850000000000000000e+01 1.850000000000000000e+01 1.644606135751598003e-02 1.644606135751598697e-02 3.050646870295205260e-02 9.252850004602773737e+00 9.252850004602773737e+00 9.252850004602773737e+00 4.250698170707753291e-04 4.250698170707820512e-04 4.672362802000680601e-04 9.868860869324290519e+00 3.884045282327078089e-04
1.875000000000000000e+01 1.875000000000000000e+01 1.875000000000000000e+01 1.628005355733058018e-02 1.628005355733057324e-02 3.049726570556205579e-02 9.377888518178485455e+00 9.377888518178485455e+00 9.377888518178485455e+00 4.107769615017305143e-04 4.107769615017322490e-04 4.511033161533237971e-04 9.993899382900002237e+00 3.756890356808414337e-04
1.900000000000000000e+01 1.900000000000000000e+01 1.900000000000000000e+01 1.612695333482061164e-02 1.612695333482061164e-02 3.048624015385222388e-02 9.502927031754200726e+00 9.502927031754200726e+00 9.502927031754200726e+00 3.970949220014038982e-04 3.970949220014035187e-04 4.356740975124431510e-04 1.011893789647571751e+01 3.635091561079318440e-04
1.925000000000000000e+01 1.925000000000000000e+01 1.925000000000000000e+01 1.598671129003861879e-02 1.598671129003862226e-02 3.048690235572368984e-02 9.627965545329912445e+00 9.627965545329912445e+00 9.627965545329912445e+00 3.839932354277412747e-04 3.839932354277437142e-04 4.209118702901284243e-04 1.024397641005142923e+01 3.518393625905839178e-04
1.950000000000000000e+01 1.950000000000000000e+01 1.950000000000000000e+01 1.585755252566738854e-02 1.585755252566738507e-02 3.048514541524451754e-02 9.753004058905625939e+00 9.753004058905625939e+00 9.753004058905625939e+00 3.714432902033483323e-04 3.714432902033565722e-04 4.067824378818346966e-04 1.036901492362714272e+01 3.406559738369294827e-04
1.975000000000000000e+01 1.975000000000000000e+01 1.975000000000000000e+01 1.573937869477697038e-02 1.573937869477697038e-02 3.049296426256381184e-02 9.878042572481339434e+00 9.878042572481339434e+00 9.878042572481339434e+00 3.594184145395314112e-04 3.594184145395440421e-04 3.932536348893543436e-04 1.049405343720285622e+01 3.299367251083547823e-04
2.000000000000000000e+01 2.000000000000000000e+01 2.000000000000000000e+01 1.563074316398829072e-02 1.563074316398828725e-02 3.049793712150856290e-02 1.000308108605705115e+01 1.000308108605705115e+01 1.000308108605705115e+01 3.478935517391763712e-04 3.478935517391886227e-04 3.802955069628920258e-04 1.061909195077856793e+01 3.196610060535058423e-04
2.025000000000000000e+01 2.025000000000000000e+01 2.025000000000000000e+01 1.553151417060772733e-02 1.553151417060773427e-02 3.051066730613124361e-02 1.012811959963276642e+01 1.012811959963276642e+01 1.012811959963276642e+01 3.368453513456920196e-04 3.368453513457028074e-04 3.678798506012605891e-04 1.074413046435428321e+01 3.098094896876413761e-04
2.050000000000000000e+01 2.050000000000000000e+01 2.050000000000000000e+01 1.544051619706591702e-02 1.544051619706592049e-02 3.052026427791077259e-02 1.025315811320847814e+01 1.025315811320847814e+01 1.025315811320847814e+01 3.262518895387147189e-04 3.262518895387238262e-04 3.559803848484148448e-04 1.086916897792999492e+01 3.003643626827960807e-04
2.075000000000000000e+01 2.075000000000000000e+01 2.075000000000000000e+01 1.535759718038917816e-02 1.535759718038918163e-02 3.053604565845999610e-02 1.037819662678419164e+01 1.037819662678419164e+01 1.037819662678419164e+01 3.160927618911932237e-04 3.160927618912020057e-04 3.445723506585590136e-04 1.099420749150570842e+01 2.913090118922499468e-04
2.100000000000000000e+01 2.100000000000000000e+01 2.100000000000000000e+01 1.528180585249679264e-02 1.528180585249678744e-02 3.054852264624750152e-02 1.050323514035990513e+01 1.050323514035990513e+01 1.050323514035990513e+01 3.063488462295237526e-04 3.063488462295334020e-04 3.336326717728632413e-04 1.111924600508142191e+01 2.826282516191974746e-04
2.125000000000000000e+01 2.125000000000000000e+01 2.125000000000000000e+01 1.521298088043030079e-02 1.521298088043030426e-02 3.056581751948146686e-02 1.062827365393561863e+01 1.062827365393561863e+01 1.062827365393561863e+01 2.970023971724564224e-04 2.970023971724660718e-04 3.231396087697499531e-04 1.124428451865713541e+01 2.743080705784211627e-04
2.150000000000000000e+01 2.150000000000000000e+01 2.150000000000000000e+01 1.515035685491385870e-02 1.515035685491385870e-02 3.057973451330998210e-02 1.075331216751133212e+01 1.075331216751133212e+01 1.075331216751133212e+01 2.880368507688967159e-04 2.880368507689038717e-04 3.130729073154329772e-04 1.136932303223284890e+01 2.663358645040044383e-04
2.175000000000000000e+01 2.175000000000000000e+01 2.175000000000000000e+01 1.509377239790621154e-02 1.509377239790621848e-02 3.059727721283017621e-02 1.087835068108704384e+01 1.087835068108704384e+01 1.087835068108704384e+01 2.794369229522061836e-04 2.794369229522088399e-04 3.034135034207182421e-04 1.149436154580856062e+01 2.587002513605317811e-04
2.200000000000000000e+01 2.200000000000000000e+01 2.200000000000000000e+01 1.504261661554206868e-02 1.504261661554205654e-02 3.061145210518219015e-02 1.100338919466275733e+01 1.100338919466275733e+01 1.100338919466275733e+01 2.711884579025398935e-04 2.711884579025366951e-04 2.941436580182638116e-04 1.161940005938427412e+01 2.513913233586978968e-04
2.225000000000000000e+01 2.225000000000000000e+01 2.225000000000000000e+01 1.499673573906877555e-02 1.499673573906877208e-02 3.062820858346504763e-02 1.112842770823847083e+01 1.112842770823847083e+01 1.112842770823847083e+01 2.632785355785252504e-04 2.632785355785156553e-04 2.852467112922723821e-04 1.174443857295998761e+01 2.444005448984559780e-04
2.250000000000000000e+01 2.250000000000000000e+01 2.250000000000000000e+01 1.495564796477920691e-02 1.495564796477920864e-02 3.064168019726715500e-02 1.125346622181418432e+01 1.125346622181418432e+01 1.125346622181418432e+01 2.556953699758294433e-04 2.556953699758151319e-04 2.767072031877971052e-04 1.186947708653570110e+01 2.377210448186274703e-04
2.275000000000000000e+01 2.275000000000000000e+01 2.275000000000000000e+01 1.491921341227698400e-02 1.491921341227698226e-02 3.065681577211299899e-02 1.137850473538989782e+01 1.137850473538989782e+01 1.137850473538989782e+01 2.484284364259273801e-04 2.484284364259100870e-04 2.685106758700173037e-04 1.199451560011141460e+01 2.313476163379022299e-04
2.300000000000000000e+01 2.300000000000000000e+01 2.300000000000000000e+01 1.488705897123958170e-02 1.488705897123957303e-02 3.066881446757403415e-02 1.150354324896560954e+01 1.150354324896560954e+01 1.150354324896560954e+01 2.414684343236908354e-04 2.414684343236720245e-04 2.606437794883450371e-04 1.211955411368712632e+01 2.252770682351728474e-04
2.325000000000000000e+01 2.325000000000000000e+01 2.325000000000000000e+01 1.485906371362735387e-02 1.485906371362734520e-02 3.068166832435295296e-02 1.162858176254132303e+01 1.162858176254132303e+01 1.162858176254132303e+01 2.348074611417735739e-04 2.348074611417557930e-04 2.530941100549717409e-04 1.224459262726283981e+01 2.195083401980216491e-04
2.350000000000000000e+01 2.350000000000000000e+01 2.350000000000000000e+01 1.483494715867511929e-02 1.483494715867511755e-02 3.069159292256647825e-02 1.175362027611703652e+01 1.175362027611703652e+01 1.175362027611703652e+01 2.284391420960136252e-04 2.284391420959993950e-04 2.458500957805870605e-04 1.236963114083855331e+01 2.140431820235615850e-04
2.375000000000000000e+01 2.375000000000000000e+01 2.375000000000000000e+01 1.481461130883333401e-02 1.481461130883333747e-02 3.070165828815937803e-02 1.187865878969275002e+01 1.187865878969275002e+01 1.187865878969275002e+01 2.223597053064345569e-04 2.223597053064253683e-04 2.388986515984939407e-04 1.249466965441426680e+01 2.088899371888262987e-04
2.400000000000000000e+01 2.400000000000000000e+01 2.400000000000000000e+01 1.479785604630686445e-02 1.479785604630687833e-02 3.070905834531476725e-02 1.200369730326846351e+01 1.200369730326846351e+01 1.200369730326846351e+01 2.165745047581892969e-04 2.165745047581853124e-04 2.322099417836609165e-04 1.261970816798998030e+01 2.040909867824353921e-04
2.425000000000000000e+01 2.425000000000000000e+01 2.425000000000000000e+01 1.478460929773440374e-02 1.478460929773441242e-02 3.071596751029598976e-02 1.212873581684417523e+01 1.212873581684417523e+01 1.212873581684417523e+01 2.111296852943334642e-04 2.111296852943334371e-04 2.256778477335167677e-04 1.274474668156569201e+01 1.998425868530080446e-04
2.450000000000000000e+01 2.450000000000000000e+01 2.450000000000000000e+01 1.477474243739694201e-02 1.477474243739694548e-02 3.072053021627232580e-02 1.225377433041988873e+01 1.225377433041988873e+01 1.225377433041988873e+01 2.062056087026773962e-04 2.062056087026758512e-04 2.190250517698044512e-04 1.286978519514140551e+01 1.967717972527981661e-04
2.475000000000000000e+01 2.475000000000000000e+01 2.475000000000000000e+01 1.476821140165630181e-02 1.476821140165629660e-02 3.072404379532735902e-02 1.237881284399560222e+01 1.237881284399560222e+01 1.237881284399560222e+01 2.022541557634351009e-04 2.022541557634278367e-04 2.119287659607048911e-04 1.299482370871711900e+01 1.960804092665332132e-04
2.500000000000000000e+01 2.500000000000000000e+01 2.500000000000000000e+01 1.476495329551018136e-02 1.476495329551017963e-02 3.072558496936871053e-02 1.250385135757131572e+01 1.250385135757131572e+01 1.250385135757131572e+01 1.999834981567869116e-04 1.999834981567752564e-04 2.047005568382282120e-04 1.311986222229283250e+01 1.988384715008611775e-04
