-2.500000000000000000e+01 -2.500000000000000000e+01 -2.500000000000000000e+01 5.868357093016249998e-02 5.868357093016244447e-02 9.655288394179359357e-02 -1.250385135757131572e+01 -1.250385135757131572e+01 -1.250385135757131572e+01 2.021184350868300539e-04 2.021184350868442299e-04 2.015921293661291952e-04 -1.172089580132224995e+01 2.090189782836906248e-04
-2.475000000000000000e+01 -2.475000000000000000e+01 -2.475000000000000000e+01 5.871532289821912443e-02 5.871532289821913136e-02 9.656289379770734149e-02 -1.237881284399560222e+01 -1.237881284399560222e+01 -1.237881284399560222e+01 2.043943658488832197e-04 2.043943658488984528e-04 1.974365198644249168e-04 -1.159585728774653646e+01 2.175556176329187402e-04
-2.450000000000000000e+01 -2.450000000000000000e+01 -2.450000000000000000e+01 5.877880164755409920e-02 5.877880164755412001e-02 9.658210747004022934e-02 -1.225377433041988873e+01 -1.225377433041988873e+01 -1.225377433041988873e+01 2.083590691509848805e-04 2.083590691510027698e-04 1.971510607186425807e-04 -1.147081877417082296e+01 2.255009899144096457e-04
-2.425000000000000000e+01 -2.425000000000000000e+01 -2.425000000000000000e+01 5.887433627005893982e-02 5.887433627005891901e-02 9.661232793892969573e-02 -1.212873581684417523e+01 -1.212873581684417523e+01 -1.212873581684417523e+01 2.133066032749640758e-04 2.133066032749819381e-04 1.996087815071703828e-04 -1.134578026059510947e+01 2.326568139209470010e-04
-2.400000000000000000e+01 -2.400000000000000000e+01 -2.400000000000000000e+01 5.900185055694329855e-02 5.900185055694332631e-02 9.665113227641490556e-02 -1.200369730326846351e+01 -1.200369730326846351e+01 -1.200369730326846351e+01 2.187848930040241322e-04 2.187848930040401242e-04 2.034411114314692824e-04 -1.122074174701939775e+01 2.395420086462217370e-04
-2.375000000000000000e+01 -2.375000000000000000e+01 -2.375000000000000000e+01 5.916200858626988190e-02 5.916200858626988190e-02 9.670214028959581154e-02 -1.187865878969275002e+01 -1.187865878969275002e+01 -1.187865878969275002e+01 2.246119899003762093e-04 2.246119899003892739e-04 2.079120565164681929e-04 -1.109570323344368425e+01 2.465469853647624891e-04
-2.350000000000000000e+01 -2.350000000000000000e+01 -2.350000000000000000e+01 5.935468117189263149e-02 5.935468117189261067e-02 9.676129764935545441e-02 -1.175362027611703652e+01 -1.175362027611703652e+01 -1.175362027611703652e+01 2.307400512955446652e-04 2.307400512955523088e-04 2.127822863573318186e-04 -1.097066471986797076e+01 2.538149245583010052e-04
-2.325000000000000000e+01 -2.325000000000000000e+01 -2.325000000000000000e+01 5.958087932516877711e-02 5.958087932516877017e-02 9.683406899821758729e-02 -1.162858176254132303e+01 -1.162858176254132303e+01 -1.162858176254132303e+01 2.371626396186005061e-04 2.371626396186025118e-04 2.179936281903198153e-04 -1.084562620629225727e+01 2.613839393937584881e-04
-2.300000000000000000e+01 -2.300000000000000000e+01 -2.300000000000000000e+01 5.984041759033639080e-02 5.984041759033641855e-02 9.691474413487134731e-02 -1.150354324896560954e+01 -1.150354324896560954e+01 -1.150354324896560954e+01 2.438827664259973543e-04 2.438827664259931530e-04 2.235295603894897566e-04 -1.072058769271654377e+01 2.692692804865950908e-04
-2.275000000000000000e+01 -2.275000000000000000e+01 -2.275000000000000000e+01 6.013467223561172470e-02 6.013467223561172470e-02 9.701067534861985975e-02 -1.137850473538989782e+01 -1.137850473538989782e+01 -1.137850473538989782e+01 2.509064756886511885e-04 2.509064756886429486e-04 2.293824613031775217e-04 -1.059554917914083205e+01 2.774836830247674139e-04
-2.250000000000000000e+01 -2.250000000000000000e+01 -2.250000000000000000e+01 6.046339685604792957e-02 6.046339685604792957e-02 9.711446170362433850e-02 -1.125346622181418432e+01 -1.125346622181418432e+01 -1.125346622181418432e+01 2.582413512028961747e-04 2.582413512028872301e-04 2.355490110255903705e-04 -1.047051066556511856e+01 2.860407567895169507e-04
-2.225000000000000000e+01 -2.225000000000000000e+01 -2.225000000000000000e+01 6.082835817868804257e-02 6.082835817868800787e-02 9.723540174176252548e-02 -1.112842770823847083e+01 -1.112842770823847083e+01 -1.112842770823847083e+01 2.658966719170530874e-04 2.658966719170444679e-04 2.420288620802738737e-04 -1.034547215198940506e+01 2.949548890950686136e-04
-2.200000000000000000e+01 -2.200000000000000000e+01 -2.200000000000000000e+01 6.122924271128060703e-02 6.122924271128061396e-02 9.736435791633703263e-02 -1.100338919466275733e+01 -1.100338919466275733e+01 -1.100338919466275733e+01 2.738828151625209034e-04 2.738828151625135308e-04 2.488245551037041340e-04 -1.022043363841369157e+01 3.042417611536012644e-04
-2.175000000000000000e+01 -2.175000000000000000e+01 -2.175000000000000000e+01 6.166824042136091755e-02 6.166824042136087591e-02 9.751265080122568929e-02 -1.087835068108704384e+01 -1.087835068108704384e+01 -1.087835068108704384e+01 2.822117003245773947e-04 2.822117003245699137e-04 2.559406477644159648e-04 -1.009539512483797807e+01 3.139178895899278005e-04
-2.150000000000000000e+01 -2.150000000000000000e+01 -2.150000000000000000e+01 6.214496304001604354e-02 6.214496304001607824e-02 9.766934851884322144e-02 -1.075331216751133212e+01 -1.075331216751133212e+01 -1.075331216751133212e+01 2.908961794958773777e-04 2.908961794958691378e-04 2.633839322191454738e-04 -9.970356611262266355e+00 3.240012366029759033e-04
-2.125000000000000000e+01 -2.125000000000000000e+01 -2.125000000000000000e+01 6.266206506713167812e-02 6.266206506713169200e-02 9.784788844804566399e-02 -1.062827365393561863e+01 -1.062827365393561863e+01 -1.062827365393561863e+01 2.999506412102706434e-04 2.999506412102620782e-04 2.711626483283112064e-04 -9.845318097686552861e+00 3.345106651184925027e-04
-2.100000000000000000e+01 -2.100000000000000000e+01 -2.100000000000000000e+01 6.321907410177940445e-02 6.321907410177941833e-02 9.803547375647883588e-02 -1.050323514035990513e+01 -1.050323514035990513e+01 -1.050323514035990513e+01 3.093903447516049669e-04 3.093903447515946670e-04 2.792869356830454848e-04 -9.720279584110839366e+00 3.454666646746311462e-04
-2.075000000000000000e+01 -2.075000000000000000e+01 -2.075000000000000000e+01 6.381916017857015844e-02 6.381916017857014456e-02 9.824777472669124490e-02 -1.037819662678419164e+01 -1.037819662678419164e+01 -1.037819662678419164e+01 3.192321640639732587e-04 3.192321640639612782e-04 2.877680661691593310e-04 -9.595241070535125871e+00 3.568907211791454885e-04
-2.050000000000000000e+01 -2.050000000000000000e+01 -2.050000000000000000e+01 6.446175560586475672e-02 6.446175560586472897e-02 9.847004472313729273e-02 -1.025315811320847814e+01 -1.025315811320847814e+01 -1.025315811320847814e+01 3.294938476743106658e-04 3.294938476742987395e-04 2.966190808362796465e-04 -9.470202556959412377e+00 3.688061632152987040e-04
-2.025000000000000000e+01 -2.025000000000000000e+01 -2.025000000000000000e+01 6.515060818998626158e-02 6.515060818998623382e-02 9.872032729546577345e-02 -1.012811959963276642e+01 -1.012811959963276642e+01 -1.012811959963276642e+01 3.401948969494306249e-04 3.401948969494193492e-04 3.058539951962726947e-04 -9.345164043383700658e+00 3.812374453998384669e-04
-2.000000000000000000e+01 -2.000000000000000000e+01 -2.000000000000000000e+01 6.588504182647059171e-02 6.588504182647060559e-02 9.898182531212437740e-02 -1.000308108605705115e+01 -1.000308108605705115e+01 -1.000308108605705115e+01 3.513557414816377805e-04 3.513557414816285106e-04 3.154885927078340379e-04 -9.220125529807985387e+00 3.942111208447411121e-04
-1.975000000000000000e+01 -1.975000000000000000e+01 -1.975000000000000000e+01 6.666945748362533564e-02 6.666945748362530788e-02 9.927512388671945465e-02 -9.878042572481339434e+00 -9.878042572481339434e+00 -9.878042572481339434e+00 3.629987522643497808e-04 3.629987522643433298e-04 3.255395743919543166e-04 -9.095087016232273669e+00 4.077550369545723113e-04
-1.950000000000000000e+01 -1.950000000000000000e+01 -1.950000000000000000e+01 6.750305537635779840e-02 6.750305537635777064e-02 9.958125688770458339e-02 -9.753004058905625939e+00 -9.753004058905625939e+00 -9.753004058905625939e+00 3.751473258759761517e-04 3.751473258759702970e-04 3.360254960145757624e-04 -8.970048502656560174e+00 4.218994414157105637e-04
-1.925000000000000000e+01 -1.925000000000000000e+01 -1.925000000000000000e+01 6.839098058428232096e-02 6.839098058428230709e-02 9.992355178051871845e-02 -9.627965545329912445e+00 -9.627965545329912445e+00 -9.627965545329912445e+00 3.878270369677089898e-04 3.878270369677027556e-04 3.469658445825385320e-04 -8.845009989080846680e+00 4.366760894345971433e-04
-1.900000000000000000e+01 -1.900000000000000000e+01 -1.900000000000000000e+01 6.933229202549609504e-02 6.933229202549608117e-02 1.002807347452088771e-01 -9.502927031754200726e+00 -9.502927031754200726e+00 -9.502927031754200726e+00 4.010646263485967075e-04 4.010646263485905276e-04 3.583821155941270694e-04 -8.719971475505134961e+00 4.521194925123244476e-04
-1.875000000000000000e+01 -1.875000000000000000e+01 -1.875000000000000000e+01 7.033298841291521497e-02 7.033298841291521497e-02 1.006791145303616991e-01 -9.377888518178485455e+00 -9.377888518178485455e+00 -9.377888518178485455e+00 4.148893000080108298e-04 4.148893000080034572e-04 3.702968050646302423e-04 -8.594932961929419690e+00 4.682659364693622780e-04
-1.850000000000000000e+01 -1.850000000000000000e+01 -1.850000000000000000e+01 7.139196718400979413e-02 7.139196718400979413e-02 1.010949479017455022e-01 -9.252850004602773737e+00 -9.252850004602773737e+00 -9.252850004602773737e+00 4.293316172243845309e-04 4.293316172243755863e-04 3.827346290037658195e-04 -8.469894448353707972e+00 4.851548844156137802e-04
-1.825000000000000000e+01 -1.825000000000000000e+01 -1.825000000000000000e+01 7.251621255914804387e-02 7.251621255914807163e-02 1.015578089794410693e-01 -9.127811491027060242e+00 -9.127811491027060242e+00 -9.127811491027060242e+00 4.444249458418532027e-04 4.444249458418432280e-04 3.957214229706039368e-04 -8.344855934777994477e+00 5.028279054548220840e-04
-1.800000000000000000e+01 -1.800000000000000000e+01 -1.800000000000000000e+01 7.370443751503354124e-02 7.370443751503347185e-02 1.020412969288322647e-01 -9.002772977451346748e+00 -9.002772977451346748e+00 -9.002772977451346748e+00 4.602042472348113187e-04 4.602042472348021030e-04 4.092855099294105551e-04 -8.219817421202280983e+00 5.213302457794883119e-04
-1.775000000000000000e+01 -1.775000000000000000e+01 -1.775000000000000000e+01 7.496477075870373874e-02 7.496477075870375262e-02 1.025785892080554040e-01 -8.877734463875635029e+00 -8.877734463875635029e+00 -8.877734463875635029e+00 4.767077000716576419e-04 4.767077000716515704e-04 4.234565012346286784e-04 -8.094778907626569264e+00 5.407096687752650961e-04
-1.750000000000000000e+01 -1.750000000000000000e+01 -1.750000000000000000e+01 7.629571480385459459e-02 7.629571480385460847e-02 1.031404086328716468e-01 -8.752695950299919758e+00 -8.752695950299919758e+00 -8.752695950299919758e+00 4.939753796105780109e-04 4.939753796105746499e-04 4.382668221859286955e-04 -7.969740394050853993e+00 5.610182111960211084e-04
-1.725000000000000000e+01 -1.725000000000000000e+01 -1.725000000000000000e+01 7.770673492891076728e-02 7.770673492891075340e-02 1.037639387249156692e-01 -8.627657436724208040e+00 -8.627657436724208040e+00 -8.627657436724208040e+00 5.120510649456207338e-04 5.120510649456188907e-04 4.537504095107822155e-04 -7.844701880475142275e+00 5.823109366065474732e-04
-1.700000000000000000e+01 -1.700000000000000000e+01 -1.700000000000000000e+01 7.919609395780112526e-02 7.919609395780118077e-02 1.044167717202052204e-01 -8.502618923148494545e+00 -8.502618923148494545e+00 -8.502618923148494545e+00 5.309808108568345999e-04 5.309808108568360094e-04 4.699444068484519808e-04 -7.719663366899428780e+00 6.046478973058738498e-04
-1.675000000000000000e+01 -1.675000000000000000e+01 -1.675000000000000000e+01 8.077482654278760055e-02 8.077482654278760055e-02 1.051405783220474011e-01 -8.377580409572781051e+00 -8.377580409572781051e+00 -8.377580409572781051e+00 5.508149567437659738e-04 5.508149567437694433e-04 4.868877546423280400e-04 -7.594624853323715286e+00 6.280928048101871520e-04
-1.650000000000000000e+01 -1.650000000000000000e+01 -1.650000000000000000e+01 8.244092322065751932e-02 8.244092322065757483e-02 1.058995245784839223e-01 -8.252541895997069332e+00 -8.252541895997069332e+00 -8.252541895997069332e+00 5.716065902580934896e-04 5.716065902580988022e-04 5.046230707867391512e-04 -7.469586339748003567e+00 6.527152228264088011e-04
-1.625000000000000000e+01 -1.625000000000000000e+01 -1.625000000000000000e+01 8.420727124936699948e-02 8.420727124936699948e-02 1.067403450572955437e-01 -8.127503382421354061e+00 -8.127503382421354061e+00 -8.127503382421354061e+00 5.934137799938051048e-04 5.934137799938138868e-04 5.231951296262301676e-04 -7.344547826172288296e+00 6.785891610008548507e-04
-1.600000000000000000e+01 -1.600000000000000000e+01 -1.600000000000000000e+01 8.607155287306507419e-02 8.607155287306506031e-02 1.076234355554297334e-01 -8.002464868845642343e+00 -8.002464868845642343e+00 -8.002464868845642343e+00 6.162979315601314683e-04 6.162979315601410093e-04 5.426529463636952213e-04 -7.219509312596576578e+00 7.057955301137526461e-04
-1.575000000000000000e+01 -1.575000000000000000e+01 -1.575000000000000000e+01 8.804885408572865613e-02 8.804885408572868388e-02 1.086012885078541518e-01 -7.877426355269929736e+00 -7.877426355269929736e+00 -7.877426355269929736e+00 6.403262708611678943e-04 6.403262708611783026e-04 5.630481427856712196e-04 -7.094470799020863971e+00 7.344206689044091357e-04
-1.550000000000000000e+01 -1.550000000000000000e+01 -1.550000000000000000e+01 9.013650957842318789e-02 9.013650957842322953e-02 1.096301284439824414e-01 -7.752387841694215354e+00 -7.752387841694215354e+00 -7.752387841694215354e+00 6.655700953315869025e-04 6.655700953315983950e-04 5.844372579975618334e-04 -6.969432285445149589e+00 7.645591001886784758e-04
-1.525000000000000000e+01 -1.525000000000000000e+01 -1.525000000000000000e+01 9.235222923181560239e-02 9.235222923181564403e-02 1.107690447311336368e-01 -7.627349328118502747e+00 -7.627349328118502747e+00 -7.627349328118502747e+00 6.921075406161365665e-04 6.921075406161474085e-04 6.068799997383892428e-04 -6.844393771869436982e+00 7.963120056444126463e-04
-1.500000000000000000e+01 -1.500000000000000000e+01 -1.500000000000000000e+01 9.469295814051688354e-02 9.469295814051693905e-02 1.119696224501557924e-01 -7.502310814542789252e+00 -7.502310814542789252e+00 -7.502310814542789252e+00 7.200217326728074576e-04 7.200217326728163480e-04 6.304418088400238519e-04 -6.719355258293723487e+00 8.297903313393272407e-04
-1.475000000000000000e+01 -1.475000000000000000e+01 -1.475000000000000000e+01 9.717955524759368247e-02 9.717955524759365471e-02 1.132985676600969660e-01 -7.377272300967076646e+00 -7.377272300967076646e+00 -7.377272300967076646e+00 7.494038782751364768e-04 7.494038782751434157e-04 6.551919967729762876e-04 -6.594316744718010881e+00 8.651132325286241048e-04
-1.450000000000000000e+01 -1.450000000000000000e+01 -1.450000000000000000e+01 9.980853221554525367e-02 9.980853221554522592e-02 1.147022783773899712e-01 -7.252233787391364039e+00 -7.252233787391364039e+00 -7.252233787391364039e+00 7.803513279796361630e-04 7.803513279796415840e-04 6.812065972396272838e-04 -6.469278231142298274e+00 9.024115899505053212e-04
-1.425000000000000000e+01 -1.425000000000000000e+01 -1.425000000000000000e+01 1.026045498446267051e-01 1.026045498446267190e-01 1.162563239286031058e-01 -7.127195273815649657e+00 -7.127195273815649657e+00 -7.127195273815649657e+00 8.129710406966246788e-04 8.129710406966287987e-04 7.085663931705954649e-04 -6.344239717566583892e+00 9.418264568270420063e-04
-1.400000000000000000e+01 -1.400000000000000000e+01 -1.400000000000000000e+01 1.055636425582229809e-01 1.055636425582229532e-01 1.179012734816999725e-01 -7.002156760239937050e+00 -7.002156760239937050e+00 -7.002156760239937050e+00 8.473775736785652251e-04 8.473775736785696703e-04 7.373600964729246478e-04 -6.219201203990871285e+00 9.835130644163438823e-04
-1.375000000000000000e+01 -1.375000000000000000e+01 -1.375000000000000000e+01 1.087150900041322921e-01 1.087150900041322921e-01 1.197230932294046646e-01 -6.877118246664223555e+00 -6.877118246664223555e+00 -6.877118246664223555e+00 8.836969842404851245e-04 8.836969842404891360e-04 7.676822714376755046e-04 -6.094162690415157790e+00 1.027639317789194378e-03
-1.350000000000000000e+01 -1.350000000000000000e+01 -1.350000000000000000e+01 1.120544087273424860e-01 1.120544087273424999e-01 1.216557698834826173e-01 -6.752079733088510949e+00 -6.752079733088510949e+00 -6.752079733088510949e+00 9.220647717569117408e-04 9.220647717569143429e-04 7.996368934318165379e-04 -5.969124176839445184e+00 1.074390392212831160e-03
-1.325000000000000000e+01 -1.325000000000000000e+01 -1.325000000000000000e+01 1.156165273628099455e-01 1.156165273628098900e-01 1.237975664348978377e-01 -6.627041219512798342e+00 -6.627041219512798342e+00 -6.627041219512798342e+00 9.626302965944128929e-04 9.626302965944141940e-04 8.333351810939497754e-04 -5.844085663263732577e+00 1.123967344763798261e-03
-1.300000000000000000e+01 -1.300000000000000000e+01 -1.300000000000000000e+01 1.193964123303725422e-01 1.193964123303725700e-01 1.260750006348579089e-01 -6.502002705937083959e+00 -6.502002705937083959e+00 -6.502002705937083959e+00 1.005554711772831513e-03 1.005554711772831079e-03 8.688995974538716574e-04 -5.719047149688018195e+00 1.176592434616350680e-03
-1.275000000000000000e+01 -1.275000000000000000e+01 -1.275000000000000000e+01 1.234359507472587020e-01 1.234359507472587436e-01 1.286010040465160320e-01 -6.376964192361371353e+00 -6.376964192361371353e+00 -6.376964192361371353e+00 1.051016001921315857e-03 1.051016001921311737e-03 9.064616111140559596e-04 -5.594008636112305588e+00 1.232507946910409114e-03
-1.250000000000000000e+01 -1.250000000000000000e+01 -1.250000000000000000e+01 1.277295435811864055e-01 1.277295435811864055e-01 1.312935810840764606e-01 -6.251925678785657858e+00 -6.251925678785657858e+00 -6.251925678785657858e+00 1.099206960479237084e-03 1.099206960479230362e-03 9.461662199849501988e-04 -5.468970122536592093e+00 1.291982413549123444e-03
-1.225000000000000000e+01 -1.225000000000000000e+01 -1.225000000000000000e+01 1.323277158363317108e-01 1.323277158363316830e-01 1.342833173565714799e-01 -6.126887165209944364e+00 -6.126887165209944364e+00 -6.126887165209944364e+00 1.150340982352483993e-03 1.150340982352478789e-03 9.881696729313819549e-04 -5.343931608960878599e+00 1.355309788109574634e-03
-1.200000000000000000e+01 -1.200000000000000000e+01 -1.200000000000000000e+01 1.372243183966294355e-01 1.372243183966294355e-01 1.374784724425084093e-01 -6.001848651634231757e+00 -6.001848651634231757e+00 -6.001848651634231757e+00 1.204650168845379119e-03 1.204650168845376084e-03 1.032644618559648477e-03 -5.218893095385165992e+00 1.422816804713718979e-03
-1.175000000000000000e+01 -1.175000000000000000e+01 -1.175000000000000000e+01 1.424806888443645170e-01 1.424806888443644060e-01 1.410310781025186366e-01 -5.876810138058518262e+00 -5.876810138058518262e+00 -5.876810138058518262e+00 1.262392050122615244e-03 1.262392050122615244e-03 1.079777835097200673e-03 -5.093854581809452498e+00 1.494862704425894582e-03
-1.150000000000000000e+01 -1.150000000000000000e+01 -1.150000000000000000e+01 1.480901962126831839e-01 1.480901962126831006e-01 1.448381968827036348e-01 -5.751771624482804768e+00 -5.751771624482804768e+00 -5.751771624482804768e+00 1.323847938290682955e-03 1.323847938290686208e-03 1.129776136661202407e-03 -4.968816068233739003e+00 1.571848056306615008e-03
-1.125000000000000000e+01 -1.125000000000000000e+01 -1.125000000000000000e+01 1.541278365453621069e-01 1.541278365453622179e-01 1.490781711136928700e-01 -5.626733110907092161e+00 -5.626733110907092161e+00 -5.626733110907092161e+00 1.389330814885207091e-03 1.389330814885214030e-03 1.182864182717993998e-03 -4.843777554658026396e+00 1.654215326320229414e-03
-1.100000000000000000e+01 -1.100000000000000000e+01 -1.100000000000000000e+01 1.605866538346901462e-01 1.605866538346902295e-01 1.536351561921565634e-01 -5.501694597331378667e+00 -5.501694597331378667e+00 -5.501694597331378667e+00 1.459184108448114076e-03 1.459184108448122750e-03 1.239291315204303200e-03 -4.718739041082312902e+00 1.742459609320535672e-03
-1.075000000000000000e+01 -1.075000000000000000e+01 -1.075000000000000000e+01 1.675590700439529013e-01 1.675590700439527347e-01 1.587201125895615905e-01 -5.376656083755666060e+00 -5.376656083755666060e+00 -5.376656083755666060e+00 1.533791065778594871e-03 1.533791065778602677e-03 1.299329553179118723e-03 -4.593700527506600295e+00 1.837130465988701588e-03
-1.050000000000000000e+01 -1.050000000000000000e+01 -1.050000000000000000e+01 1.750381073168413293e-01 1.750381073168414126e-01 1.642022818459607791e-01 -5.251617570179952565e+00 -5.251617570179952565e+00 -5.251617570179952565e+00 1.613574212871877675e-03 1.613574212871884831e-03 1.363281590767348927e-03 -4.468662013930886800e+00 1.938845196697336825e-03
-1.025000000000000000e+01 -1.025000000000000000e+01 -1.025000000000000000e+01 1.831386646160292342e-01 1.831386646160291787e-01 1.703335186047450767e-01 -5.126579056604239071e+00 -5.126579056604239071e+00 -5.126579056604239071e+00 1.699006648389336013e-03 1.699006648389342301e-03 1.431479132683801921e-03 -4.343623500355173306e+00 2.048292574086909689e-03
-1.000000000000000000e+01 -1.000000000000000000e+01 -1.000000000000000000e+01 1.918542861399589461e-01 1.918542861399590016e-01 1.769658123718163001e-01 -5.001540543028525576e+00 -5.001540543028525576e+00 -5.001540543028525576e+00 1.790612569765590197e-03 1.790612569765593015e-03 1.504292362228504092e-03 -4.218584986779459811e+00 2.166249560295809614e-03
-9.750000000000000000e+00 -9.750000000000000000e+00 -9.750000000000000000e+00 2.013292151755742831e-01 2.013292151755742831e-01 1.844029126708681410e-01 -4.876502029452812970e+00 -4.876502029452812970e+00 -4.876502029452812970e+00 1.888981101562940430e-03 1.888981101562945851e-03 1.582128846994926155e-03 -4.093546473203747205e+00 2.293587870416227085e-03
-9.500000000000000000e+00 -9.500000000000000000e+00 -9.500000000000000000e+00 2.115584582459707763e-01 2.115584582459706930e-01 1.924768674427564108e-01 -4.751463515877100363e+00 -4.751463515877100363e+00 -4.751463515877100363e+00 1.994768453731877653e-03 1.994768453731884592e-03 1.665444898615209019e-03 -3.968507959628034598e+00 2.431295442971153232e-03
-9.250000000000000000e+00 -9.250000000000000000e+00 -9.250000000000000000e+00 2.227250851133958653e-01 2.227250851133960041e-01 2.015581545761867543e-01 -4.626425002301386868e+00 -4.626425002301386868e+00 -4.626425002301386868e+00 2.108715155037558468e-03 2.108715155037567575e-03 1.754745387084648668e-03 -3.843469446052321103e+00 2.580487244534962823e-03
-9.000000000000000000e+00 -9.000000000000000000e+00 -9.000000000000000000e+00 2.348271617589173799e-01 2.348271617589175742e-01 2.114558575748273772e-01 -4.501386488725673374e+00 -4.501386488725673374e+00 -4.501386488725673374e+00 2.231650692800684829e-03 2.231650692800696972e-03 1.850597575708649205e-03 -3.718430932476607609e+00 2.742433430634847943e-03
-8.750000000000000000e+00 -8.750000000000000000e+00 -8.750000000000000000e+00 2.480999041136170979e-01 2.480999041136170702e-01 2.226275047847863786e-01 -4.376347975149959879e+00 -4.376347975149959879e+00 -4.376347975149959879e+00 2.364515408577915184e-03 2.364515408577923857e-03 1.953632345572410816e-03 -3.593392418900894114e+00 2.918576546899592436e-03
-8.500000000000000000e+00 -8.500000000000000000e+00 -8.500000000000000000e+00 2.625471350596623177e-01 2.625471350596622622e-01 2.348559608922031194e-01 -4.251309461574247273e+00 -4.251309461574247273e+00 -4.251309461574247273e+00 2.508368905020107436e-03 2.508368905020115242e-03 2.064561324994529032e-03 -3.468353905325181508e+00 3.110569298972167430e-03
-8.250000000000000000e+00 -8.250000000000000000e+00 -8.250000000000000000e+00 2.784752901149672444e-01 2.784752901149671889e-01 2.487141441387059893e-01 -4.126270947998534666e+00 -4.126270947998534666e+00 -4.126270947998534666e+00 2.664418452682794456e-03 2.664418452682797492e-03 2.184180271750264628e-03 -3.343315391749468901e+00 3.320301494120131858e-03
-8.000000000000000000e+00 -8.000000000000000000e+00 -8.000000000000000000e+00 2.958985170362794515e-01 2.958985170362795625e-01 2.639554920622441125e-01 -4.001232434422821171e+00 -4.001232434422821171e+00 -4.001232434422821171e+00 2.834033133899796757e-03 2.834033133899794155e-03 2.313390665067156966e-03 -3.218276878173755406e+00 3.549951904335000522e-03
-7.750000000000000000e+00 -7.750000000000000000e+00 -7.750000000000000000e+00 3.152223798864072779e-01 3.152223798864070559e-01 2.813086265404624031e-01 -3.876193920847107677e+00 -3.876193920847107677e+00 -3.876193920847107677e+00 3.018781530909220127e-03 3.018781530909211887e-03 2.453206368305735612e-03 -3.093238364598041912e+00 3.802030223436985573e-03
-7.500000000000000000e+00 -7.500000000000000000e+00 -7.500000000000000000e+00 3.364791592590667402e-01 3.364791592590669622e-01 3.004950345332316752e-01 -3.751155407271394626e+00 -3.751155407271394626e+00 -3.751155407271394626e+00 3.220454667249295511e-03 3.220454667249284236e-03 2.604781374574934028e-03 -2.968199851022328417e+00 4.079450057015335251e-03
-7.250000000000000000e+00 -7.250000000000000000e+00 -7.250000000000000000e+00 3.602153946779367288e-01 3.602153946779368399e-01 3.224576935959946877e-01 -3.626116893695682020e+00 -3.626116893695682020e+00 -3.626116893695682020e+00 3.441117209950982428e-03 3.441117209950972887e-03 2.769421450670658987e-03 -2.843161337446615811e+00 4.385594370025757902e-03
-7.000000000000000000e+00 -7.000000000000000000e+00 -7.000000000000000000e+00 3.864950489803788969e-01 3.864950489803792300e-01 3.468856832062185980e-01 -3.501078380119968525e+00 -3.501078380119968525e+00 -3.501078380119968525e+00 3.683144038379655531e-03 3.683144038379651194e-03 2.948620523460508333e-03 -2.718122823870902316e+00 4.724420880209885022e-03
-6.750000000000000000e+00 -6.750000000000000000e+00 -6.750000000000000000e+00 4.160701498228600026e-01 4.160701498228600581e-01 3.750238862438730059e-01 -3.376039866544255474e+00 -3.376039866544255474e+00 -3.376039866544255474e+00 3.949291563737449690e-03 3.949291563737443618e-03 3.144079907642190284e-03 -2.593084310295189709e+00 5.100564886569931324e-03
-6.500000000000000000e+00 -6.500000000000000000e+00 -6.500000000000000000e+00 4.490603457382609798e-01 4.490603457382613128e-01 4.065335135878875850e-01 -3.251001352968541980e+00 -3.251001352968541980e+00 -3.251001352968541980e+00 4.242755683146042303e-03 4.242755683146039701e-03 3.357757050522880427e-03 -2.468045796719476215e+00 5.519495567204399031e-03
-6.250000000000000000e+00 -6.250000000000000000e+00 -6.250000000000000000e+00 4.865258195103910333e-01 4.865258195103909777e-01 4.430959584763968229e-01 -3.125962839392828929e+00 -3.125962839392828929e+00 -3.125962839392828929e+00 4.567273749874286963e-03 4.567273749874280024e-03 3.591896372100408449e-03 -2.343007283143762720e+00 5.987679449247394585e-03
-6.000000000000000000e+00 -6.000000000000000000e+00 -6.000000000000000000e+00 5.286855604787628060e-01 5.286855604787628060e-01 4.843603311093323538e-01 -3.000924325817115879e+00 -3.000924325817115879e+00 -3.000924325817115879e+00 4.927216624703408682e-03 4.927216624703400008e-03 3.849096020628068032e-03 -2.217968769568050114e+00 6.512818705825593364e-03
-5.750000000000000000e+00 -5.750000000000000000e+00 -5.750000000000000000e+00 5.770773842911913754e-01 5.770773842911915974e-01 5.326587380572718189e-01 -2.875885812241402384e+00 -2.875885812241402384e+00 -2.875885812241402384e+00 5.327738515249717290e-03 5.327738515249707749e-03 4.132356646082822015e-03 -2.092930255992336619e+00 7.104115115639253637e-03
-5.500000000000000000e+00 -5.500000000000000000e+00 -5.500000000000000000e+00 6.321016185931436215e-01 6.321016185931437326e-01 5.876687179622658297e-01 -2.750847298665689333e+00 -2.750847298665689333e+00 -2.750847298665689333e+00 5.774924443390104002e-03 5.774924443390090124e-03 4.445174925295616690e-03 -1.967891742416623346e+00 7.772643932515086937e-03
-5.250000000000000000e+00 -5.250000000000000000e+00 -5.250000000000000000e+00 6.960655952828347370e-01 6.960655952828345150e-01 6.527280976123797096e-01 -2.625808785089976283e+00 -2.625808785089976283e+00 -2.625808785089976283e+00 6.276016894073189328e-03 6.276016894073178920e-03 4.791620360560334101e-03 -1.842853228840910296e+00 8.531788211686729129e-03
-5.000000000000000000e+00 -5.000000000000000000e+00 -5.000000000000000000e+00 7.697110990785984708e-01 7.697110990785989149e-01 7.276385126723181607e-01 -2.500770271514262788e+00 -2.500770271514262788e+00 -2.500770271514262788e+00 6.839655471389707690e-03 6.839655471389692078e-03 5.176469468525648349e-03 -1.717814715265196801e+00 9.397842843577895039e-03
-4.750000000000000000e+00 -4.750000000000000000e+00 -4.750000000000000000e+00 8.566431375203941156e-01 8.566431375203943377e-01 8.173611432581544545e-01 -2.375731757938550182e+00 -2.375731757938550182e+00 -2.375731757938550182e+00 7.476230670445714946e-03 7.476230670445706272e-03 5.605327121760521163e-03 -1.592776201689484195e+00 1.039074455790906827e-02
-4.500000000000000000e+00 -4.500000000000000000e+00 -4.500000000000000000e+00 9.582724731706521171e-01 9.582724731706527832e-01 9.220439240884606980e-01 -2.250693244362836687e+00 -2.250693244362836687e+00 -2.250693244362836687e+00 8.198281516528183044e-03 8.198281516528165697e-03 6.084824190766096458e-03 -1.467737688113770700e+00 1.153507683740471676e-02
-4.250000000000000000e+00 -4.250000000000000000e+00 -4.250000000000000000e+00 1.080514482968824685e+00 1.080514482968825130e+00 1.049410827130307977e+00 -2.125654730787123636e+00 -2.125654730787123636e+00 -2.125654730787123636e+00 9.021067937622632982e-03 9.021067937622626043e-03 6.622811579924150517e-03 -1.342699174538057649e+00 1.286132437831138432e-02
-4.000000000000000000e+00 -4.000000000000000000e+00 -4.000000000000000000e+00 1.226156927121422324e+00 1.226156927121422990e+00 1.200482608448293131e+00 -2.000616217211410586e+00 -2.000616217211410586e+00 -2.000616217211410586e+00 9.963250405853437547e-03 9.963250405853428873e-03 7.228660790651586336e-03 -1.217660660962344599e+00 1.440759126280844425e-02
-3.750000000000000000e+00 -3.750000000000000000e+00 -3.750000000000000000e+00 1.405504707922869523e+00 1.405504707922869745e+00 1.388003640301837205e+00 -1.875577703635697313e+00 -1.875577703635697313e+00 -1.875577703635697313e+00 1.104785847362001194e-02 1.104785847362000153e-02 7.913582135207160306e-03 -1.092622147386631326e+00 1.622179936470953196e-02
-3.500000000000000000e+00 -3.500000000000000000e+00 -3.500000000000000000e+00 1.624357642493960308e+00 1.624357642493960086e+00 1.615173255047606338e+00 -1.750539190059984263e+00 -1.750539190059984263e+00 -1.750539190059984263e+00 1.230350571755963601e-02 1.230350571755961520e-02 8.691103263073554630e-03 -9.675836338109182755e-01 1.836468590504553716e-02
-3.250000000000000000e+00 -3.250000000000000000e+00 -3.250000000000000000e+00 1.902041002666705838e+00 1.902041002666706504e+00 1.904636464261857620e+00 -1.625500676484270990e+00 -1.625500676484270990e+00 -1.625500676484270990e+00 1.376613615622474668e-02 1.376613615622473627e-02 9.577617711939503953e-03 -8.425451202352050029e-01 2.091368708876434335e-02
-3.000000000000000000e+00 -3.000000000000000000e+00 -3.000000000000000000e+00 2.251455129835925550e+00 2.251455129835926439e+00 2.265235189658345583e+00 -1.500462162908557939e+00 -1.500462162908557939e+00 -1.500462162908557939e+00 1.548136208266746860e-02 1.548136208266745993e-02 1.059320736813407909e-02 -7.175066066594919523e-01 2.396815490395138096e-02
-2.750000000000000000e+00 -2.750000000000000000e+00 -2.750000000000000000e+00 2.712324622741513203e+00 2.712324622741513203e+00 2.741247258858273028e+00 -1.375423649332844667e+00 -1.375423649332844667e+00 -1.375423649332844667e+00 1.750795136340152144e-02 1.750795136340151104e-02 1.176268371726298285e-02 -5.924680930837786796e-01 2.765599409381799823e-02
-2.500000000000000000e+00 -2.500000000000000000e+00 -2.500000000000000000e+00 3.315917166144465966e+00 3.315917166144462414e+00 3.357202685145921794e+00 -1.250385135757131394e+00 -1.250385135757131394e+00 -1.250385135757131394e+00 1.992294645098770592e-02 1.992294645098769551e-02 1.311720810789720679e-02 -4.674295795080654070e-01 3.214199618516088569e-02
-2.250000000000000000e+00 -2.250000000000000000e+00 -2.250000000000000000e+00 4.153918656675878118e+00 4.153918656675876342e+00 4.211131117317234995e+00 -1.125346622181418343e+00 -1.125346622181418343e+00 -1.125346622181418343e+00 2.282998582473859048e-02 2.282998582473856966e-02 1.469664730526437646e-02 -3.423910659323523564e-01 3.763690963124718264e-02
-2.000000000000000000e+00 -2.000000000000000000e+00 -2.000000000000000000e+00 5.311041576654241148e+00 5.311041576654235818e+00 5.375912114662757091e+00 -1.000308108605705293e+00 -1.000308108605705293e+00 -1.000308108605705293e+00 2.637351101674693943e-02 2.637351101674695678e-02 1.655362567695567791e-02 -2.173525523566393058e-01 4.440427246744035883e-02
-1.750000000000000000e+00 -1.750000000000000000e+00 -1.750000000000000000e+00 7.033213090625836550e+00 7.033213090625836550e+00 7.106808796910627279e+00 -8.752695950299921313e-01 -8.752695950299921313e-01 -8.752695950299921313e-01 3.076643515312464661e-02 3.076643515312465355e-02 1.876080625636624907e-02 -9.231403878092614423e-02 5.275438922137043463e-02
-1.500000000000000000e+00 -1.500000000000000000e+00 -1.500000000000000000e+00 9.586902508553723834e+00 9.586902508553722058e+00 9.648658284352920944e+00 -7.502310814542789696e-01 -7.502310814542789696e-01 -7.502310814542789696e-01 3.635018218621983294e-02 3.635018218621986763e-02 2.142696931378096012e-02 3.272447479478701737e-02 6.299514223107419153e-02
-1.250000000000000000e+00 -1.250000000000000000e+00 -1.250000000000000000e+00 1.378384650103864928e+01 1.378384650103864928e+01 1.382945454322271317e+01 -6.251925678785656970e-01 -6.251925678785656970e-01 -6.251925678785656970e-01 4.372554783478940083e-02 4.372554783478943552e-02 2.474068970438460940e-02 1.577629883705002900e-01 7.524096965114947244e-02
-1.000000000000000000e+00 -1.000000000000000000e+00 -1.000000000000000000e+00 2.066686548300111781e+01 2.066686548300110715e+01 2.065184990442686441e+01 -5.001540543028526464e-01 -5.001540543028526464e-01 -5.001540543028526464e-01 5.393235699803771571e-02 5.393235699803772959e-02 2.910623209308679446e-02 2.828015019462133406e-01 8.880912613539823641e-02
-7.500000000000000000e-01 -7.500000000000000000e-01 -7.500000000000000000e-01 3.397855018189327581e+01 3.397855018189326870e+01 3.389829969981573754e+01 -3.751155407271394848e-01 -3.751155407271394848e-01 -3.751155407271394848e-01 6.821611823722403822e-02 6.821611823722407986e-02 3.548615532920861709e-02 4.078400155219265022e-01 1.009646889475825648e-01
-5.000000000000000000e-01 -5.000000000000000000e-01 -5.000000000000000000e-01 5.978026660614946763e+01 5.978026660614940369e+01 5.955476298645850619e+01 -2.500770271514263232e-01 -2.500770271514263232e-01 -2.500770271514263232e-01 8.624255686332245319e-02 8.624255686332245319e-02 4.576352482043897357e-02 5.328785290976396638e-01 1.062456817010977439e-01
-2.500000000000000000e-01 -2.500000000000000000e-01 -2.500000000000000000e-01 1.375709475167567746e+02 1.375709475167567177e+02 1.372713392291448145e+02 -1.250385135757131616e-01 -1.250385135757131616e-01 -1.250385135757131616e-01 1.031308422423226206e-01 1.031308422423226206e-01 6.181848503916549664e-02 6.579170426733528254e-01 9.955965879421152520e-02
0.000000000000000000e+00 0.000000000000000000e+00 0.000000000000000000e+00 3.468751942406693161e+02 3.468751942406691455e+02 3.463950992198433596e+02 0.000000000000000000e+00 0.000000000000000000e+00 0.000000000000000000e+00 1.103023366402350047e-01 1.103023366402350741e-01 8.212822684710797960e-02 7.829555562490659870e-01 8.212822684710797960e-02
2.500000000000000000e-01 2.500000000000000000e-01 2.500000000000000000e-01 1.375709475167568598e+02 1.375709475167568598e+02 1.372713392291448713e+02 1.250385135757131616e-01 1.250385135757131616e-01 1.250385135757131616e-01 1.031308422423225651e-01 1.031308422423225651e-01 9.955965879421152520e-02 9.079940698247791486e-01 6.181848503916549664e-02
5.000000000000000000e-01 5.000000000000000000e-01 5.000000000000000000e-01 5.978026660614956711e+01 5.978026660614951027e+01 5.955476298645859856e+01 2.500770271514263232e-01 2.500770271514263232e-01 2.500770271514263232e-01 8.624255686332238380e-02 8.624255686332241155e-02 1.062456817010977439e-01 1.033032583400492310e+00 4.576352482043897357e-02
7.500000000000000000e-01 7.500000000000000000e-01 7.500000000000000000e-01 3.397855018189327581e+01 3.397855018189326870e+01 3.389829969981574465e+01 3.751155407271394848e-01 3.751155407271394848e-01 3.751155407271394848e-01 6.821611823722402435e-02 6.821611823722405210e-02 1.009646889475825648e-01 1.158071096976205361e+00 3.548615532920861709e-02
1.000000000000000000e+00 1.000000000000000000e+00 1.000000000000000000e+00 2.066686548300119242e+01 2.066686548300117821e+01 2.065184990442692126e+01 5.001540543028526464e-01 5.001540543028526464e-01 5.001540543028526464e-01 5.393235699803761857e-02 5.393235699803765326e-02 8.880912613539823641e-02 1.283109610551918633e+00 2.910623209308679446e-02
1.250000000000000000e+00 1.250000000000000000e+00 1.250000000000000000e+00 1.378384650103869191e+01 1.378384650103869369e+01 1.382945454322273804e+01 6.251925678785656970e-01 6.251925678785656970e-01 6.251925678785656970e-01 4.372554783478932450e-02 4.372554783478935919e-02 7.524096965114947244e-02 1.408148124127631684e+00 2.474068970438460940e-02
1.500000000000000000e+00 1.500000000000000000e+00 1.500000000000000000e+00 9.586902508553723834e+00 9.586902508553722058e+00 9.648658284352920944e+00 7.502310814542789696e-01 7.502310814542789696e-01 7.502310814542789696e-01 3.635018218621983294e-02 3.635018218621986763e-02 6.299514223107419153e-02 1.533186637703344957e+00 2.142696931378096012e-02
1.750000000000000000e+00 1.750000000000000000e+00 1.750000000000000000e+00 7.033213090625864083e+00 7.033213090625863195e+00 7.106808796910641490e+00 8.752695950299921313e-01 8.752695950299921313e-01 8.752695950299921313e-01 3.076643515312471600e-02 3.076643515312471253e-02 5.275438922137043463e-02 1.658225151279058007e+00 1.876080625636624907e-02
2.000000000000000000e+00 2.000000000000000000e+00 2.000000000000000000e+00 5.311041576654256247e+00 5.311041576654253582e+00 5.375912114662771302e+00 1.000308108605705293e+00 1.000308108605705293e+00 1.000308108605705293e+00 2.637351101674700882e-02 2.637351101674702269e-02 4.440427246744035883e-02 1.783263664854771280e+00 1.655362567695567791e-02
2.250000000000000000e+00 2.250000000000000000e+00 2.250000000000000000e+00 4.153918656675878118e+00 4.153918656675876342e+00 4.211131117317235883e+00 1.125346622181418343e+00 1.125346622181418343e+00 1.125346622181418343e+00 2.282998582473858354e-02 2.282998582473857660e-02 3.763690963124718264e-02 1.908302178430484330e+00 1.469664730526437646e-02
2.500000000000000000e+00 2.500000000000000000e+00 2.500000000000000000e+00 3.315917166144480621e+00 3.315917166144477068e+00 3.357202685145930676e+00 1.250385135757131394e+00 1.250385135757131394e+00 1.250385135757131394e+00 1.992294645098760877e-02 1.992294645098760877e-02 3.214199618516088569e-02 2.033340692006197159e+00 1.311720810789720679e-02
2.750000000000000000e+00 2.750000000000000000e+00 2.750000000000000000e+00 2.712324622741522973e+00 2.712324622741522084e+00 2.741247258858276137e+00 1.375423649332844667e+00 1.375423649332844667e+00 1.375423649332844667e+00 1.750795136340142777e-02 1.750795136340142083e-02 2.765599409381799823e-02 2.158379205581910654e+00 1.176268371726298285e-02
3.000000000000000000e+00 3.000000000000000000e+00 3.000000000000000000e+00 2.251455129835925550e+00 2.251455129835926439e+00 2.265235189658345583e+00 1.500462162908557939e+00 1.500462162908557939e+00 1.500462162908557939e+00 1.548136208266746514e-02 1.548136208266745473e-02 2.396815490395138096e-02 2.283417719157624148e+00 1.059320736813407909e-02
3.250000000000000000e+00 3.250000000000000000e+00 3.250000000000000000e+00 1.902041002666715386e+00 1.902041002666714498e+00 1.904636464261860285e+00 1.625500676484270990e+00 1.625500676484270990e+00 1.625500676484270990e+00 1.376613615622483688e-02 1.376613615622482821e-02 2.091368708876434335e-02 2.408456232733336755e+00 9.577617711939503953e-03
3.500000000000000000e+00 3.500000000000000000e+00 3.500000000000000000e+00 1.624357642493965859e+00 1.624357642493966303e+00 1.615173255047608114e+00 1.750539190059984263e+00 1.750539190059984263e+00 1.750539190059984263e+00 1.230350571755972275e-02 1.230350571755970193e-02 1.836468590504553716e-02 2.533494746309050250e+00 8.691103263073554630e-03
3.750000000000000000e+00 3.750000000000000000e+00 3.750000000000000000e+00 1.405504707922869523e+00 1.405504707922869523e+00 1.388003640301836983e+00 1.875577703635697313e+00 1.875577703635697313e+00 1.875577703635697313e+00 1.104785847362000674e-02 1.104785847361999633e-02 1.622179936470953196e-02 2.658533259884763300e+00 7.913582135207160306e-03
4.000000000000000000e+00 4.000000000000000000e+00 4.000000000000000000e+00 1.226156927121427653e+00 1.226156927121428097e+00 1.200482608448293353e+00 2.000616217211410586e+00 2.000616217211410586e+00 2.000616217211410586e+00 9.963250405853362954e-03 9.963250405853357750e-03 1.440759126280844425e-02 2.783571773460476351e+00 7.228660790651586336e-03
4.250000000000000000e+00 4.250000000000000000e+00 4.250000000000000000e+00 1.080514482968828460e+00 1.080514482968828904e+00 1.049410827130308643e+00 2.125654730787123636e+00 2.125654730787123636e+00 2.125654730787123636e+00 9.021067937622563593e-03 9.021067937622556654e-03 1.286132437831138432e-02 2.908610287036189845e+00 6.622811579924150517e-03
4.500000000000000000e+00 4.500000000000000000e+00 4.500000000000000000e+00 9.582724731706521171e-01 9.582724731706527832e-01 9.220439240884612531e-01 2.250693244362836687e+00 2.250693244362836687e+00 2.250693244362836687e+00 8.198281516528181309e-03 8.198281516528170901e-03 1.153507683740471676e-02 3.033648800611902452e+00 6.084824190766096458e-03
4.750000000000000000e+00 4.750000000000000000e+00 4.750000000000000000e+00 8.566431375203978904e-01 8.566431375203984455e-01 8.173611432581562308e-01 2.375731757938550182e+00 2.375731757938550182e+00 2.375731757938550182e+00 7.476230670445793008e-03 7.476230670445785202e-03 1.039074455790906827e-02 3.158687314187615947e+00 5.605327121760521163e-03
5.000000000000000000e+00 5.000000000000000000e+00 5.000000000000000000e+00 7.697110990786006912e-01 7.697110990786011353e-01 7.276385126723197150e-01 2.500770271514262788e+00 2.500770271514262788e+00 2.500770271514262788e+00 6.839655471389785753e-03 6.839655471389771875e-03 9.397842843577895039e-03 3.283725827763328553e+00 5.176469468525648349e-03
5.250000000000000000e+00 5.250000000000000000e+00 5.250000000000000000e+00 6.960655952828347370e-01 6.960655952828345150e-01 6.527280976123802647e-01 2.625808785089976283e+00 2.625808785089976283e+00 2.625808785089976283e+00 6.276016894073186726e-03 6.276016894073172848e-03 8.531788211686729129e-03 3.408764341339042048e+00 4.791620360560334101e-03
5.500000000000000000e+00 5.500000000000000000e+00 5.500000000000000000e+00 6.321016185931466191e-01 6.321016185931466191e-01 5.876687179622670509e-01 2.750847298665689333e+00 2.750847298665689333e+00 2.750847298665689333e+00 5.774924443390030276e-03 5.774924443390019001e-03 7.772643932515086937e-03 3.533802854914755542e+00 4.445174925295616690e-03
5.750000000000000000e+00 5.750000000000000000e+00 5.750000000000000000e+00 5.770773842911933738e-01 5.770773842911935958e-01 5.326587380572729291e-01 2.875885812241402384e+00 2.875885812241402384e+00 2.875885812241402384e+00 5.327738515249645299e-03 5.327738515249634023e-03 7.104115115639253637e-03 3.658841368490468149e+00 4.132356646082822015e-03
6.000000000000000000e+00 6.000000000000000000e+00 6.000000000000000000e+00 5.286855604787628060e-01 5.286855604787628060e-01 4.843603311093323538e-01 3.000924325817115879e+00 3.000924325817115879e+00 3.000924325817115879e+00 4.927216624703407814e-03 4.927216624703400875e-03 6.512818705825593364e-03 3.783879882066181644e+00 3.849096020628068032e-03
6.250000000000000000e+00 6.250000000000000000e+00 6.250000000000000000e+00 4.865258195103936423e-01 4.865258195103933647e-01 4.430959584763973225e-01 3.125962839392828929e+00 3.125962839392828929e+00 3.125962839392828929e+00 4.567273749874365893e-03 4.567273749874362423e-03 5.987679449247394585e-03 3.908918395641895138e+00 3.591896372100408449e-03
6.500000000000000000e+00 6.500000000000000000e+00 6.500000000000000000e+00 4.490603457382626451e-01 4.490603457382629782e-01 4.065335135878879735e-01 3.251001352968541980e+00 3.251001352968541980e+00 3.251001352968541980e+00 4.242755683146122100e-03 4.242755683146117764e-03 5.519495567204399031e-03 4.033956909217607745e+00 3.357757050522880427e-03
6.750000000000000000e+00 6.750000000000000000e+00 6.750000000000000000e+00 4.160701498228600026e-01 4.160701498228600581e-01 3.750238862438728948e-01 3.376039866544255474e+00 3.376039866544255474e+00 3.376039866544255474e+00 3.949291563737448822e-03 3.949291563737444485e-03 5.100564886569931324e-03 4.158995422793321239e+00 3.144079907642190284e-03
7.000000000000000000e+00 7.000000000000000000e+00 7.000000000000000000e+00 3.864950489803807288e-01 3.864950489803808953e-01 3.468856832062189310e-01 3.501078380119968525e+00 3.501078380119968525e+00 3.501078380119968525e+00 3.683144038379585709e-03 3.683144038379579637e-03 4.724420880209885022e-03 4.284033936369034734e+00 2.948620523460508333e-03
7.250000000000000000e+00 7.250000000000000000e+00 7.250000000000000000e+00 3.602153946779380056e-01 3.602153946779380056e-01 3.224576935959947988e-01 3.626116893695682020e+00 3.626116893695682020e+00 3.626116893695682020e+00 3.441117209950913039e-03 3.441117209950902631e-03 4.385594370025757902e-03 4.409072449944748229e+00 2.769421450670658987e-03
7.500000000000000000e+00 7.500000000000000000e+00 7.500000000000000000e+00 3.364791592590667402e-01 3.364791592590669622e-01 3.004950345332317307e-01 3.751155407271394626e+00 3.751155407271394626e+00 3.751155407271394626e+00 3.220454667249295078e-03 3.220454667249284236e-03 4.079450057015335251e-03 4.534110963520460835e+00 2.604781374574934028e-03
7.750000000000000000e+00 7.750000000000000000e+00 7.750000000000000000e+00 3.152223798864087212e-01 3.152223798864083881e-01 2.813086265404626807e-01 3.876193920847107677e+00 3.876193920847107677e+00 3.876193920847107677e+00 3.018781530909292986e-03 3.018781530909285180e-03 3.802030223436985573e-03 4.659149477096173442e+00 2.453206368305735612e-03
8.000000000000000000e+00 8.000000000000000000e+00 8.000000000000000000e+00 2.958985170362805617e-01 2.958985170362805617e-01 2.639554920622441681e-01 4.001232434422821171e+00 4.001232434422821171e+00 4.001232434422821171e+00 2.834033133899868315e-03 2.834033133899863978e-03 3.549951904335000522e-03 4.784187990671886936e+00 2.313390665067156966e-03
8.250000000000000000e+00 8.250000000000000000e+00 8.250000000000000000e+00 2.784752901149672444e-01 2.784752901149671889e-01 2.487141441387060448e-01 4.126270947998534666e+00 4.126270947998534666e+00 4.126270947998534666e+00 2.664418452682794022e-03 2.664418452682796624e-03 3.320301494120131858e-03 4.909226504247600431e+00 2.184180271750264628e-03
8.500000000000000000e+00 8.500000000000000000e+00 8.500000000000000000e+00 2.625471350596634279e-01 2.625471350596633724e-01 2.348559608922035913e-01 4.251309461574247273e+00 4.251309461574247273e+00 4.251309461574247273e+00 2.508368905020026338e-03 2.508368905020032843e-03 3.110569298972167430e-03 5.034265017823313038e+00 2.064561324994529032e-03
8.750000000000000000e+00 8.750000000000000000e+00 8.750000000000000000e+00 2.480999041136177363e-01 2.480999041136177086e-01 2.226275047847864341e-01 4.376347975149959879e+00 4.376347975149959879e+00 4.376347975149959879e+00 2.364515408577833218e-03 2.364515408577844060e-03 2.918576546899592436e-03 5.159303531399025644e+00 1.953632345572410816e-03
9.000000000000000000e+00 9.000000000000000000e+00 9.000000000000000000e+00 2.348271617589173799e-01 2.348271617589175742e-01 2.114558575748274050e-01 4.501386488725673374e+00 4.501386488725673374e+00 4.501386488725673374e+00 2.231650692800685263e-03 2.231650692800696105e-03 2.742433430634847943e-03 5.284342044974739139e+00 1.850597575708649205e-03
9.250000000000000000e+00 9.250000000000000000e+00 9.250000000000000000e+00 2.227250851133969478e-01 2.227250851133969756e-01 2.015581545761867543e-01 4.626425002301386868e+00 4.626425002301386868e+00 4.626425002301386868e+00 2.108715155037637831e-03 2.108715155037648240e-03 2.580487244534962823e-03 5.409380558550452633e+00 1.754745387084648668e-03
9.500000000000000000e+00 9.500000000000000000e+00 9.500000000000000000e+00 2.115584582459714980e-01 2.115584582459713592e-01 1.924768674427563275e-01 4.751463515877100363e+00 4.751463515877100363e+00 4.751463515877100363e+00 1.994768453731951812e-03 1.994768453731960486e-03 2.431295442971153232e-03 5.534419072126166128e+00 1.665444898615209019e-03
9.750000000000000000e+00 9.750000000000000000e+00 9.750000000000000000e+00 2.013292151755742831e-01 2.013292151755742831e-01 1.844029126708680855e-01 4.876502029452812970e+00 4.876502029452812970e+00 4.876502029452812970e+00 1.888981101562939996e-03 1.888981101562944983e-03 2.293587870416227085e-03 5.659457585701878735e+00 1.582128846994926155e-03
1.000000000000000000e+01 1.000000000000000000e+01 1.000000000000000000e+01 1.918542861399598620e-01 1.918542861399598898e-01 1.769658123718164944e-01 5.001540543028525576e+00 5.001540543028525576e+00 5.001540543028525576e+00 1.790612569765523193e-03 1.790612569765527530e-03 2.166249560295809614e-03 5.784496099277591341e+00 1.504292362228504092e-03
1.025000000000000000e+01 1.025000000000000000e+01 1.025000000000000000e+01 1.831386646160297893e-01 1.831386646160297060e-01 1.703335186047453820e-01 5.126579056604239071e+00 5.126579056604239071e+00 5.126579056604239071e+00 1.699006648389270744e-03 1.699006648389276598e-03 2.048292574086909689e-03 5.909534612853304836e+00 1.431479132683801921e-03
1.050000000000000000e+01 1.050000000000000000e+01 1.050000000000000000e+01 1.750381073168413293e-01 1.750381073168414126e-01 1.642022818459607791e-01 5.251617570179952565e+00 5.251617570179952565e+00 5.251617570179952565e+00 1.613574212871876591e-03 1.613574212871884614e-03 1.938845196697336825e-03 6.034573126429018330e+00 1.363281590767348927e-03
1.075000000000000000e+01 1.075000000000000000e+01 1.075000000000000000e+01 1.675590700439536507e-01 1.675590700439534841e-01 1.587201125895614517e-01 5.376656083755666060e+00 5.376656083755666060e+00 5.376656083755666060e+00 1.533791065778662742e-03 1.533791065778672500e-03 1.837130465988701588e-03 6.159611640004731825e+00 1.299329553179118723e-03
1.100000000000000000e+01 1.100000000000000000e+01 1.100000000000000000e+01 1.605866538346906180e-01 1.605866538346907291e-01 1.536351561921562858e-01 5.501694597331378667e+00 5.501694597331378667e+00 5.501694597331378667e+00 1.459184108448178478e-03 1.459184108448186934e-03 1.742459609320535672e-03 6.284650153580444432e+00 1.239291315204303200e-03
1.125000000000000000e+01 1.125000000000000000e+01 1.125000000000000000e+01 1.541278365453621346e-01 1.541278365453622179e-01 1.490781711136928700e-01 5.626733110907092161e+00 5.626733110907092161e+00 5.626733110907092161e+00 1.389330814885206440e-03 1.389330814885212512e-03 1.654215326320229414e-03 6.409688667156157926e+00 1.182864182717993998e-03
1.150000000000000000e+01 1.150000000000000000e+01 1.150000000000000000e+01 1.480901962126837390e-01 1.480901962126836835e-01 1.448381968827036625e-01 5.751771624482804768e+00 5.751771624482804768e+00 5.751771624482804768e+00 1.323847938290624842e-03 1.323847938290627878e-03 1.571848056306615008e-03 6.534727180731870533e+00 1.129776136661202407e-03
1.175000000000000000e+01 1.175000000000000000e+01 1.175000000000000000e+01 1.424806888443648500e-01 1.424806888443647668e-01 1.410310781025185811e-01 5.876810138058518262e+00 5.876810138058518262e+00 5.876810138058518262e+00 1.262392050122556697e-03 1.262392050122556264e-03 1.494862704425894582e-03 6.659765694307584027e+00 1.079777835097200673e-03
1.200000000000000000e+01 1.200000000000000000e+01 1.200000000000000000e+01 1.372243183966294355e-01 1.372243183966294355e-01 1.374784724425083815e-01 6.001848651634231757e+00 6.001848651634231757e+00 6.001848651634231757e+00 1.204650168845378686e-03 1.204650168845373048e-03 1.422816804713718979e-03 6.784804207883297522e+00 1.032644618559648477e-03
1.225000000000000000e+01 1.225000000000000000e+01 1.225000000000000000e+01 1.323277158363324046e-01 1.323277158363323491e-01 1.342833173565715355e-01 6.126887165209944364e+00 6.126887165209944364e+00 6.126887165209944364e+00 1.150340982352554900e-03 1.150340982352546443e-03 1.355309788109574634e-03 6.909842721459010129e+00 9.881696729313819549e-04
1.250000000000000000e+01 1.250000000000000000e+01 1.250000000000000000e+01 1.277295435811867663e-01 1.277295435811867941e-01 1.312935810840766826e-01 6.251925678785657858e+00 6.251925678785657858e+00 6.251925678785657858e+00 1.099206960479302787e-03 1.099206960479295848e-03 1.291982413549123444e-03 7.034881235034723623e+00 9.461662199849501988e-04
1.275000000000000000e+01 1.275000000000000000e+01 1.275000000000000000e+01 1.234359507472587020e-01 1.234359507472587436e-01 1.286010040465160320e-01 6.376964192361371353e+00 6.376964192361371353e+00 6.376964192361371353e+00 1.051016001921314339e-03 1.051016001921309135e-03 1.232507946910409114e-03 7.159919748610437118e+00 9.064616111140559596e-04
1.300000000000000000e+01 1.300000000000000000e+01 1.300000000000000000e+01 1.193964123303730279e-01 1.193964123303730140e-01 1.260750006348576868e-01 6.502002705937083959e+00 6.502002705937083959e+00 6.502002705937083959e+00 1.005554711772777736e-03 1.005554711772776002e-03 1.176592434616350680e-03 7.284958262186149724e+00 8.688995974538716574e-04
1.325000000000000000e+01 1.325000000000000000e+01 1.325000000000000000e+01 1.156165273628103063e-01 1.156165273628102369e-01 1.237975664348976435e-01 6.627041219512798342e+00 6.627041219512798342e+00 6.627041219512798342e+00 9.626302965943586828e-04 9.626302965943599839e-04 1.123967344763798261e-03 7.409996775761864107e+00 8.333351810939497754e-04
1.350000000000000000e+01 1.350000000000000000e+01 1.350000000000000000e+01 1.120544087273424860e-01 1.120544087273424999e-01 1.216557698834826035e-01 6.752079733088510949e+00 6.752079733088510949e+00 6.752079733088510949e+00 9.220647717569081629e-04 9.220647717569096808e-04 1.074390392212831160e-03 7.535035289337576714e+00 7.996368934318165379e-04
1.375000000000000000e+01 1.375000000000000000e+01 1.375000000000000000e+01 1.087150900041325835e-01 1.087150900041325696e-01 1.197230932294047479e-01 6.877118246664223555e+00 6.877118246664223555e+00 6.877118246664223555e+00 8.836969842405397683e-04 8.836969842405438882e-04 1.027639317789194378e-03 7.660073802913289320e+00 7.676822714376755046e-04
1.400000000000000000e+01 1.400000000000000000e+01 1.400000000000000000e+01 1.055636425582231475e-01 1.055636425582230919e-01 1.179012734816998337e-01 7.002156760239937050e+00 7.002156760239937050e+00 7.002156760239937050e+00 8.473775736786170500e-04 8.473775736786231215e-04 9.835130644163438823e-04 7.785112316489002815e+00 7.373600964729246478e-04
1.425000000000000000e+01 1.425000000000000000e+01 1.425000000000000000e+01 1.026045498446267051e-01 1.026045498446267468e-01 1.162563239286031197e-01 7.127195273815649657e+00 7.127195273815649657e+00 7.127195273815649657e+00 8.129710406966193662e-04 8.129710406966232693e-04 9.418264568270420063e-04 7.910150830064715421e+00 7.085663931705954649e-04
1.450000000000000000e+01 1.450000000000000000e+01 1.450000000000000000e+01 9.980853221554554511e-02 9.980853221554553123e-02 1.147022783773899018e-01 7.252233787391364039e+00 7.252233787391364039e+00 7.252233787391364039e+00 7.803513279795802181e-04 7.803513279795846634e-04 9.024115899505053212e-04 8.035189343640430693e+00 6.812065972396272838e-04
1.475000000000000000e+01 1.475000000000000000e+01 1.475000000000000000e+01 9.717955524759383512e-02 9.717955524759376573e-02 1.132985676600969521e-01 7.377272300967076646e+00 7.377272300967076646e+00 7.377272300967076646e+00 7.494038782750761952e-04 7.494038782750831341e-04 8.651132325286241048e-04 8.160227857216142411e+00 6.551919967729762876e-04
1.500000000000000000e+01 1.500000000000000000e+01 1.500000000000000000e+01 9.469295814051688354e-02 9.469295814051693905e-02 1.119696224501557924e-01 7.502310814542789252e+00 7.502310814542789252e+00 7.502310814542789252e+00 7.200217326727994345e-04 7.200217326728074576e-04 8.297903313393272407e-04 8.285266370791855906e+00 6.304418088400238519e-04
1.525000000000000000e+01 1.525000000000000000e+01 1.525000000000000000e+01 9.235222923181589383e-02 9.235222923181593546e-02 1.107690447311335535e-01 7.627349328118502747e+00 7.627349328118502747e+00 7.627349328118502747e+00 6.921075406161888250e-04 6.921075406161983660e-04 7.963120056444126463e-04 8.410304884367569400e+00 6.068799997383892428e-04
1.550000000000000000e+01 1.550000000000000000e+01 1.550000000000000000e+01 9.013650957842334055e-02 9.013650957842334055e-02 1.096301284439824553e-01 7.752387841694215354e+00 7.752387841694215354e+00 7.752387841694215354e+00 6.655700953316331979e-04 6.655700953316439315e-04 7.645591001886784758e-04 8.535343397943281119e+00 5.844372579975618334e-04
1.575000000000000000e+01 1.575000000000000000e+01 1.575000000000000000e+01 8.804885408572865613e-02 8.804885408572868388e-02 1.086012885078541795e-01 7.877426355269929736e+00 7.877426355269929736e+00 7.877426355269929736e+00 6.403262708611547754e-04 6.403262708611640996e-04 7.344206689044091357e-04 8.660381911518996390e+00 5.630481427856712196e-04
1.600000000000000000e+01 1.600000000000000000e+01 1.600000000000000000e+01 8.607155287306522684e-02 8.607155287306525460e-02 1.076234355554297334e-01 8.002464868845642343e+00 8.002464868845642343e+00 8.002464868845642343e+00 6.162979315600710783e-04 6.162979315600789930e-04 7.057955301137526461e-04 8.785420425094708108e+00 5.426529463636952213e-04
1.625000000000000000e+01 1.625000000000000000e+01 1.625000000000000000e+01 8.420727124936708274e-02 8.420727124936709662e-02 1.067403450572955853e-01 8.127503382421354061e+00 8.127503382421354061e+00 8.127503382421354061e+00 5.934137799937405948e-04 5.934137799937490515e-04 6.785891610008548507e-04 8.910458938670419826e+00 5.231951296262301676e-04
1.650000000000000000e+01 1.650000000000000000e+01 1.650000000000000000e+01 8.244092322065751932e-02 8.244092322065757483e-02 1.058995245784839362e-01 8.252541895997069332e+00 8.252541895997069332e+00 8.252541895997069332e+00 5.716065902580784192e-04 5.716065902580835150e-04 6.527152228264088011e-04 9.035497452246135097e+00 5.046230707867391512e-04
1.675000000000000000e+01 1.675000000000000000e+01 1.675000000000000000e+01 8.077482654278775320e-02 8.077482654278778096e-02 1.051405783220476231e-01 8.377580409572781051e+00 8.377580409572781051e+00 8.377580409572781051e+00 5.508149567437956810e-04 5.508149567437991504e-04 6.280928048101871520e-04 9.160535965821846816e+00 4.868877546423280400e-04
1.700000000000000000e+01 1.700000000000000000e+01 1.700000000000000000e+01 7.919609395780113914e-02 7.919609395780116690e-02 1.044167717202053730e-01 8.502618923148494545e+00 8.502618923148494545e+00 8.502618923148494545e+00 5.309808108568672344e-04 5.309808108568696196e-04 6.046478973058738498e-04 9.285574479397560310e+00 4.699444068484519808e-04
1.725000000000000000e+01 1.725000000000000000e+01 1.725000000000000000e+01 7.770673492891076728e-02 7.770673492891075340e-02 1.037639387249156692e-01 8.627657436724208040e+00 8.627657436724208040e+00 8.627657436724208040e+00 5.120510649456145539e-04 5.120510649456139034e-04 5.823109366065474732e-04 9.410612992973273805e+00 4.537504095107822155e-04
1.750000000000000000e+01 1.750000000000000000e+01 1.750000000000000000e+01 7.629571480385476112e-02 7.629571480385483051e-02 1.031404086328716607e-01 8.752695950299919758e+00 8.752695950299919758e+00 8.752695950299919758e+00 4.939753796105412565e-04 4.939753796105398470e-04 5.610182111960211084e-04 9.535651506548985523e+00 4.382668221859286955e-04
1.775000000000000000e+01 1.775000000000000000e+01 1.775000000000000000e+01 7.496477075870379425e-02 7.496477075870382201e-02 1.025785892080554734e-01 8.877734463875635029e+00 8.877734463875635029e+00 8.877734463875635029e+00 4.767077000716194238e-04 4.767077000716160627e-04 5.407096687752650961e-04 9.660690020124700794e+00 4.234565012346286784e-04
1.800000000000000000e+01 1.800000000000000000e+01 1.800000000000000000e+01 7.370443751503354124e-02 7.370443751503347185e-02 1.020412969288322785e-01 9.002772977451346748e+00 9.002772977451346748e+00 9.002772977451346748e+00 4.602042472348075240e-04 4.602042472348004225e-04 5.213302457794883119e-04 9.785728533700412513e+00 4.092855099294105551e-04
1.825000000000000000e+01 1.825000000000000000e+01 1.825000000000000000e+01 7.251621255914822428e-02 7.251621255914822428e-02 1.015578089794410416e-01 9.127811491027060242e+00 9.127811491027060242e+00 9.127811491027060242e+00 4.444249458418811751e-04 4.444249458418745072e-04 5.028279054548220840e-04 9.910767047276126007e+00 3.957214229706039368e-04
1.850000000000000000e+01 1.850000000000000000e+01 1.850000000000000000e+01 7.139196718400987740e-02 7.139196718400990516e-02 1.010949479017453495e-01 9.252850004602773737e+00 9.252850004602773737e+00 9.252850004602773737e+00 4.293316172244104434e-04 4.293316172244030708e-04 4.851548844156137802e-04 1.003580556085183950e+01 3.827346290037658195e-04
1.875000000000000000e+01 1.875000000000000000e+01 1.875000000000000000e+01 7.033298841291521497e-02 7.033298841291521497e-02 1.006791145303617130e-01 9.377888518178485455e+00 9.377888518178485455e+00 9.377888518178485455e+00 4.148893000080090951e-04 4.148893000080023188e-04 4.682659364693622780e-04 1.016084407442755122e+01 3.702968050646302423e-04
1.900000000000000000e+01 1.900000000000000000e+01 1.900000000000000000e+01 6.933229202549621994e-02 6.933229202549617831e-02 1.002807347452087522e-01 9.502927031754200726e+00 9.502927031754200726e+00 9.502927031754200726e+00 4.010646263485663499e-04 4.010646263485607120e-04 4.521194925123244476e-04 1.028588258800326649e+01 3.583821155941270694e-04
1.925000000000000000e+01 1.925000000000000000e+01 1.925000000000000000e+01 6.839098058428236260e-02 6.839098058428234872e-02 9.992355178051857967e-02 9.627965545329912445e+00 9.627965545329912445e+00 9.627965545329912445e+00 3.878270369676775479e-04 3.878270369676709885e-04 4.366760894345971433e-04 1.041092110157897821e+01 3.469658445825385320e-04
1.950000000000000000e+01 1.950000000000000000e+01 1.950000000000000000e+01 6.750305537635779840e-02 6.750305537635777064e-02 9.958125688770458339e-02 9.753004058905625939e+00 9.753004058905625939e+00 9.753004058905625939e+00 3.751473258759760432e-04 3.751473258759692128e-04 4.218994414157105637e-04 1.053595961515469170e+01 3.360254960145757624e-04
1.975000000000000000e+01 1.975000000000000000e+01 1.975000000000000000e+01 6.666945748362548829e-02 6.666945748362548829e-02 9.927512388671934362e-02 9.878042572481339434e+00 9.878042572481339434e+00 9.878042572481339434e+00 3.629987522643756933e-04 3.629987522643678328e-04 4.077550369545723113e-04 1.066099812873040520e+01 3.255395743919543166e-04
2.000000000000000000e+01 2.000000000000000000e+01 2.000000000000000000e+01 6.588504182647067497e-02 6.588504182647070273e-02 9.898182531212444679e-02 1.000308108605705115e+01 1.000308108605705115e+01 1.000308108605705115e+01 3.513557414816611451e-04 3.513557414816515499e-04 3.942111208447411121e-04 1.078603664230611692e+01 3.154885927078340379e-04
2.025000000000000000e+01 2.025000000000000000e+01 2.025000000000000000e+01 6.515060818998626158e-02 6.515060818998623382e-02 9.872032729546575958e-02 1.012811959963276642e+01 1.012811959963276642e+01 1.012811959963276642e+01 3.401948969494306249e-04 3.401948969494183734e-04 3.812374453998384669e-04 1.091107515588183219e+01 3.058539951962726947e-04
2.050000000000000000e+01 2.050000000000000000e+01 2.050000000000000000e+01 6.446175560586486775e-02 6.446175560586483999e-02 9.847004472313711232e-02 1.025315811320847814e+01 1.025315811320847814e+01 1.025315811320847814e+01 3.294938476742862712e-04 3.294938476742727729e-04 3.688061632152987040e-04 1.103611366945754391e+01 2.966190808362796465e-04
2.075000000000000000e+01 2.075000000000000000e+01 2.075000000000000000e+01 6.381916017857020007e-02 6.381916017857018619e-02 9.824777472669130041e-02 1.037819662678419164e+01 1.037819662678419164e+01 1.037819662678419164e+01 3.192321640639490810e-04 3.192321640639365584e-04 3.568907211791454885e-04 1.116115218303325740e+01 2.877680661691593310e-04
2.100000000000000000e+01 2.100000000000000000e+01 2.100000000000000000e+01 6.321907410177940445e-02 6.321907410177941833e-02 9.803547375647884976e-02 1.050323514035990513e+01 1.050323514035990513e+01 1.050323514035990513e+01 3.093903447516052380e-04 3.093903447515941249e-04 3.454666646746311462e-04 1.128619069660897090e+01 2.792869356830454848e-04
2.125000000000000000e+01 2.125000000000000000e+01 2.125000000000000000e+01 6.266206506713178914e-02 6.266206506713178914e-02 9.784788844804548358e-02 1.062827365393561863e+01 1.062827365393561863e+01 1.062827365393561863e+01 2.999506412102883159e-04 2.999506412102788833e-04 3.345106651184925027e-04 1.141122921018468439e+01 2.711626483283112064e-04
2.150000000000000000e+01 2.150000000000000000e+01 2.150000000000000000e+01 6.214496304001607130e-02 6.214496304001608518e-02 9.766934851884320756e-02 1.075331216751133212e+01 1.075331216751133212e+01 1.075331216751133212e+01 2.908961794958926108e-04 2.908961794958844793e-04 3.240012366029759033e-04 1.153626772376039789e+01 2.633839322191454738e-04
2.175000000000000000e+01 2.175000000000000000e+01 2.175000000000000000e+01 6.166824042136091755e-02 6.166824042136087591e-02 9.751265080122568929e-02 1.087835068108704384e+01 1.087835068108704384e+01 1.087835068108704384e+01 2.822117003245775573e-04 2.822117003245700763e-04 3.139178895899278005e-04 1.166130623733610960e+01 2.559406477644159648e-04
2.200000000000000000e+01 2.200000000000000000e+01 2.200000000000000000e+01 6.122924271128066254e-02 6.122924271128067641e-02 9.736435791633687997e-02 1.100338919466275733e+01 1.100338919466275733e+01 1.100338919466275733e+01 2.738828151625063751e-04 2.738828151624985688e-04 3.042417611536012644e-04 1.178634475091182310e+01 2.488245551037041340e-04
2.225000000000000000e+01 2.225000000000000000e+01 2.225000000000000000e+01 6.082835817868803563e-02 6.082835817868802175e-02 9.723540174176269202e-02 1.112842770823847083e+01 1.112842770823847083e+01 1.112842770823847083e+01 2.658966719170383964e-04 2.658966719170301565e-04 2.949548890950686136e-04 1.191138326448753659e+01 2.420288620802738737e-04
2.250000000000000000e+01 2.250000000000000000e+01 2.250000000000000000e+01 6.046339685604792957e-02 6.046339685604792957e-02 9.711446170362432462e-02 1.125346622181418432e+01 1.125346622181418432e+01 1.125346622181418432e+01 2.582413512028965542e-04 2.582413512028875011e-04 2.860407567895169507e-04 1.203642177806325009e+01 2.355490110255903705e-04
2.275000000000000000e+01 2.275000000000000000e+01 2.275000000000000000e+01 6.013467223561180797e-02 6.013467223561179409e-02 9.701067534861984587e-02 1.137850473538989782e+01 1.137850473538989782e+01 1.137850473538989782e+01 2.509064756886601874e-04 2.509064756886523269e-04 2.774836830247674139e-04 1.216146029163896358e+01 2.293824613031775217e-04
2.300000000000000000e+01 2.300000000000000000e+01 2.300000000000000000e+01 5.984041759033640467e-02 5.984041759033643243e-02 9.691474413487143058e-02 1.150354324896560954e+01 1.150354324896560954e+01 1.150354324896560954e+01 2.438827664260058382e-04 2.438827664260019080e-04 2.692692804865950908e-04 1.228649880521467530e+01 2.235295603894897566e-04
2.325000000000000000e+01 2.325000000000000000e+01 2.325000000000000000e+01 5.958087932516877711e-02 5.958087932516877017e-02 9.683406899821760117e-02 1.162858176254132303e+01 1.162858176254132303e+01 1.162858176254132303e+01 2.371626396186006416e-04 2.371626396186029184e-04 2.613839393937584881e-04 1.241153731879038880e+01 2.179936281903198153e-04
2.350000000000000000e+01 2.350000000000000000e+01 2.350000000000000000e+01 5.935468117189266618e-02 5.935468117189263842e-02 9.676129764935526012e-02 1.175362027611703652e+01 1.175362027611703652e+01 1.175362027611703652e+01 2.307400512955369131e-04 2.307400512955456952e-04 2.538149245583010052e-04 1.253657583236610229e+01 2.127822863573318186e-04
2.375000000000000000e+01 2.375000000000000000e+01 2.375000000000000000e+01 5.916200858626988190e-02 5.916200858626986803e-02 9.670214028959599195e-02 1.187865878969275002e+01 1.187865878969275002e+01 1.187865878969275002e+01 2.246119899003707070e-04 2.246119899003841511e-04 2.465469853647624891e-04 1.266161434594181578e+01 2.079120565164681929e-04
2.400000000000000000e+01 2.400000000000000000e+01 2.400000000000000000e+01 5.900185055694329855e-02 5.900185055694332631e-02 9.665113227641490556e-02 1.200369730326846351e+01 1.200369730326846351e+01 1.200369730326846351e+01 2.187848930040242677e-04 2.187848930040407476e-04 2.395420086462217370e-04 1.278665285951752928e+01 2.034411114314692824e-04
2.425000000000000000e+01 2.425000000000000000e+01 2.425000000000000000e+01 5.887433627005896064e-02 5.887433627005893289e-02 9.661232793892968185e-02 1.212873581684417523e+01 1.212873581684417523e+01 1.212873581684417523e+01 2.133066032749656479e-04 2.133066032749843233e-04 2.326568139209470010e-04 1.291169137309324100e+01 1.996087815071703828e-04
2.450000000000000000e+01 2.450000000000000000e+01 2.450000000000000000e+01 5.877880164755408532e-02 5.877880164755409920e-02 9.658210747004006280e-02 1.225377433041988873e+01 1.225377433041988873e+01 1.225377433041988873e+01 2.083590691509864526e-04 2.083590691510044232e-04 2.255009899144096457e-04 1.303672988666895449e+01 1.971510607186425807e-04
2.475000000000000000e+01 2.475000000000000000e+01 2.475000000000000000e+01 5.871532289821912443e-02 5.871532289821913136e-02 9.656289379770735537e-02 1.237881284399560222e+01 1.237881284399560222e+01 1.237881284399560222e+01 2.043943658488832197e-04 2.043943658488985341e-04 2.175556176329187402e-04 1.316176840024466799e+01 1.974365198644249168e-04
2.500000000000000000e+01 2.500000000000000000e+01 2.500000000000000000e+01 5.868357093016256937e-02 5.868357093016250692e-02 9.655288394179364908e-02 1.250385135757131572e+01 1.250385135757131572e+01 1.250385135757131572e+01 2.021184350868296745e-04 2.021184350868440401e-04 2.090189782836906248e-04 1.328680691382038148e+01 2.015921293661291952e-04
