-2.500000000000000000e+01 -2.500000000000000000e+01 -2.500000000000000000e+01 1.066003791424543178e-02 1.066003791424543524e-02 1.081126497327277065e-02 -1.250385135757131572e+01 -1.250385135757131572e+01 -1.250385135757131572e+01 8.264861394701711718e-04 8.264861394701664013e-04 8.255150147830905231e-04 -1.240385135757131607e+01 8.280376969490493627e-04
-2.475000000000000000e+01 -2.475000000000000000e+01 -2.475000000000000000e+01 1.065589283913561357e-02 1.065589283913561010e-02 1.080709759919445956e-02 -1.237881284399560222e+01 -1.237881284399560222e+01 -1.237881284399560222e+01 8.328500456295566618e-04 8.328500456295471208e-04 8.296408363850496298e-04 -1.227881284399560258e+01 8.366297152874539169e-04
-2.450000000000000000e+01 -2.450000000000000000e+01 -2.450000000000000000e+01 1.064764155075402161e-02 1.064764155075402161e-02 1.079879269435629272e-02 -1.225377433041988873e+01 -1.225377433041988873e+01 -1.225377433041988873e+01 8.441249441247127873e-04 8.441249441247007526e-04 8.392756932947384625e-04 -1.215377433041988908e+01 8.495280096716474908e-04
-2.425000000000000000e+01 -2.425000000000000000e+01 -2.425000000000000000e+01 1.063521342256682628e-02 1.063521342256681934e-02 1.078629757534912623e-02 -1.212873581684417523e+01 -1.212873581684417523e+01 -1.212873581684417523e+01 8.585567953755001737e-04 8.585567953754895485e-04 8.525513983984700332e-04 -1.202873581684417559e+01 8.650970096151140449e-04
-2.400000000000000000e+01 -2.400000000000000000e+01 -2.400000000000000000e+01 1.061872487426036328e-02 1.061872487426036848e-02 1.076970153587119075e-02 -1.200369730326846351e+01 -1.200369730326846351e+01 -1.200369730326846351e+01 8.750087336132530806e-04 8.750087336132437565e-04 8.680862366963650999e-04 -1.190369730326846387e+01 8.824479391199787932e-04
-2.375000000000000000e+01 -2.375000000000000000e+01 -2.375000000000000000e+01 1.059803540133297424e-02 1.059803540133297424e-02 1.074890009652404270e-02 -1.187865878969275002e+01 -1.187865878969275002e+01 -1.187865878969275002e+01 8.930042272674745645e-04 8.930042272674653487e-04 8.852551790966697257e-04 -1.177865878969275037e+01 9.012544209993279430e-04
-2.350000000000000000e+01 -2.350000000000000000e+01 -2.350000000000000000e+01 1.057333847594990606e-02 1.057333847594991126e-02 1.072404128356307766e-02 -1.175362027611703652e+01 -1.175362027611703652e+01 -1.175362027611703652e+01 9.123968761065887490e-04 9.123968761065770396e-04 9.038592500970324059e-04 -1.165362027611703688e+01 9.214232026551566436e-04
-2.325000000000000000e+01 -2.325000000000000000e+01 -2.325000000000000000e+01 1.054442524795041677e-02 1.054442524795042024e-02 1.069497063392611975e-02 -1.162858176254132303e+01 -1.162858176254132303e+01 -1.162858176254132303e+01 9.331445153166268358e-04 9.331445153166113317e-04 9.238407097342100872e-04 -1.152858176254132339e+01 9.429277365208188141e-04
-2.300000000000000000e+01 -2.300000000000000000e+01 -2.300000000000000000e+01 1.051156537308643203e-02 1.051156537308643203e-02 1.066189367951811233e-02 -1.150354324896560954e+01 -1.150354324896560954e+01 -1.150354324896560954e+01 9.552325640129297624e-04 9.552325640129172941e-04 9.451778069213623637e-04 -1.140354324896560989e+01 9.657604494073783593e-04
-2.275000000000000000e+01 -2.275000000000000000e+01 -2.275000000000000000e+01 1.047448404374170389e-02 1.047448404374169868e-02 1.062460878769051938e-02 -1.137850473538989782e+01 -1.137850473538989782e+01 -1.137850473538989782e+01 9.786577380660229763e-04 9.786577380660143027e-04 9.678616922811929648e-04 -1.127850473538989817e+01 9.899233949987274947e-04
-2.250000000000000000e+01 -2.250000000000000000e+01 -2.250000000000000000e+01 1.043352582578880965e-02 1.043352582578880965e-02 1.058337721295749163e-02 -1.125346622181418432e+01 -1.125346622181418432e+01 -1.125346622181418432e+01 1.003425197938519588e-03 1.003425197938513950e-03 9.918925924827313566e-04 -1.115346622181418468e+01 1.015426442557554668e-03
-2.225000000000000000e+01 -2.225000000000000000e+01 -2.225000000000000000e+01 1.038835331109712323e-02 1.038835331109713017e-02 1.053795408894952004e-02 -1.112842770823847083e+01 -1.112842770823847083e+01 -1.112842770823847083e+01 1.029547592983368152e-03 1.029547592983365550e-03 1.017278702791256546e-03 -1.102842770823847118e+01 1.042286489835073235e-03
-2.200000000000000000e+01 -2.200000000000000000e+01 -2.200000000000000000e+01 1.033938423782079959e-02 1.033938423782079438e-02 1.048865398517928073e-02 -1.100338919466275733e+01 -1.100338919466275733e+01 -1.100338919466275733e+01 1.057044459734942212e-03 1.057044459734941778e-03 1.044035514458287401e-03 -1.090338919466275769e+01 1.070526948369066684e-03
-2.175000000000000000e+01 -2.175000000000000000e+01 -2.175000000000000000e+01 1.028622308241972441e-02 1.028622308241972788e-02 1.043519402856430724e-02 -1.087835068108704384e+01 -1.087835068108704384e+01 -1.087835068108704384e+01 1.085941705180439639e-03 1.085941705180441374e-03 1.072185217037465062e-03 -1.077835068108704419e+01 1.100177299633339984e-03
-2.150000000000000000e+01 -2.150000000000000000e+01 -2.150000000000000000e+01 1.022935847210284729e-02 1.022935847210284729e-02 1.037793897890047085e-02 -1.075331216751133212e+01 -1.075331216751133212e+01 -1.075331216751133212e+01 1.116271269011228501e-03 1.116271269011234139e-03 1.101756299503655126e-03 -1.065331216751133248e+01 1.131272826252892067e-03
-2.125000000000000000e+01 -2.125000000000000000e+01 -2.125000000000000000e+01 1.016834259568123386e-02 1.016834259568123212e-02 1.031657470196794407e-02 -1.062827365393561863e+01 -1.062827365393561863e+01 -1.062827365393561863e+01 1.148070820227996584e-03 1.148070820228006125e-03 1.132783179338350864e-03 -1.052827365393561898e+01 1.163854362458239828e-03
-2.100000000000000000e+01 -2.100000000000000000e+01 -2.100000000000000000e+01 1.010373203520157324e-02 1.010373203520156977e-02 1.025151218568224123e-02 -1.050323514035990513e+01 -1.050323514035990513e+01 -1.050323514035990513e+01 1.181383615798179418e-03 1.181383615798188742e-03 1.165306015094809368e-03 -1.040323514035990549e+01 1.197968207399590984e-03
-2.075000000000000000e+01 -2.075000000000000000e+01 -2.075000000000000000e+01 1.003503414347595678e-02 1.003503414347595851e-02 1.018241459640897677e-02 -1.037819662678419164e+01 -1.037819662678419164e+01 -1.037819662678419164e+01 1.216258358427749512e-03 1.216258358427757319e-03 1.199370510919089321e-03 -1.027819662678419199e+01 1.233666020935074003e-03
-2.050000000000000000e+01 -2.050000000000000000e+01 -2.050000000000000000e+01 9.962869737543234017e-03 9.962869737543244425e-03 1.010973419753131812e-02 -1.025315811320847814e+01 -1.025315811320847814e+01 -1.025315811320847814e+01 1.252749208068277284e-03 1.252749208068282922e-03 1.235027894750609194e-03 -1.015315811320847850e+01 1.271004879553443156e-03
-2.025000000000000000e+01 -2.025000000000000000e+01 -2.025000000000000000e+01 9.886710773468780286e-03 9.886710773468787225e-03 1.003312221784033627e-02 -1.012811959963276642e+01 -1.012811959963276642e+01 -1.012811959963276642e+01 1.290915764656789177e-03 1.290915764656792213e-03 1.272334858017856599e-03 -1.002811959963276678e+01 1.310047285936544138e-03
-2.000000000000000000e+01 -2.000000000000000000e+01 -2.000000000000000000e+01 9.807237628386474698e-03 9.807237628386476433e-03 9.953066060997549022e-03 -1.000308108605705115e+01 -1.000308108605705115e+01 -1.000308108605705115e+01 1.330823204048843002e-03 1.330823204048843652e-03 1.311353667093440945e-03 -9.903081086057051508e+00 1.350861343222804203e-03
-1.975000000000000000e+01 -1.975000000000000000e+01 -1.975000000000000000e+01 9.723898755663580237e-03 9.723898755663590646e-03 9.869218472188355171e-03 -9.878042572481339434e+00 -9.878042572481339434e+00 -9.878042572481339434e+00 1.372542363380868180e-03 1.372542363380867096e-03 1.352152211760906247e-03 -9.778042572481339789e+00 1.393520859892473937e-03
-1.950000000000000000e+01 -1.950000000000000000e+01 -1.950000000000000000e+01 9.637428251038394900e-03 9.637428251038396634e-03 9.782094438517425355e-03 -9.753004058905625939e+00 -9.753004058905625939e+00 -9.753004058905625939e+00 1.416149985455426906e-03 1.416149985455424738e-03 1.394804230595779156e-03 -9.653004058905626295e+00 1.438105629666973362e-03
-1.925000000000000000e+01 -1.925000000000000000e+01 -1.925000000000000000e+01 9.547266012627099452e-03 9.547266012627101187e-03 9.691364996462125542e-03 -9.627965545329912445e+00 -9.627965545329912445e+00 -9.627965545329912445e+00 1.461728895298446953e-03 1.461728895298445218e-03 1.439389453606550445e-03 -9.527965545329912800e+00 1.484701623193611895e-03
-1.900000000000000000e+01 -1.900000000000000000e+01 -1.900000000000000000e+01 9.454192583736035355e-03 9.454192583736030150e-03 9.597563441732520281e-03 -9.502927031754200726e+00 -9.502927031754200726e+00 -9.502927031754200726e+00 1.509368346678470517e-03 1.509368346678471385e-03 1.485993932699609076e-03 -9.402927031754201082e+00 1.533401369717976711e-03
-1.875000000000000000e+01 -1.875000000000000000e+01 -1.875000000000000000e+01 9.357658075257029376e-03 9.357658075257025906e-03 9.500400001723148524e-03 -9.377888518178485455e+00 -9.377888518178485455e+00 -9.377888518178485455e+00 1.559164286879675216e-03 1.559164286879679119e-03 1.534710273125010132e-03 -9.277888518178485810e+00 1.584304234745368680e-03
-1.850000000000000000e+01 -1.850000000000000000e+01 -1.850000000000000000e+01 9.258480451398818853e-03 9.258480451398815383e-03 9.400414921451190689e-03 -9.252850004602773737e+00 -9.252850004602773737e+00 -9.252850004602773737e+00 1.611219806656176423e-03 1.611219806656183796e-03 1.585638068414968243e-03 -9.152850004602774092e+00 1.637516906700308252e-03
-1.825000000000000000e+01 -1.825000000000000000e+01 -1.825000000000000000e+01 9.156143609824474172e-03 9.156143609824474172e-03 9.297383673302231019e-03 -9.127811491027060242e+00 -9.127811491027060242e+00 -9.127811491027060242e+00 1.665645497084109437e-03 1.665645497084117027e-03 1.638884222614107444e-03 -9.027811491027060598e+00 1.693153766117900649e-03
-1.800000000000000000e+01 -1.800000000000000000e+01 -1.800000000000000000e+01 9.051491749406401569e-03 9.051491749406401569e-03 9.191839555140879706e-03 -9.002772977451346748e+00 -9.002772977451346748e+00 -9.002772977451346748e+00 1.722560010702285996e-03 1.722560010702290333e-03 1.694563495892039730e-03 -8.902772977451347103e+00 1.751337486661045826e-03
-1.775000000000000000e+01 -1.775000000000000000e+01 -1.775000000000000000e+01 8.944072204724052774e-03 8.944072204724049305e-03 9.083655816758334084e-03 -8.877734463875635029e+00 -8.877734463875635029e+00 -8.877734463875635029e+00 1.782090520362667949e-03 1.782090520362670984e-03 1.752798925858455514e-03 -8.777734463875635385e+00 1.812199507216761879e-03
-1.750000000000000000e+01 -1.750000000000000000e+01 -1.750000000000000000e+01 8.834741563235550335e-03 8.834741563235555539e-03 8.973341816045865560e-03 -8.752695950299919758e+00 -8.752695950299919758e+00 -8.752695950299919758e+00 1.844373405345481418e-03 1.844373405345478382e-03 1.813722496241579113e-03 -8.652695950299920113e+00 1.875880762580256229e-03
-1.725000000000000000e+01 -1.725000000000000000e+01 -1.725000000000000000e+01 8.723147967596614483e-03 8.723147967596612748e-03 8.860909300999138954e-03 -8.627657436724208040e+00 -8.627657436724208040e+00 -8.627657436724208040e+00 1.909554828087305046e-03 1.909554828087293337e-03 1.877475671623295584e-03 -8.527657436724208395e+00 1.942532275734440992e-03
-1.700000000000000000e+01 -1.700000000000000000e+01 -1.700000000000000000e+01 8.610143268276235218e-03 8.610143268276233483e-03 8.746822909340238109e-03 -8.502618923148494545e+00 -8.502618923148494545e+00 -8.502618923148494545e+00 1.977791565321936409e-03 1.977791565321918629e-03 1.944210207830005411e-03 -8.402618923148494900e+00 2.012316039834367246e-03
-1.675000000000000000e+01 -1.675000000000000000e+01 -1.675000000000000000e+01 8.495523649953115250e-03 8.495523649953115250e-03 8.631284017538893433e-03 -8.377580409572781051e+00 -8.377580409572781051e+00 -8.377580409572781051e+00 2.049251725029204840e-03 2.049251725029184457e-03 2.014088820806317695e-03 -8.277580409572781406e+00 2.085405754502361875e-03
-1.650000000000000000e+01 -1.650000000000000000e+01 -1.650000000000000000e+01 8.380115053291862723e-03 8.380115053291859253e-03 8.514687121198117464e-03 -8.252541895997069332e+00 -8.252541895997069332e+00 -8.252541895997069332e+00 2.124115749724188318e-03 2.124115749724168369e-03 2.087286164289501970e-03 -8.152541895997069687e+00 2.161987888015006777e-03
-1.625000000000000000e+01 -1.625000000000000000e+01 -1.625000000000000000e+01 8.263921607908154832e-03 8.263921607908156566e-03 8.397487668059028590e-03 -8.127503382421354061e+00 -8.127503382421354061e+00 -8.127503382421354061e+00 2.202577303514455156e-03 2.202577303514440411e-03 2.163989660865308067e-03 -8.027503382421354416e+00 2.242262589218020803e-03
-1.600000000000000000e+01 -1.600000000000000000e+01 -1.600000000000000000e+01 8.147717173314767553e-03 8.147717173314772757e-03 8.279978891063596511e-03 -8.002464868845642343e+00 -8.002464868845642343e+00 -8.002464868845642343e+00 2.284844483133393386e-03 2.284844483133380809e-03 2.244400680686778338e-03 -7.902464868845642698e+00 2.326444967628598769e-03
-1.575000000000000000e+01 -1.575000000000000000e+01 -1.575000000000000000e+01 8.031790098092447816e-03 8.031790098092453020e-03 8.162951885528318963e-03 -7.877426355269929736e+00 -7.877426355269929736e+00 -7.877426355269929736e+00 2.371140914243573521e-03 2.371140914243563980e-03 2.328735571640019788e-03 -7.777426355269930092e+00 2.414766222193362715e-03
-1.550000000000000000e+01 -1.550000000000000000e+01 -1.550000000000000000e+01 7.916829812492795493e-03 7.916829812492795493e-03 8.046560495267715205e-03 -7.752387841694215354e+00 -7.752387841694215354e+00 -7.752387841694215354e+00 2.461707216366766128e-03 2.461707216366757454e-03 2.417227082994500686e-03 -7.652387841694215709e+00 2.507475188071834043e-03
-1.525000000000000000e+01 -1.525000000000000000e+01 -1.525000000000000000e+01 7.803506450436927325e-03 7.803506450436924723e-03 7.932035240748853619e-03 -7.627349328118502747e+00 -7.627349328118502747e+00 -7.627349328118502747e+00 2.556802359276371187e-03 2.556802359276370319e-03 2.510125642778990827e-03 -7.527349328118503102e+00 2.604839735706322972e-03
-1.500000000000000000e+01 -1.500000000000000000e+01 -1.500000000000000000e+01 7.692385030633053754e-03 7.692385030633052019e-03 7.819343828202844279e-03 -7.502310814542789252e+00 -7.502310814542789252e+00 -7.502310814542789252e+00 2.656705441465675738e-03 2.656705441465679208e-03 2.607701083123263944e-03 -7.402310814542789608e+00 2.707148647228992989e-03
-1.475000000000000000e+01 -1.475000000000000000e+01 -1.475000000000000000e+01 7.584642926840245991e-03 7.584642926840248593e-03 7.710288959571102302e-03 -7.377272300967076646e+00 -7.377272300967076646e+00 -7.377272300967076646e+00 2.761717372595712868e-03 2.761717372595713735e-03 2.710244227326598192e-03 -7.277272300967077001e+00 2.814713355191528037e-03
-1.450000000000000000e+01 -1.450000000000000000e+01 -1.450000000000000000e+01 7.480671331884012829e-03 7.480671331884012829e-03 7.604594839231884618e-03 -7.252233787391364039e+00 -7.252233787391364039e+00 -7.252233787391364039e+00 2.872163042677706481e-03 2.872163042677705180e-03 2.818068990335446423e-03 -7.152233787391364395e+00 2.927870230013687302e-03
-1.425000000000000000e+01 -1.425000000000000000e+01 -1.425000000000000000e+01 7.382317121282581419e-03 7.382317121282581419e-03 7.504807231729737453e-03 -7.127195273815649657e+00 -7.127195273815649657e+00 -7.127195273815649657e+00 2.988393416370015501e-03 2.988393416370012899e-03 2.931514356794550150e-03 -7.027195273815650012e+00 3.046982748586677184e-03
-1.400000000000000000e+01 -1.400000000000000000e+01 -1.400000000000000000e+01 7.289736608465733313e-03 7.289736608465735915e-03 7.410336409048928416e-03 -7.002156760239937050e+00 -7.002156760239937050e+00 -7.002156760239937050e+00 3.110788193140005906e-03 3.110788193140000702e-03 3.050946952028538162e-03 -6.902156760239937405e+00 3.172444298552008161e-03
-1.375000000000000000e+01 -1.375000000000000000e+01 -1.375000000000000000e+01 7.205657418439302166e-03 7.205657418439300431e-03 7.324692667606372797e-03 -6.877118246664223555e+00 -6.877118246664223555e+00 -6.877118246664223555e+00 3.239758425498954347e-03 3.239758425498953914e-03 3.176763517270439572e-03 -6.777118246664223911e+00 3.304680894715011658e-03
-1.350000000000000000e+01 -1.350000000000000000e+01 -1.350000000000000000e+01 7.129925605367720860e-03 7.129925605367720860e-03 7.246885858986055681e-03 -6.752079733088510949e+00 -6.752079733088510949e+00 -6.752079733088510949e+00 3.375749801142035461e-03 3.375749801142039364e-03 3.309394075646504910e-03 -6.652079733088511304e+00 3.444154638421902635e-03
-1.325000000000000000e+01 -1.325000000000000000e+01 -1.325000000000000000e+01 7.066426580367993031e-03 7.066426580367989561e-03 7.181680032797550448e-03 -6.627041219512798342e+00 -6.627041219512798342e+00 -6.627041219512798342e+00 3.519245932433980560e-03 3.519245932433987499e-03 3.449305044092286845e-03 -6.527041219512798698e+00 3.591367136906431761e-03
-1.300000000000000000e+01 -1.300000000000000000e+01 -1.300000000000000000e+01 7.014603205104581220e-03 7.014603205104580352e-03 7.127578465490309358e-03 -6.502002705937083959e+00 -6.502002705937083959e+00 -6.502002705937083959e+00 3.670772432832430585e-03 3.670772432832440126e-03 3.597003157944047257e-03 -6.402002705937084315e+00 3.746863799734390706e-03
-1.275000000000000000e+01 -1.275000000000000000e+01 -1.275000000000000000e+01 6.979864950471126837e-03 6.979864950471126837e-03 7.090979842063099663e-03 -6.376964192361371353e+00 -6.376964192361371353e+00 -6.376964192361371353e+00 3.830901072565508127e-03 3.830901072565529378e-03 3.753039404047682579e-03 -6.276964192361371708e+00 3.911238166551198221e-03
-1.250000000000000000e+01 -1.250000000000000000e+01 -1.250000000000000000e+01 6.961137212066622129e-03 6.961137212066619527e-03 7.069750771459561677e-03 -6.251925678785657858e+00 -6.251925678785657858e+00 -6.251925678785657858e+00 4.000254877687939650e-03 4.000254877687964804e-03 3.918013920544438991e-03 -6.151925678785658214e+00 4.085137281915603678e-03
-1.225000000000000000e+01 -1.225000000000000000e+01 -1.225000000000000000e+01 6.965842157073638685e-03 6.965842157073632614e-03 7.072430836438776090e-03 -6.126887165209944364e+00 -6.126887165209944364e+00 -6.126887165209944364e+00 4.179513411893322553e-03 4.179513411893352910e-03 4.092580997021964297e-03 -6.026887165209944719e+00 4.269267205709260590e-03
-1.200000000000000000e+01 -1.200000000000000000e+01 -1.200000000000000000e+01 6.992247832466339831e-03 6.992247832466341566e-03 7.096091062535433980e-03 -6.001848651634231757e+00 -6.001848651634231757e+00 -6.001848651634231757e+00 4.369419203316661504e-03 4.369419203316688392e-03 4.277455238564667472e-03 -5.901848651634232112e+00 4.464399789055152785e-03
-1.175000000000000000e+01 -1.175000000000000000e+01 -1.175000000000000000e+01 7.050447528322285710e-03 7.050447528322283976e-03 7.152091772145001761e-03 -5.876810138058518262e+00 -5.876810138058518262e+00 -5.876810138058518262e+00 4.570784501978540811e-03 4.570784501978562495e-03 4.473417963217583317e-03 -5.776810138058518618e+00 4.671379736535080998e-03
-1.150000000000000000e+01 -1.150000000000000000e+01 -1.150000000000000000e+01 7.137881995617600082e-03 7.137881995617598348e-03 7.236515418652473587e-03 -5.751771624482804768e+00 -5.751771624482804768e+00 -5.751771624482804768e+00 4.784499445617099861e-03 4.784499445617112004e-03 4.681325019493066085e-03 -5.651771624482805123e+00 4.891133218553357469e-03
-1.125000000000000000e+01 -1.125000000000000000e+01 -1.125000000000000000e+01 7.268212763000901633e-03 7.268212763000899898e-03 7.364466399526316612e-03 -5.626733110907092161e+00 -5.626733110907092161e+00 -5.626733110907092161e+00 5.011540766853806242e-03 5.011540766853816650e-03 4.902115028733801221e-03 -5.526733110907092517e+00 5.124676986672685279e-03
-1.100000000000000000e+01 -1.100000000000000000e+01 -1.100000000000000000e+01 7.437849375166625913e-03 7.437849375166621577e-03 7.530806607462414703e-03 -5.501694597331378667e+00 -5.501694597331378667e+00 -5.501694597331378667e+00 5.252982257664629874e-03 5.252982257664637680e-03 5.136819384959596252e-03 -5.401694597331379022e+00 5.373129415354910982e-03
-1.075000000000000000e+01 -1.075000000000000000e+01 -1.075000000000000000e+01 7.665259100383251846e-03 7.665259100383250111e-03 7.755654390196438375e-03 -5.376656083755666060e+00 -5.376656083755666060e+00 -5.376656083755666060e+00 5.510006075470512237e-03 5.510006075470512237e-03 5.386572954399832663e-03 -5.276656083755666415e+00 5.637722357716740303e-03
-1.050000000000000000e+01 -1.050000000000000000e+01 -1.050000000000000000e+01 7.945580723031841694e-03 7.945580723031841694e-03 8.032377063971340644e-03 -5.251617570179952565e+00 -5.251617570179952565e+00 -5.251617570179952565e+00 5.783916275272708331e-03 5.783916275272703994e-03 5.652626983512194433e-03 -5.151617570179952921e+00 5.919815432303744164e-03
-1.025000000000000000e+01 -1.025000000000000000e+01 -1.025000000000000000e+01 8.303817881650309846e-03 8.303817881650306376e-03 8.387877903325803228e-03 -5.126579056604239071e+00 -5.126579056604239071e+00 -5.126579056604239071e+00 6.076153612624256815e-03 6.076153612624259417e-03 5.936363101577292641e-03 -5.026579056604239426e+00 6.220911571118567344e-03
-1.000000000000000000e+01 -1.000000000000000000e+01 -1.000000000000000000e+01 8.733567439910149346e-03 8.733567439910144142e-03 8.813715861741113974e-03 -5.001540543028525576e+00 -5.001540543028525576e+00 -5.001540543028525576e+00 6.388313211373441818e-03 6.388313211373440950e-03 6.239310143421533845e-03 -4.901540543028525931e+00 6.542675685410488315e-03
-9.750000000000000000e+00 -9.750000000000000000e+00 -9.750000000000000000e+00 9.268827018197926121e-03 9.268827018197919182e-03 9.346087548964593719e-03 -4.876502029452812970e+00 -4.876502029452812970e+00 -4.876502029452812970e+00 6.722164118776468786e-03 6.722164118776479194e-03 6.563162636038975817e-03 -4.776502029452813325e+00 6.886955238370436397e-03
-9.500000000000000000e+00 -9.500000000000000000e+00 -9.500000000000000000e+00 9.901365761773105179e-03 9.901365761773105179e-03 9.974404585685717889e-03 -4.751463515877100363e+00 -4.751463515877100363e+00 -4.751463515877100363e+00 7.079672608364400918e-03 7.079672608364415663e-03 6.909802947149309982e-03 -4.651463515877100718e+00 7.255804884155697687e-03
-9.250000000000000000e+00 -9.250000000000000000e+00 -9.250000000000000000e+00 1.067772552922362402e-02 1.067772552922362228e-02 1.074777185079444676e-02 -4.626425002301386868e+00 -4.626425002301386868e+00 -4.626425002301386868e+00 7.463028261631678151e-03 7.463028261631689426e-03 7.281325922881565389e-03 -4.526425002301387224e+00 7.651513951456141716e-03
-9.000000000000000000e+00 -9.000000000000000000e+00 -9.000000000000000000e+00 1.158759197717377544e-02 1.158759197717376677e-02 1.165313091355237377e-02 -4.501386488725673374e+00 -4.501386488725673374e+00 -4.501386488725673374e+00 7.874675036021865429e-03 7.874675036021877572e-03 7.680068363292357966e-03 -4.401386488725673729e+00 8.076639323390781208e-03
-8.750000000000000000e+00 -8.750000000000000000e+00 -8.750000000000000000e+00 1.269527938395659077e-02 1.269527938395659077e-02 1.275780647719329877e-02 -4.376347975149959879e+00 -4.376347975149959879e+00 -4.376347975149959879e+00 8.317346411009556018e-03 8.317346411009562956e-03 8.108642191525012102e-03 -4.276347975149960234e+00 8.534042533872914990e-03
-8.500000000000000000e+00 -8.500000000000000000e+00 -8.500000000000000000e+00 1.398826688196165915e-02 1.398826688196165915e-02 1.404606185150774310e-02 -4.251309461574247273e+00 -4.251309461574247273e+00 -4.251309461574247273e+00 8.794107283424041840e-03 8.794107283424038371e-03 8.569974127995544019e-03 -4.151309461574247628e+00 9.026934153494653099e-03
-8.250000000000000000e+00 -8.250000000000000000e+00 -8.250000000000000000e+00 1.555650866408425821e-02 1.555650866408424086e-02 1.561141799259531740e-02 -4.126270947998534666e+00 -4.126270947998534666e+00 -4.126270947998534666e+00 9.308401851792068304e-03 9.308401851792066570e-03 9.067350830846395218e-03 -4.026270947998535021e+00 9.558924416925370857e-03
-8.000000000000000000e+00 -8.000000000000000000e+00 -8.000000000000000000e+00 1.738551092925031197e-02 1.738551092925031891e-02 1.743558390125365953e-02 -4.001232434422821171e+00 -4.001232434422821171e+00 -4.001232434422821171e+00 9.864110796348482535e-03 9.864110796348479065e-03 9.604472940403589384e-03 -3.901232434422821083e+00 1.013408387568121537e-02
-7.750000000000000000e+00 -7.750000000000000000e+00 -7.750000000000000000e+00 1.960299999578136304e-02 1.960299999578135263e-02 1.965055342563560778e-02 -3.876193920847107677e+00 -3.876193920847107677e+00 -3.876193920847107677e+00 1.046561728640090644e-02 1.046561728640090123e-02 1.018551722241143286e-02 -3.776193920847107588e+00 1.075701331054744990e-02
-7.500000000000000000e+00 -7.500000000000000000e+00 -7.500000000000000000e+00 2.219357827949471410e-02 2.219357827949470369e-02 2.223640732394428776e-02 -3.751155407271394626e+00 -3.751155407271394626e+00 -3.751155407271394626e+00 1.111788601489788371e-02 1.111788601489788544e-02 1.081521111760666044e-02 -3.651155407271394537e+00 1.143292768216172539e-02
-7.250000000000000000e+00 -7.250000000000000000e+00 -7.250000000000000000e+00 2.534197913738979457e-02 2.534197913738980151e-02 2.538304176440817073e-02 -3.626116893695682020e+00 -3.626116893695682020e+00 -3.626116893695682020e+00 1.182655531939695755e-02 1.182655531939697316e-02 1.149891933696347256e-02 -3.526116893695681931e+00 1.216775388523373864e-02
-7.000000000000000000e+00 -7.000000000000000000e+00 -7.000000000000000000e+00 2.903483065564180232e-02 2.903483065564178497e-02 2.907164889063802368e-02 -3.501078380119968525e+00 -3.501078380119968525e+00 -3.501078380119968525e+00 1.259804787433986724e-02 1.259804787433987244e-02 1.224274804743747183e-02 -3.401078380119968436e+00 1.296824851087729526e-02
-6.750000000000000000e+00 -6.750000000000000000e+00 -6.750000000000000000e+00 3.354534791114332365e-02 3.354534791114333753e-02 3.358176819207566582e-02 -3.376039866544255474e+00 -3.376039866544255474e+00 -3.376039866544255474e+00 1.343970092416125854e-02 1.343970092416127068e-02 1.305366707615040860e-02 -3.276039866544255386e+00 1.384213632158537953e-02
-6.500000000000000000e+00 -6.500000000000000000e+00 -6.500000000000000000e+00 3.886919566376370594e-02 3.886919566376369206e-02 3.890245716729651138e-02 -3.251001352968541980e+00 -3.251001352968541980e+00 -3.251001352968541980e+00 1.435992342797566719e-02 1.435992342797568280e-02 1.393965747469737976e-02 -3.151001352968541891e+00 1.479827773044015658e-02
-6.250000000000000000e+00 -6.250000000000000000e+00 -6.250000000000000000e+00 4.542146745592887808e-02 4.542146745592885726e-02 4.545666616788377606e-02 -3.125962839392828929e+00 -3.125962839392828929e+00 -3.125962839392828929e+00 1.536838261078997230e-02 1.536838261078998270e-02 1.490988621397356002e-02 -3.025962839392828840e+00 1.584686758739823828e-02
-6.000000000000000000e+00 -6.000000000000000000e+00 -6.000000000000000000e+00 5.322288318750402480e-02 5.322288318750405950e-02 5.325697924949873013e-02 -3.000924325817115879e+00 -3.000924325817115879e+00 -3.000924325817115879e+00 1.647623009782971451e-02 1.647623009782972145e-02 1.597491800057388237e-02 -2.900924325817115790e+00 1.699967666313626988e-02
-5.750000000000000000e+00 -5.750000000000000000e+00 -5.750000000000000000e+00 6.292483070809051782e-02 6.292483070809049006e-02 6.296469818428918064e-02 -2.875885812241402384e+00 -2.875885812241402384e+00 -2.875885812241402384e+00 1.769637261981005585e-02 1.769637261981008708e-02 1.714696820075720801e-02 -2.775885812241402295e+00 1.827034077083315028e-02
-5.500000000000000000e+00 -5.500000000000000000e+00 -5.500000000000000000e+00 7.460938222274222931e-02 7.460938222274224318e-02 7.465171693092165217e-02 -2.750847298665689333e+00 -2.750847298665689333e+00 -2.750847298665689333e+00 1.904380165575686110e-02 1.904380165575687497e-02 1.844021079325563334e-02 -2.650847298665689245e+00 1.967471353168670847e-02
-5.250000000000000000e+00 -5.250000000000000000e+00 -5.250000000000000000e+00 8.933929553848343752e-02 8.933929553848339589e-02 8.939351775311628334e-02 -2.625808785089976283e+00 -2.625808785089976283e+00 -2.625808785089976283e+00 2.053599095158382959e-02 2.053599095158382265e-02 1.987114887729483914e-02 -2.525808785089976194e+00 2.123129191753635181e-02
-5.000000000000000000e+00 -5.000000000000000000e+00 -5.000000000000000000e+00 1.073413958063301893e-01 1.073413958063302448e-01 1.074039326807658540e-01 -2.500770271514262788e+00 -2.500770271514262788e+00 -2.500770271514262788e+00 2.219338245300073870e-02 2.219338245300075604e-02 2.145906743773107542e-02 -2.400770271514262699e+00 2.296173733058189809e-02
-4.750000000000000000e+00 -4.750000000000000000e+00 -4.750000000000000000e+00 1.304327064811945103e-01 1.304327064811943715e-01 1.305166141750117859e-01 -2.375731757938550182e+00 -2.375731757938550182e+00 -2.375731757938550182e+00 2.403997554267417458e-02 2.403997554267421274e-02 2.322658130040917979e-02 -2.275731757938550093e+00 2.489150761166692566e-02
-4.500000000000000000e+00 -4.500000000000000000e+00 -4.500000000000000000e+00 1.591822545750619655e-01 1.591822545750620210e-01 1.592835535004416270e-01 -2.250693244362836687e+00 -2.250693244362836687e+00 -2.250693244362836687e+00 2.610404880184850895e-02 2.610404880184851242e-02 2.520030620715644348e-02 -2.150693244362836598e+00 2.705063204473423175e-02
-4.250000000000000000e+00 -4.250000000000000000e+00 -4.250000000000000000e+00 1.968765686859240416e-01 1.968765686859240416e-01 1.970134107978620819e-01 -2.125654730787123636e+00 -2.125654730787123636e+00 -2.125654730787123636e+00 2.841903730467078629e-02 2.841903730467080363e-02 2.741167359801213732e-02 -2.025654730787123547e+00 2.947465289249656326e-02
-4.000000000000000000e+00 -4.000000000000000000e+00 -4.000000000000000000e+00 2.449151086644557329e-01 2.449151086644555941e-01 2.450824849192591026e-01 -2.000616217211410586e+00 -2.000616217211410586e+00 -2.000616217211410586e+00 3.102460552070365404e-02 3.102460552070365057e-02 2.989792789437109924e-02 -1.900616217211410497e+00 3.220577631438232419e-02
-3.750000000000000000e+00 -3.750000000000000000e+00 -3.750000000000000000e+00 3.096582051075926767e-01 3.096582051075927877e-01 3.098810720508570760e-01 -1.875577703635697313e+00 -1.875577703635697313e+00 -1.875577703635697313e+00 3.396794751179250255e-02 3.396794751179248867e-02 3.270333629761212890e-02 -1.775577703635697224e+00 3.529426300874381750e-02
-3.500000000000000000e+00 -3.500000000000000000e+00 -3.500000000000000000e+00 3.946132723584206414e-01 3.946132723584205859e-01 3.948835164852541602e-01 -1.750539190059984263e+00 -1.750539190059984263e+00 -1.750539190059984263e+00 3.730536405981114273e-02 3.730536405981110804e-02 3.588066225112109681e-02 -1.650539190059984174e+00 3.880010700079430247e-02
-3.250000000000000000e+00 -3.250000000000000000e+00 -3.250000000000000000e+00 5.131286205457807892e-01 5.131286205457812333e-01 5.134793062430267341e-01 -1.625500676484270990e+00 -1.625500676484270990e+00 -1.625500676484270990e+00 4.110415074906288019e-02 4.110415074906285937e-02 3.949294148842028701e-02 -1.525500676484270901e+00 4.279502501969594669e-02
-3.000000000000000000e+00 -3.000000000000000000e+00 -3.000000000000000000e+00 6.744070312564872660e-01 6.744070312564874881e-01 6.748209222889213210e-01 -1.500462162908557939e+00 -1.500462162908557939e+00 -1.500462162908557939e+00 4.544484326757229631e-02 4.544484326757225467e-02 4.361562307603855659e-02 -1.400462162908557850e+00 4.736478093614320678e-02
-2.750000000000000000e+00 -2.750000000000000000e+00 -2.750000000000000000e+00 9.093216979010108059e-01 9.093216979010112500e-01 9.098388509124786250e-01 -1.375423649332844667e+00 -1.375423649332844667e+00 -1.375423649332844667e+00 5.042383119903785099e-02 5.042383119903785793e-02 4.833912180359110911e-02 -1.275423649332844578e+00 5.261180123593854618e-02
-2.500000000000000000e+00 -2.500000000000000000e+00 -2.500000000000000000e+00 1.243764096749937931e+00 1.243764096749938597e+00 1.244342181094651334e+00 -1.250385135757131394e+00 -1.250385135757131394e+00 -1.250385135757131394e+00 5.615634336470400056e-02 5.615634336470395199e-02 5.377186317919204622e-02 -1.150385135757131305e+00 5.865797537575452580e-02
-2.250000000000000000e+00 -2.250000000000000000e+00 -2.250000000000000000e+00 1.758040558636032813e+00 1.758040558636033923e+00 1.758718278574094906e+00 -1.125346622181418343e+00 -1.125346622181418343e+00 -1.125346622181418343e+00 6.277973245337598041e-02 6.277973245337598041e-02 6.004391169540895107e-02 -1.025346622181418255e+00 6.564733185041497776e-02
-2.000000000000000000e+00 -2.000000000000000000e+00 -2.000000000000000000e+00 2.532336888880412307e+00 2.532336888880410974e+00 2.533007613083868126e+00 -1.000308108605705293e+00 -1.000308108605705293e+00 -1.000308108605705293e+00 7.045692906325817795e-02 7.045692906325817795e-02 6.731140765358821498e-02 -9.003081086057053151e-01 7.374796484874826530e-02
-1.750000000000000000e+00 -1.750000000000000000e+00 -1.750000000000000000e+00 3.808406177509668478e+00 3.808406177509667589e+00 3.809083585355122814e+00 -8.752695950299921313e-01 -8.752695950299921313e-01 -8.752695950299921313e-01 7.937960360985860109e-02 7.937960360985862884e-02 7.576218401120085599e-02 -7.752695950299921535e-01 8.315160975382895892e-02
-1.500000000000000000e+00 -1.500000000000000000e+00 -1.500000000000000000e+00 5.869643688073240106e+00 5.869643688073243659e+00 5.870069599217461409e+00 -7.502310814542789696e-01 -7.502310814542789696e-01 -7.502310814542789696e-01 8.976818798894371787e-02 8.976818798894375950e-02 8.562201495897781012e-02 -6.502310814542789918e-01 9.406512573010784861e-02
-1.250000000000000000e+00 -1.250000000000000000e+00 -1.250000000000000000e+00 9.601531951478301963e+00 9.601531951478301963e+00 9.601657459426643726e+00 -6.251925678785656970e-01 -6.251925678785656970e-01 -6.251925678785656970e-01 1.018497982041862565e-01 1.018497982041862843e-01 9.714940358677510990e-02 -5.251925678785657192e-01 1.066672954715271321e-01
-1.000000000000000000e+00 -1.000000000000000000e+00 -1.000000000000000000e+00 1.622452281451751688e+01 1.622452281451753109e+01 1.622377539645304978e+01 -5.001540543028526464e-01 -5.001540543028526464e-01 -5.001540543028526464e-01 1.157331124879800721e-01 1.157331124879800444e-01 1.105535556489316701e-01 -4.001540543028526686e-01 1.209359135291309950e-01
-7.500000000000000000e-01 -7.500000000000000000e-01 -7.500000000000000000e-01 3.018516763933466507e+01 3.018516763933465441e+01 3.018349292987841537e+01 -3.751155407271394848e-01 -3.751155407271394848e-01 -3.751155407271394848e-01 1.310032654233714011e-01 1.310032654233713179e-01 1.256652755755495177e-01 -2.751155407271395070e-01 1.361732910242680894e-01
-5.000000000000000000e-01 -5.000000000000000000e-01 -5.000000000000000000e-01 5.909596917926202053e+01 5.909596917926207738e+01 5.909228845831023591e+01 -2.500770271514263232e-01 -2.500770271514263232e-01 -2.500770271514263232e-01 1.460065964763322954e-01 1.460065964763323232e-01 1.412482457941683922e-01 -1.500770271514263177e-01 1.503057198212670309e-01
-2.500000000000000000e-01 -2.500000000000000000e-01 -2.500000000000000000e-01 1.528028994303957404e+02 1.528028994303959109e+02 1.527981863153366362e+02 -1.250385135757131616e-01 -1.250385135757131616e-01 -1.250385135757131616e-01 1.575145359640766629e-01 1.575145359640766352e-01 1.544388002896711631e-01 -2.503851357571315606e-02 1.598343574680056167e-01
0.000000000000000000e+00 0.000000000000000000e+00 0.000000000000000000e+00 4.164058289151283248e+02 4.164058289151281542e+02 4.163985792236824750e+02 0.000000000000000000e+00 0.000000000000000000e+00 0.000000000000000000e+00 1.618975474456432473e-01 1.618975474456430808e-01 1.614546399161674861e-01 1.000000000000000056e-01 1.614546399161674861e-01
2.500000000000000000e-01 2.500000000000000000e-01 2.500000000000000000e-01 1.528028994303959109e+02 1.528028994303959962e+02 1.527981863153367215e+02 1.250385135757131616e-01 1.250385135757131616e-01 1.250385135757131616e-01 1.575145359640766074e-01 1.575145359640766074e-01 1.598343574680056167e-01 2.250385135757131672e-01 1.544388002896711631e-01
5.000000000000000000e-01 5.000000000000000000e-01 5.000000000000000000e-01 5.909596917926214843e+01 5.909596917926216975e+01 5.909228845831035670e+01 2.500770271514263232e-01 2.500770271514263232e-01 2.500770271514263232e-01 1.460065964763322399e-01 1.460065964763322399e-01 1.503057198212670309e-01 3.500770271514263010e-01 1.412482457941683922e-01
7.500000000000000000e-01 7.500000000000000000e-01 7.500000000000000000e-01 3.018516763933466507e+01 3.018516763933465441e+01 3.018349292987841537e+01 3.751155407271394848e-01 3.751155407271394848e-01 3.751155407271394848e-01 1.310032654233713456e-01 1.310032654233713179e-01 1.361732910242680894e-01 4.751155407271394626e-01 1.256652755755495177e-01
1.000000000000000000e+00 1.000000000000000000e+00 1.000000000000000000e+00 1.622452281451758438e+01 1.622452281451759504e+01 1.622377539645313149e+01 5.001540543028526464e-01 5.001540543028526464e-01 5.001540543028526464e-01 1.157331124879799611e-01 1.157331124879799611e-01 1.209359135291309950e-01 6.001540543028526242e-01 1.105535556489316701e-01
1.250000000000000000e+00 1.250000000000000000e+00 1.250000000000000000e+00 9.601531951478339266e+00 9.601531951478339266e+00 9.601657459426686358e+00 6.251925678785656970e-01 6.251925678785656970e-01 6.251925678785656970e-01 1.018497982041861455e-01 1.018497982041861316e-01 1.066672954715271321e-01 7.251925678785656748e-01 9.714940358677510990e-02
1.500000000000000000e+00 1.500000000000000000e+00 1.500000000000000000e+00 5.869643688073240106e+00 5.869643688073243659e+00 5.870069599217461409e+00 7.502310814542789696e-01 7.502310814542789696e-01 7.502310814542789696e-01 8.976818798894369011e-02 8.976818798894370399e-02 9.406512573010784861e-02 8.502310814542789474e-01 8.562201495897781012e-02
1.750000000000000000e+00 1.750000000000000000e+00 1.750000000000000000e+00 3.808406177509690682e+00 3.808406177509690682e+00 3.809083585355145019e+00 8.752695950299921313e-01 8.752695950299921313e-01 8.752695950299921313e-01 7.937960360985869823e-02 7.937960360985871211e-02 8.315160975382895892e-02 9.752695950299921090e-01 7.576218401120085599e-02
2.000000000000000000e+00 2.000000000000000000e+00 2.000000000000000000e+00 2.532336888880423409e+00 2.532336888880422965e+00 2.533007613083879228e+00 1.000308108605705293e+00 1.000308108605705293e+00 1.000308108605705293e+00 7.045692906325828897e-02 7.045692906325826121e-02 7.374796484874826530e-02 1.100308108605705382e+00 6.731140765358821498e-02
2.250000000000000000e+00 2.250000000000000000e+00 2.250000000000000000e+00 1.758040558636032813e+00 1.758040558636034367e+00 1.758718278574095129e+00 1.125346622181418343e+00 1.125346622181418343e+00 1.125346622181418343e+00 6.277973245337598041e-02 6.277973245337596653e-02 6.564733185041497776e-02 1.225346622181418432e+00 6.004391169540895107e-02
2.500000000000000000e+00 2.500000000000000000e+00 2.500000000000000000e+00 1.243764096749947701e+00 1.243764096749947923e+00 1.244342181094663324e+00 1.250385135757131394e+00 1.250385135757131394e+00 1.250385135757131394e+00 5.615634336470384791e-02 5.615634336470379934e-02 5.865797537575452580e-02 1.350385135757131483e+00 5.377186317919204622e-02
2.750000000000000000e+00 2.750000000000000000e+00 2.750000000000000000e+00 9.093216979010154688e-01 9.093216979010156908e-01 9.098388509124825108e-01 1.375423649332844667e+00 1.375423649332844667e+00 1.375423649332844667e+00 5.042383119903770528e-02 5.042383119903768446e-02 5.261180123593854618e-02 1.475423649332844755e+00 4.833912180359110911e-02
3.000000000000000000e+00 3.000000000000000000e+00 3.000000000000000000e+00 6.744070312564872660e-01 6.744070312564874881e-01 6.748209222889216541e-01 1.500462162908557939e+00 1.500462162908557939e+00 1.500462162908557939e+00 4.544484326757228937e-02 4.544484326757224774e-02 4.736478093614320678e-02 1.600462162908558028e+00 4.361562307603855659e-02
3.250000000000000000e+00 3.250000000000000000e+00 3.250000000000000000e+00 5.131286205457862293e-01 5.131286205457862293e-01 5.134793062430318411e-01 1.625500676484270990e+00 1.625500676484270990e+00 1.625500676484270990e+00 4.110415074906301203e-02 4.110415074906301897e-02 4.279502501969594669e-02 1.725500676484271079e+00 3.949294148842028701e-02
3.500000000000000000e+00 3.500000000000000000e+00 3.500000000000000000e+00 3.946132723584233060e-01 3.946132723584232505e-01 3.948835164852561586e-01 1.750539190059984263e+00 1.750539190059984263e+00 1.750539190059984263e+00 3.730536405981127457e-02 3.730536405981123294e-02 3.880010700079430247e-02 1.850539190059984351e+00 3.588066225112109681e-02
3.750000000000000000e+00 3.750000000000000000e+00 3.750000000000000000e+00 3.096582051075926767e-01 3.096582051075927877e-01 3.098810720508570205e-01 1.875577703635697313e+00 1.875577703635697313e+00 1.875577703635697313e+00 3.396794751179248867e-02 3.396794751179247479e-02 3.529426300874381750e-02 1.975577703635697402e+00 3.270333629761212890e-02
4.000000000000000000e+00 4.000000000000000000e+00 4.000000000000000000e+00 2.449151086644580089e-01 2.449151086644579256e-01 2.450824849192615451e-01 2.000616217211410586e+00 2.000616217211410586e+00 2.000616217211410586e+00 3.102460552070353261e-02 3.102460552070354302e-02 3.220577631438232419e-02 2.100616217211410675e+00 2.989792789437109924e-02
4.250000000000000000e+00 4.250000000000000000e+00 4.250000000000000000e+00 1.968765686859251518e-01 1.968765686859252906e-01 1.970134107978636362e-01 2.125654730787123636e+00 2.125654730787123636e+00 2.125654730787123636e+00 2.841903730467067180e-02 2.841903730467068220e-02 2.947465289249656326e-02 2.225654730787123725e+00 2.741167359801213732e-02
4.500000000000000000e+00 4.500000000000000000e+00 4.500000000000000000e+00 1.591822545750619655e-01 1.591822545750620210e-01 1.592835535004416825e-01 2.250693244362836687e+00 2.250693244362836687e+00 2.250693244362836687e+00 2.610404880184849855e-02 2.610404880184850548e-02 2.705063204473423175e-02 2.350693244362836776e+00 2.520030620715644348e-02
4.750000000000000000e+00 4.750000000000000000e+00 4.750000000000000000e+00 1.304327064811959258e-01 1.304327064811958703e-01 1.305166141750132569e-01 2.375731757938550182e+00 2.375731757938550182e+00 2.375731757938550182e+00 2.403997554267428907e-02 2.403997554267430989e-02 2.489150761166692566e-02 2.475731757938550270e+00 2.322658130040917979e-02
5.000000000000000000e+00 5.000000000000000000e+00 5.000000000000000000e+00 1.073413958063307166e-01 1.073413958063307166e-01 1.074039326807663675e-01 2.500770271514262788e+00 2.500770271514262788e+00 2.500770271514262788e+00 2.219338245300085666e-02 2.219338245300087401e-02 2.296173733058189809e-02 2.600770271514262877e+00 2.145906743773107542e-02
5.250000000000000000e+00 5.250000000000000000e+00 5.250000000000000000e+00 8.933929553848343752e-02 8.933929553848339589e-02 8.939351775311631110e-02 2.625808785089976283e+00 2.625808785089976283e+00 2.625808785089976283e+00 2.053599095158382265e-02 2.053599095158381918e-02 2.123129191753635181e-02 2.725808785089976372e+00 1.987114887729483914e-02
5.500000000000000000e+00 5.500000000000000000e+00 5.500000000000000000e+00 7.460938222274315912e-02 7.460938222274321463e-02 7.465171693092238769e-02 2.750847298665689333e+00 2.750847298665689333e+00 2.750847298665689333e+00 1.904380165575674314e-02 1.904380165575674314e-02 1.967471353168670847e-02 2.850847298665689422e+00 1.844021079325563334e-02
5.750000000000000000e+00 5.750000000000000000e+00 5.750000000000000000e+00 6.292483070809097578e-02 6.292483070809093415e-02 6.296469818428948595e-02 2.875885812241402384e+00 2.875885812241402384e+00 2.875885812241402384e+00 1.769637261980993442e-02 1.769637261980995871e-02 1.827034077083315028e-02 2.975885812241402473e+00 1.714696820075720801e-02
6.000000000000000000e+00 6.000000000000000000e+00 6.000000000000000000e+00 5.322288318750402480e-02 5.322288318750405950e-02 5.325697924949873013e-02 3.000924325817115879e+00 3.000924325817115879e+00 3.000924325817115879e+00 1.647623009782970757e-02 1.647623009782970757e-02 1.699967666313626988e-02 3.100924325817115967e+00 1.597491800057388237e-02
6.250000000000000000e+00 6.250000000000000000e+00 6.250000000000000000e+00 4.542146745592962748e-02 4.542146745592959278e-02 4.545666616788442138e-02 3.125962839392828929e+00 3.125962839392828929e+00 3.125962839392828929e+00 1.536838261079009199e-02 1.536838261079009720e-02 1.584686758739823828e-02 3.225962839392829018e+00 1.490988621397356002e-02
6.500000000000000000e+00 6.500000000000000000e+00 6.500000000000000000e+00 3.886919566376408064e-02 3.886919566376405982e-02 3.890245716729676811e-02 3.251001352968541980e+00 3.251001352968541980e+00 3.251001352968541980e+00 1.435992342797578862e-02 1.435992342797580250e-02 1.479827773044015658e-02 3.351001352968542069e+00 1.393965747469737976e-02
6.750000000000000000e+00 6.750000000000000000e+00 6.750000000000000000e+00 3.354534791114332365e-02 3.354534791114333753e-02 3.358176819207566582e-02 3.376039866544255474e+00 3.376039866544255474e+00 3.376039866544255474e+00 1.343970092416125160e-02 1.343970092416126201e-02 1.384213632158537953e-02 3.476039866544255563e+00 1.305366707615040860e-02
7.000000000000000000e+00 7.000000000000000000e+00 7.000000000000000000e+00 2.903483065564222906e-02 2.903483065564222906e-02 2.907164889063842267e-02 3.501078380119968525e+00 3.501078380119968525e+00 3.501078380119968525e+00 1.259804787433975101e-02 1.259804787433974928e-02 1.296824851087729526e-02 3.601078380119968614e+00 1.224274804743747183e-02
7.250000000000000000e+00 7.250000000000000000e+00 7.250000000000000000e+00 2.534197913739000274e-02 2.534197913738999580e-02 2.538304176440839624e-02 3.626116893695682020e+00 3.626116893695682020e+00 3.626116893695682020e+00 1.182655531939684132e-02 1.182655531939684479e-02 1.216775388523373864e-02 3.726116893695682109e+00 1.149891933696347256e-02
7.500000000000000000e+00 7.500000000000000000e+00 7.500000000000000000e+00 2.219357827949471410e-02 2.219357827949470369e-02 2.223640732394429817e-02 3.751155407271394626e+00 3.751155407271394626e+00 3.751155407271394626e+00 1.111788601489787850e-02 1.111788601489787330e-02 1.143292768216172539e-02 3.851155407271394715e+00 1.081521111760666044e-02
7.750000000000000000e+00 7.750000000000000000e+00 7.750000000000000000e+00 1.960299999578165794e-02 1.960299999578165100e-02 1.965055342563584717e-02 3.876193920847107677e+00 3.876193920847107677e+00 3.876193920847107677e+00 1.046561728640101920e-02 1.046561728640101226e-02 1.075701331054744990e-02 3.976193920847107766e+00 1.018551722241143286e-02
8.000000000000000000e+00 8.000000000000000000e+00 8.000000000000000000e+00 1.738551092925046115e-02 1.738551092925046115e-02 1.743558390125376362e-02 4.001232434422821171e+00 4.001232434422821171e+00 4.001232434422821171e+00 9.864110796348591823e-03 9.864110796348591823e-03 1.013408387568121537e-02 4.101232434422820816e+00 9.604472940403589384e-03
8.250000000000000000e+00 8.250000000000000000e+00 8.250000000000000000e+00 1.555650866408425821e-02 1.555650866408424433e-02 1.561141799259532087e-02 4.126270947998534666e+00 4.126270947998534666e+00 4.126270947998534666e+00 9.308401851792059631e-03 9.308401851792057896e-03 9.558924416925370857e-03 4.226270947998534311e+00 9.067350830846395218e-03
8.500000000000000000e+00 8.500000000000000000e+00 8.500000000000000000e+00 1.398826688196184477e-02 1.398826688196184477e-02 1.404606185150790096e-02 4.251309461574247273e+00 4.251309461574247273e+00 4.251309461574247273e+00 8.794107283423904797e-03 8.794107283423906532e-03 9.026934153494653099e-03 4.351309461574246917e+00 8.569974127995544019e-03
8.750000000000000000e+00 8.750000000000000000e+00 8.750000000000000000e+00 1.269527938395663413e-02 1.269527938395663934e-02 1.275780647719330571e-02 4.376347975149959879e+00 4.376347975149959879e+00 4.376347975149959879e+00 8.317346411009417240e-03 8.317346411009427648e-03 8.534042533872914990e-03 4.476347975149959524e+00 8.108642191525012102e-03
9.000000000000000000e+00 9.000000000000000000e+00 9.000000000000000000e+00 1.158759197717377544e-02 1.158759197717376677e-02 1.165313091355237550e-02 4.501386488725673374e+00 4.501386488725673374e+00 4.501386488725673374e+00 7.874675036021858490e-03 7.874675036021865429e-03 8.076639323390781208e-03 4.601386488725673019e+00 7.680068363292357966e-03
9.250000000000000000e+00 9.250000000000000000e+00 9.250000000000000000e+00 1.067772552922379922e-02 1.067772552922380096e-02 1.074777185079457166e-02 4.626425002301386868e+00 4.626425002301386868e+00 4.626425002301386868e+00 7.463028261631802183e-03 7.463028261631808255e-03 7.651513951456141716e-03 4.726425002301386513e+00 7.281325922881565389e-03
9.500000000000000000e+00 9.500000000000000000e+00 9.500000000000000000e+00 9.901365761773186711e-03 9.901365761773183241e-03 9.974404585685801156e-03 4.751463515877100363e+00 4.751463515877100363e+00 4.751463515877100363e+00 7.079672608364517145e-03 7.079672608364530155e-03 7.255804884155697687e-03 4.851463515877100008e+00 6.909802947149309982e-03
9.750000000000000000e+00 9.750000000000000000e+00 9.750000000000000000e+00 9.268827018197926121e-03 9.268827018197919182e-03 9.346087548964597189e-03 4.876502029452812970e+00 4.876502029452812970e+00 4.876502029452812970e+00 6.722164118776461847e-03 6.722164118776472255e-03 6.886955238370436397e-03 4.976502029452812614e+00 6.563162636038975817e-03
1.000000000000000000e+01 1.000000000000000000e+01 1.000000000000000000e+01 8.733567439910274247e-03 8.733567439910269042e-03 8.813715861741230201e-03 5.001540543028525576e+00 5.001540543028525576e+00 5.001540543028525576e+00 6.388313211373332530e-03 6.388313211373334265e-03 6.542675685410488315e-03 5.101540543028525221e+00 6.239310143421533845e-03
1.025000000000000000e+01 1.025000000000000000e+01 1.025000000000000000e+01 8.303817881650356683e-03 8.303817881650360153e-03 8.387877903325829249e-03 5.126579056604239071e+00 5.126579056604239071e+00 5.126579056604239071e+00 6.076153612624149263e-03 6.076153612624147528e-03 6.220911571118567344e-03 5.226579056604238716e+00 5.936363101577292641e-03
1.050000000000000000e+01 1.050000000000000000e+01 1.050000000000000000e+01 7.945580723031841694e-03 7.945580723031841694e-03 8.032377063971338910e-03 5.251617570179952565e+00 5.251617570179952565e+00 5.251617570179952565e+00 5.783916275272701392e-03 5.783916275272700525e-03 5.919815432303744164e-03 5.351617570179952210e+00 5.652626983512194433e-03
1.075000000000000000e+01 1.075000000000000000e+01 1.075000000000000000e+01 7.665259100383342919e-03 7.665259100383342919e-03 7.755654390196516437e-03 5.376656083755666060e+00 5.376656083755666060e+00 5.376656083755666060e+00 5.510006075470614585e-03 5.510006075470611983e-03 5.637722357716740303e-03 5.476656083755665705e+00 5.386572954399832663e-03
1.100000000000000000e+01 1.100000000000000000e+01 1.100000000000000000e+01 7.437849375166656271e-03 7.437849375166652802e-03 7.530806607462449398e-03 5.501694597331378667e+00 5.501694597331378667e+00 5.501694597331378667e+00 5.252982257664725284e-03 5.252982257664728753e-03 5.373129415354910982e-03 5.601694597331378311e+00 5.136819384959596252e-03
1.125000000000000000e+01 1.125000000000000000e+01 1.125000000000000000e+01 7.268212763000901633e-03 7.268212763000899898e-03 7.364466399526316612e-03 5.626733110907092161e+00 5.626733110907092161e+00 5.626733110907092161e+00 5.011540766853798436e-03 5.011540766853805375e-03 5.124676986672685279e-03 5.726733110907091806e+00 4.902115028733801221e-03
1.150000000000000000e+01 1.150000000000000000e+01 1.150000000000000000e+01 7.137881995617650389e-03 7.137881995617648655e-03 7.236515418652497006e-03 5.751771624482804768e+00 5.751771624482804768e+00 5.751771624482804768e+00 4.784499445617000114e-03 4.784499445617012257e-03 4.891133218553357469e-03 5.851771624482804413e+00 4.681325019493066085e-03
1.175000000000000000e+01 1.175000000000000000e+01 1.175000000000000000e+01 7.050447528322295251e-03 7.050447528322290915e-03 7.152091772145000026e-03 5.876810138058518262e+00 5.876810138058518262e+00 5.876810138058518262e+00 4.570784501978436727e-03 4.570784501978454942e-03 4.671379736535080998e-03 5.976810138058517907e+00 4.473417963217583317e-03
1.200000000000000000e+01 1.200000000000000000e+01 1.200000000000000000e+01 6.992247832466339831e-03 6.992247832466341566e-03 7.096091062535434847e-03 6.001848651634231757e+00 6.001848651634231757e+00 6.001848651634231757e+00 4.369419203316651963e-03 4.369419203316678851e-03 4.464399789055152785e-03 6.101848651634231402e+00 4.277455238564667472e-03
1.225000000000000000e+01 1.225000000000000000e+01 1.225000000000000000e+01 6.965842157073695931e-03 6.965842157073691594e-03 7.072430836438821193e-03 6.126887165209944364e+00 6.126887165209944364e+00 6.126887165209944364e+00 4.179513411893426636e-03 4.179513411893456126e-03 4.269267205709260590e-03 6.226887165209944008e+00 4.092580997021964297e-03
1.250000000000000000e+01 1.250000000000000000e+01 1.250000000000000000e+01 6.961137212066632537e-03 6.961137212066630803e-03 7.069750771459585095e-03 6.251925678785657858e+00 6.251925678785657858e+00 6.251925678785657858e+00 4.000254877688036795e-03 4.000254877688061948e-03 4.085137281915603678e-03 6.351925678785657503e+00 3.918013920544438991e-03
1.275000000000000000e+01 1.275000000000000000e+01 1.275000000000000000e+01 6.979864950471126837e-03 6.979864950471126837e-03 7.090979842063103999e-03 6.376964192361371353e+00 6.376964192361371353e+00 6.376964192361371353e+00 3.830901072565495984e-03 3.830901072565520270e-03 3.911238166551198221e-03 6.476964192361370998e+00 3.753039404047682579e-03
1.300000000000000000e+01 1.300000000000000000e+01 1.300000000000000000e+01 7.014603205104607241e-03 7.014603205104602036e-03 7.127578465490318031e-03 6.502002705937083959e+00 6.502002705937083959e+00 6.502002705937083959e+00 3.670772432832336042e-03 3.670772432832349920e-03 3.746863799734390706e-03 6.602002705937083604e+00 3.597003157944047257e-03
1.325000000000000000e+01 1.325000000000000000e+01 1.325000000000000000e+01 7.066426580368001704e-03 7.066426580367997368e-03 7.181680032797540907e-03 6.627041219512798342e+00 6.627041219512798342e+00 6.627041219512798342e+00 3.519245932433882982e-03 3.519245932433889487e-03 3.591367136906431761e-03 6.727041219512797987e+00 3.449305044092286845e-03
1.350000000000000000e+01 1.350000000000000000e+01 1.350000000000000000e+01 7.129925605367720860e-03 7.129925605367720860e-03 7.246885858986055681e-03 6.752079733088510949e+00 6.752079733088510949e+00 6.752079733088510949e+00 3.375749801142020716e-03 3.375749801142023318e-03 3.444154638421902635e-03 6.852079733088510594e+00 3.309394075646504910e-03
1.375000000000000000e+01 1.375000000000000000e+01 1.375000000000000000e+01 7.205657418439304768e-03 7.205657418439308237e-03 7.324692667606364123e-03 6.877118246664223555e+00 6.877118246664223555e+00 6.877118246664223555e+00 3.239758425499034145e-03 3.239758425499031976e-03 3.304680894715011658e-03 6.977118246664223200e+00 3.176763517270439572e-03
1.400000000000000000e+01 1.400000000000000000e+01 1.400000000000000000e+01 7.289736608465726374e-03 7.289736608465727241e-03 7.410336409048902395e-03 7.002156760239937050e+00 7.002156760239937050e+00 7.002156760239937050e+00 3.110788193140080933e-03 3.110788193140075729e-03 3.172444298552008161e-03 7.102156760239936695e+00 3.050946952028538162e-03
1.425000000000000000e+01 1.425000000000000000e+01 1.425000000000000000e+01 7.382317121282581419e-03 7.382317121282581419e-03 7.504807231729739188e-03 7.127195273815649657e+00 7.127195273815649657e+00 7.127195273815649657e+00 2.988393416369996853e-03 2.988393416369989480e-03 3.046982748586677184e-03 7.227195273815649301e+00 2.931514356794550150e-03
1.450000000000000000e+01 1.450000000000000000e+01 1.450000000000000000e+01 7.480671331884010226e-03 7.480671331884011094e-03 7.604594839231869005e-03 7.252233787391364039e+00 7.252233787391364039e+00 7.252233787391364039e+00 2.872163042677601964e-03 2.872163042677601964e-03 2.927870230013687302e-03 7.352233787391363684e+00 2.818068990335446423e-03
1.475000000000000000e+01 1.475000000000000000e+01 1.475000000000000000e+01 7.584642926840235583e-03 7.584642926840235583e-03 7.710288959571088424e-03 7.377272300967076646e+00 7.377272300967076646e+00 7.377272300967076646e+00 2.761717372595599677e-03 2.761717372595605749e-03 2.814713355191528037e-03 7.477272300967076291e+00 2.710244227326598192e-03
1.500000000000000000e+01 1.500000000000000000e+01 1.500000000000000000e+01 7.692385030633053754e-03 7.692385030633052019e-03 7.819343828202844279e-03 7.502310814542789252e+00 7.502310814542789252e+00 7.502310814542789252e+00 2.656705441465647983e-03 2.656705441465654054e-03 2.707148647228992989e-03 7.602310814542788897e+00 2.607701083123263944e-03
1.525000000000000000e+01 1.525000000000000000e+01 1.525000000000000000e+01 7.803506450436922988e-03 7.803506450436922988e-03 7.932035240748829333e-03 7.627349328118502747e+00 7.627349328118502747e+00 7.627349328118502747e+00 2.556802359276440142e-03 2.556802359276441009e-03 2.604839735706322972e-03 7.727349328118502392e+00 2.510125642778990827e-03
1.550000000000000000e+01 1.550000000000000000e+01 1.550000000000000000e+01 7.916829812492788554e-03 7.916829812492792023e-03 8.046560495267718674e-03 7.752387841694215354e+00 7.752387841694215354e+00 7.752387841694215354e+00 2.461707216366825542e-03 2.461707216366823374e-03 2.507475188071834043e-03 7.852387841694214998e+00 2.417227082994500686e-03
1.575000000000000000e+01 1.575000000000000000e+01 1.575000000000000000e+01 8.031790098092447816e-03 8.031790098092453020e-03 8.162951885528317228e-03 7.877426355269929736e+00 7.877426355269929736e+00 7.877426355269929736e+00 2.371140914243537959e-03 2.371140914243529286e-03 2.414766222193362715e-03 7.977426355269929381e+00 2.328735571640019788e-03
1.600000000000000000e+01 1.600000000000000000e+01 1.600000000000000000e+01 8.147717173314757144e-03 8.147717173314764083e-03 8.279978891063580898e-03 8.002464868845642343e+00 8.002464868845642343e+00 8.002464868845642343e+00 2.284844483133282363e-03 2.284844483133268919e-03 2.326444967628598769e-03 8.102464868845641988e+00 2.244400680686778338e-03
1.625000000000000000e+01 1.625000000000000000e+01 1.625000000000000000e+01 8.263921607908147893e-03 8.263921607908147893e-03 8.397487668059021651e-03 8.127503382421354061e+00 8.127503382421354061e+00 8.127503382421354061e+00 2.202577303514339797e-03 2.202577303514322883e-03 2.242262589218020803e-03 8.227503382421353706e+00 2.163989660865308067e-03
1.650000000000000000e+01 1.650000000000000000e+01 1.650000000000000000e+01 8.380115053291862723e-03 8.380115053291859253e-03 8.514687121198117464e-03 8.252541895997069332e+00 8.252541895997069332e+00 8.252541895997069332e+00 2.124115749724156225e-03 2.124115749724135842e-03 2.161987888015006777e-03 8.352541895997068977e+00 2.087286164289501970e-03
1.675000000000000000e+01 1.675000000000000000e+01 1.675000000000000000e+01 8.495523649953103107e-03 8.495523649953106576e-03 8.631284017538857004e-03 8.377580409572781051e+00 8.377580409572781051e+00 8.377580409572781051e+00 2.049251725029239100e-03 2.049251725029221753e-03 2.085405754502361875e-03 8.477580409572780695e+00 2.014088820806317695e-03
1.700000000000000000e+01 1.700000000000000000e+01 1.700000000000000000e+01 8.610143268276236952e-03 8.610143268276236952e-03 8.746822909340258925e-03 8.502618923148494545e+00 8.502618923148494545e+00 8.502618923148494545e+00 1.977791565321973706e-03 1.977791565321959395e-03 2.012316039834367246e-03 8.602618923148494190e+00 1.944210207830005411e-03
1.725000000000000000e+01 1.725000000000000000e+01 1.725000000000000000e+01 8.723147967596614483e-03 8.723147967596612748e-03 8.860909300999138954e-03 8.627657436724208040e+00 8.627657436724208040e+00 8.627657436724208040e+00 1.909554828087288133e-03 1.909554828087280760e-03 1.942532275734440992e-03 8.727657436724207685e+00 1.877475671623295584e-03
1.750000000000000000e+01 1.750000000000000000e+01 1.750000000000000000e+01 8.834741563235536457e-03 8.834741563235541661e-03 8.973341816045832600e-03 8.752695950299919758e+00 8.752695950299919758e+00 8.752695950299919758e+00 1.844373405345423956e-03 1.844373405345422655e-03 1.875880762580256229e-03 8.852695950299919403e+00 1.813722496241579113e-03
1.775000000000000000e+01 1.775000000000000000e+01 1.775000000000000000e+01 8.944072204724047570e-03 8.944072204724038896e-03 9.083655816758323676e-03 8.877734463875635029e+00 8.877734463875635029e+00 8.877734463875635029e+00 1.782090520362609185e-03 1.782090520362609835e-03 1.812199507216761879e-03 8.977734463875634674e+00 1.752798925858455514e-03
1.800000000000000000e+01 1.800000000000000000e+01 1.800000000000000000e+01 9.051491749406401569e-03 9.051491749406401569e-03 9.191839555140879706e-03 9.002772977451346748e+00 9.002772977451346748e+00 9.002772977451346748e+00 1.722560010702279707e-03 1.722560010702282960e-03 1.751337486661045826e-03 9.102772977451346392e+00 1.694563495892039730e-03
1.825000000000000000e+01 1.825000000000000000e+01 1.825000000000000000e+01 9.156143609824460294e-03 9.156143609824460294e-03 9.297383673302184182e-03 9.127811491027060242e+00 9.127811491027060242e+00 9.127811491027060242e+00 1.665645497084152372e-03 1.665645497084159527e-03 1.693153766117900649e-03 9.227811491027059887e+00 1.638884222614107444e-03
1.850000000000000000e+01 1.850000000000000000e+01 1.850000000000000000e+01 9.258480451398811914e-03 9.258480451398806710e-03 9.400414921451171607e-03 9.252850004602773737e+00 9.252850004602773737e+00 9.252850004602773737e+00 1.611219806656214370e-03 1.611219806656221092e-03 1.637516906700308252e-03 9.352850004602773382e+00 1.585638068414968243e-03
1.875000000000000000e+01 1.875000000000000000e+01 1.875000000000000000e+01 9.357658075257029376e-03 9.357658075257025906e-03 9.500400001723151994e-03 9.377888518178485455e+00 9.377888518178485455e+00 9.377888518178485455e+00 1.559164286879668928e-03 1.559164286879674566e-03 1.584304234745368680e-03 9.477888518178485100e+00 1.534710273125010132e-03
1.900000000000000000e+01 1.900000000000000000e+01 1.900000000000000000e+01 9.454192583736019742e-03 9.454192583736014538e-03 9.597563441732499465e-03 9.502927031754200726e+00 9.502927031754200726e+00 9.502927031754200726e+00 1.509368346678418909e-03 1.509368346678420861e-03 1.533401369717976711e-03 9.602927031754200371e+00 1.485993932699609076e-03
1.925000000000000000e+01 1.925000000000000000e+01 1.925000000000000000e+01 9.547266012627101187e-03 9.547266012627101187e-03 9.691364996462125542e-03 9.627965545329912445e+00 9.627965545329912445e+00 9.627965545329912445e+00 1.461728895298392526e-03 1.461728895298394695e-03 1.484701623193611895e-03 9.727965545329912089e+00 1.439389453606550445e-03
1.950000000000000000e+01 1.950000000000000000e+01 1.950000000000000000e+01 9.637428251038394900e-03 9.637428251038396634e-03 9.782094438517425355e-03 9.753004058905625939e+00 9.753004058905625939e+00 9.753004058905625939e+00 1.416149985455421485e-03 1.416149985455421485e-03 1.438105629666973362e-03 9.853004058905625584e+00 1.394804230595779156e-03
1.975000000000000000e+01 1.975000000000000000e+01 1.975000000000000000e+01 9.723898755663552482e-03 9.723898755663559421e-03 9.869218472188320476e-03 9.878042572481339434e+00 9.878042572481339434e+00 9.878042572481339434e+00 1.372542363380903525e-03 1.372542363380904176e-03 1.393520859892473937e-03 9.978042572481339079e+00 1.352152211760906247e-03
2.000000000000000000e+01 2.000000000000000000e+01 2.000000000000000000e+01 9.807237628386464290e-03 9.807237628386469494e-03 9.953066060997542083e-03 1.000308108605705115e+01 1.000308108605705115e+01 1.000308108605705115e+01 1.330823204048875745e-03 1.330823204048877696e-03 1.350861343222804203e-03 1.010308108605705080e+01 1.311353667093440945e-03
2.025000000000000000e+01 2.025000000000000000e+01 2.025000000000000000e+01 9.886710773468780286e-03 9.886710773468787225e-03 1.003312221784033627e-02 1.012811959963276642e+01 1.012811959963276642e+01 1.012811959963276642e+01 1.290915764656786792e-03 1.290915764656790261e-03 1.310047285936544138e-03 1.022811959963276607e+01 1.272334858017856599e-03
2.050000000000000000e+01 2.050000000000000000e+01 2.050000000000000000e+01 9.962869737543213200e-03 9.962869737543221874e-03 1.010973419753124526e-02 1.025315811320847814e+01 1.025315811320847814e+01 1.025315811320847814e+01 1.252749208068236518e-03 1.252749208068243240e-03 1.271004879553443156e-03 1.035315811320847779e+01 1.235027894750609194e-03
2.075000000000000000e+01 2.075000000000000000e+01 2.075000000000000000e+01 1.003503414347595157e-02 1.003503414347595678e-02 1.018241459640896289e-02 1.037819662678419164e+01 1.037819662678419164e+01 1.037819662678419164e+01 1.216258358427707662e-03 1.216258358427717420e-03 1.233666020935074003e-03 1.047819662678419128e+01 1.199370510919089321e-03
2.100000000000000000e+01 2.100000000000000000e+01 2.100000000000000000e+01 1.010373203520157498e-02 1.010373203520156977e-02 1.025151218568224123e-02 1.050323514035990513e+01 1.050323514035990513e+01 1.050323514035990513e+01 1.181383615798177250e-03 1.181383615798188309e-03 1.197968207399590984e-03 1.060323514035990478e+01 1.165306015094809368e-03
2.125000000000000000e+01 2.125000000000000000e+01 2.125000000000000000e+01 1.016834259568121478e-02 1.016834259568120957e-02 1.031657470196789897e-02 1.062827365393561863e+01 1.062827365393561863e+01 1.062827365393561863e+01 1.148070820228019135e-03 1.148070820228029544e-03 1.163854362458239828e-03 1.072827365393561827e+01 1.132783179338350864e-03
2.150000000000000000e+01 2.150000000000000000e+01 2.150000000000000000e+01 1.022935847210284729e-02 1.022935847210284382e-02 1.037793897890047778e-02 1.075331216751133212e+01 1.075331216751133212e+01 1.075331216751133212e+01 1.116271269011248667e-03 1.116271269011256040e-03 1.131272826252892067e-03 1.085331216751133177e+01 1.101756299503655126e-03
2.175000000000000000e+01 2.175000000000000000e+01 2.175000000000000000e+01 1.028622308241972441e-02 1.028622308241972788e-02 1.043519402856430724e-02 1.087835068108704384e+01 1.087835068108704384e+01 1.087835068108704384e+01 1.085941705180438121e-03 1.085941705180440940e-03 1.100177299633339984e-03 1.097835068108704348e+01 1.072185217037465062e-03
2.200000000000000000e+01 2.200000000000000000e+01 2.200000000000000000e+01 1.033938423782078397e-02 1.033938423782078224e-02 1.048865398517927032e-02 1.100338919466275733e+01 1.100338919466275733e+01 1.100338919466275733e+01 1.057044459734920745e-03 1.057044459734920311e-03 1.070526948369066684e-03 1.110338919466275698e+01 1.044035514458287401e-03
2.225000000000000000e+01 2.225000000000000000e+01 2.225000000000000000e+01 1.038835331109712844e-02 1.038835331109713191e-02 1.053795408894954086e-02 1.112842770823847083e+01 1.112842770823847083e+01 1.112842770823847083e+01 1.029547592983345600e-03 1.029547592983342998e-03 1.042286489835073235e-03 1.122842770823847047e+01 1.017278702791256546e-03
2.250000000000000000e+01 2.250000000000000000e+01 2.250000000000000000e+01 1.043352582578880965e-02 1.043352582578880965e-02 1.058337721295749163e-02 1.125346622181418432e+01 1.125346622181418432e+01 1.125346622181418432e+01 1.003425197938518504e-03 1.003425197938512866e-03 1.015426442557554668e-03 1.135346622181418397e+01 9.918925924827313566e-04
2.275000000000000000e+01 2.275000000000000000e+01 2.275000000000000000e+01 1.047448404374168134e-02 1.047448404374167440e-02 1.062460878769050029e-02 1.137850473538989782e+01 1.137850473538989782e+01 1.137850473538989782e+01 9.786577380660325173e-04 9.786577380660236268e-04 9.899233949987274947e-04 1.147850473538989746e+01 9.678616922811929648e-04
2.300000000000000000e+01 2.300000000000000000e+01 2.300000000000000000e+01 1.051156537308643203e-02 1.051156537308642856e-02 1.066189367951811406e-02 1.150354324896560954e+01 1.150354324896560954e+01 1.150354324896560954e+01 9.552325640129389782e-04 9.552325640129274856e-04 9.657604494073783593e-04 1.160354324896560918e+01 9.451778069213623637e-04
2.325000000000000000e+01 2.325000000000000000e+01 2.325000000000000000e+01 1.054442524795041677e-02 1.054442524795042024e-02 1.069497063392611975e-02 1.162858176254132303e+01 1.162858176254132303e+01 1.162858176254132303e+01 9.331445153166261853e-04 9.331445153166114401e-04 9.429277365208188141e-04 1.172858176254132268e+01 9.238407097342100872e-04
2.350000000000000000e+01 2.350000000000000000e+01 2.350000000000000000e+01 1.057333847594989391e-02 1.057333847594989391e-02 1.072404128356308460e-02 1.175362027611703652e+01 1.175362027611703652e+01 1.175362027611703652e+01 9.123968761065790996e-04 9.123968761065669566e-04 9.214232026551566436e-04 1.185362027611703617e+01 9.038592500970324059e-04
2.375000000000000000e+01 2.375000000000000000e+01 2.375000000000000000e+01 1.059803540133298291e-02 1.059803540133297944e-02 1.074890009652401668e-02 1.187865878969275002e+01 1.187865878969275002e+01 1.187865878969275002e+01 8.930042272674659993e-04 8.930042272674578677e-04 9.012544209993279430e-04 1.197865878969274966e+01 8.852551790966697257e-04
2.400000000000000000e+01 2.400000000000000000e+01 2.400000000000000000e+01 1.061872487426036328e-02 1.061872487426036848e-02 1.076970153587119075e-02 1.200369730326846351e+01 1.200369730326846351e+01 1.200369730326846351e+01 8.750087336132529722e-04 8.750087336132434312e-04 8.824479391199787932e-04 1.210369730326846316e+01 8.680862366963650999e-04
2.425000000000000000e+01 2.425000000000000000e+01 2.425000000000000000e+01 1.063521342256682281e-02 1.063521342256681934e-02 1.078629757534912623e-02 1.212873581684417523e+01 1.212873581684417523e+01 1.212873581684417523e+01 8.585567953755008242e-04 8.585567953754901990e-04 8.650970096151140449e-04 1.222873581684417488e+01 8.525513983984700332e-04
2.450000000000000000e+01 2.450000000000000000e+01 2.450000000000000000e+01 1.064764155075403375e-02 1.064764155075402854e-02 1.079879269435627190e-02 1.225377433041988873e+01 1.225377433041988873e+01 1.225377433041988873e+01 8.441249441247134378e-04 8.441249441247023790e-04 8.495280096716474908e-04 1.235377433041988837e+01 8.392756932947384625e-04
2.475000000000000000e+01 2.475000000000000000e+01 2.475000000000000000e+01 1.065589283913561357e-02 1.065589283913561010e-02 1.080709759919445956e-02 1.237881284399560222e+01 1.237881284399560222e+01 1.237881284399560222e+01 8.328500456295567702e-04 8.328500456295472292e-04 8.366297152874539169e-04 1.247881284399560187e+01 8.296408363850496298e-04
2.500000000000000000e+01 2.500000000000000000e+01 2.500000000000000000e+01 1.066003791424540922e-02 1.066003791424541443e-02 1.081126497327276371e-02 1.250385135757131572e+01 1.250385135757131572e+01 1.250385135757131572e+01 8.264861394701716055e-04 8.264861394701668350e-04 8.280376969490493627e-04 1.260385135757131536e+01 8.255150147830905231e-04
