1.408961301073928252e-01
-2.000000000000000000e+00
1.000000000000000000e+00
1.000000000000000000e+00
1.000000000000000000e+00
6.283185307179586232e-01
7.926654595212021537e-01
-7.959711922691016239e-01
1.159952829085394210e+00
1.208724985514955108e+00
1.056107435547792850e-01
3.331006253520030908e-02
-3.906941683589758352e+00
1.309613161693530037e+00
6.019889825482473977e-01
6.019889825482517276e-01
7.400818496435140892e-01
1.000000000000002665e+00
1.001152341941546675e+00
1.000695750953635166e+00
3.224013242111169186e-02
3.331006254115682907e-02
1.625500676484270990e+00
