0.000000000000000000e+00 3.822732912551118217e-02 0.000000000000000000e+00 7.527460918718971265e-03
1.088306826211185990e-01 5.644096111232028978e-02 1.119570283653518322e-01 1.484757834502221235e-02
2.176613652422371981e-01 1.006767257927952269e-01 2.239140567307036644e-01 3.400843123067910645e-02
3.264920478633557832e-01 1.346936738832928693e-01 3.358710850960555105e-01 6.283211170803118528e-02
4.353227304844743961e-01 1.596381753410268944e-01 4.478281134614073289e-01 9.817462191948873873e-02
5.441534131055929535e-01 1.823551522741846675e-01 5.597851418267592027e-01 1.437796870593926191e-01
6.529840957267115664e-01 1.825680200791829355e-01 6.717421701921110211e-01 1.876507843945625920e-01
7.618147783478301793e-01 1.786365238348978091e-01 7.836991985574628394e-01 2.133932078480614558e-01
8.706454609689487922e-01 1.854135437735757175e-01 8.956562269228146578e-01 2.324821653643607544e-01
9.794761435900674051e-01 1.858225322447230599e-01 1.007613255288166476e+00 2.373626117873524344e-01
1.088306826211185907e+00 1.889564825910198254e-01 1.119570283653518405e+00 2.252449316423042192e-01
1.197137508832304631e+00 1.776067853977731925e-01 1.231527312018870113e+00 2.092246179068498191e-01
1.305968191453423133e+00 1.644224935004441612e-01 1.343484340384222042e+00 1.954868322185208396e-01
1.414798874074541857e+00 1.703908399207988700e-01 1.455441368749573749e+00 1.841650538719987185e-01
1.523629556695660359e+00 1.596330384172656991e-01 1.567398397114925679e+00 1.740886318172394920e-01
1.632460239316779083e+00 1.506209625188059675e-01 1.679355425480277386e+00 1.642594478408988534e-01
1.741290921937897584e+00 1.534727487632233656e-01 1.791312453845629316e+00 1.561146092625334547e-01
1.850121604559016086e+00 1.485829458274751658e-01 1.903269482210981245e+00 1.515787300595489440e-01
1.958952287180134810e+00 1.444991189683283439e-01 2.015226510576332952e+00 1.451981247810291975e-01
2.067782969801253312e+00 1.372348817112702124e-01 2.127183538941684660e+00 1.378292852174527738e-01
2.176613652422371814e+00 1.282605264645326204e-01 2.239140567307036811e+00 1.309389407881048906e-01
2.285444335043490760e+00 1.264638062536612984e-01 2.351097595672388518e+00 1.251867488044727805e-01
2.394275017664609262e+00 1.201711572947166129e-01 2.463054624037740226e+00 1.204143720025294545e-01
2.503105700285727764e+00 1.157282856696942863e-01 2.575011652403091933e+00 1.159619358182531063e-01
2.611936382906846266e+00 1.121292685214620860e-01 2.686968680768444084e+00 1.116665716375572076e-01
2.720767065527964768e+00 1.088234677714817050e-01 2.798925709133795792e+00 1.069905673339466984e-01
2.829597748149083714e+00 1.032961078208304018e-01 2.910882737499147499e+00 1.021333861311738422e-01
2.938428430770202215e+00 9.859212737363415302e-02 3.022839765864499650e+00 9.780171495627312805e-02
3.047259113391320717e+00 9.686416126324930154e-02 3.134796794229851358e+00 9.434944809392908915e-02
3.156089796012439219e+00 9.385606161107316880e-02 3.246753822595203065e+00 9.097886850964279071e-02
3.264920478633558165e+00 9.000884824969798692e-02 3.358710850960554772e+00 8.739409165703473925e-02
3.373751161254676667e+00 8.629292385827533329e-02 3.470667879325906924e+00 8.375249750573067475e-02
3.482581843875795169e+00 8.457129206592481352e-02 3.582624907691258631e+00 8.045319513601631445e-02
3.591412526496913671e+00 8.072444622941553349e-02 3.694581936056610338e+00 7.786947526793519536e-02
3.700243209118032173e+00 7.741446360605767907e-02 3.806538964421962490e+00 7.475651069110196556e-02
3.809073891739151119e+00 7.430209468452964039e-02 3.918495992787314197e+00 7.218128516356295266e-02
3.917904574360269621e+00 7.279425902750179256e-02 4.030453021152665904e+00 6.989387306196151450e-02
4.026735256981388567e+00 7.041702470949073867e-02 4.142410049518018056e+00 6.732677196572729728e-02
4.135565939602506624e+00 6.734634234435923905e-02 4.254367077883369319e+00 6.495125592804061598e-02
4.244396622223625570e+00 6.548771553343996077e-02 4.366324106248721471e+00 6.266297281750352055e-02
4.353227304844743628e+00 6.315858109746863569e-02 4.478281134614073622e+00 6.051240148518093054e-02
4.462057987465862574e+00 6.112184067718276492e-02 4.590238162979424885e+00 5.846314581958780149e-02
4.570888670086981520e+00 5.933993839760427769e-02 4.702195191344777037e+00 5.647430252040976789e-02
4.679719352708099578e+00 5.791972018398614669e-02 4.814152219710129188e+00 5.482827140031611840e-02
4.788550035329218524e+00 5.608704479135163956e-02 4.926109248075480451e+00 5.312776089757637044e-02
4.897380717950336582e+00 5.328598074650298111e-02 5.038066276440832603e+00 5.127532423574039655e-02
5.006211400571455528e+00 5.167454691768848946e-02 5.150023304806183866e+00 4.962471586705942406e-02
5.115042083192574474e+00 5.043149006412239732e-02 5.261980333171536017e+00 4.815714637578154961e-02
5.223872765813692531e+00 4.908228398412756849e-02 5.373937361536888169e+00 4.672921804415800656e-02
5.332703448434811477e+00 4.838179271004297566e-02 5.485894389902239432e+00 4.527117609737398018e-02
5.441534131055929535e+00 4.610601018081364466e-02 5.597851418267591583e+00 4.395510355673250269e-02
5.550364813677048481e+00 4.498544755696334829e-02 5.709808446632943735e+00 4.259693350975657378e-02
5.659195496298167427e+00 4.438866205931071840e-02 5.821765474998294998e+00 4.142240238429836102e-02
5.768026178919285485e+00 4.213625648484468217e-02 5.933722503363647149e+00 4.016518824471020793e-02
5.876856861540404431e+00 4.056199310633985811e-02 6.045679531728999301e+00 3.907153350964284733e-02
5.985687544161523377e+00 3.986780082955571070e-02 6.157636560094350564e+00 3.810956911427521021e-02
6.094518226782641435e+00 3.922972299652733447e-02 6.269593588459702715e+00 3.688529400067871306e-02
6.203348909403760381e+00 3.821035190903230433e-02 6.381550616825054867e+00 3.585748680482962747e-02
6.312179592024878438e+00 3.671961427557364488e-02 6.493507645190406130e+00 3.499786623667846402e-02
6.421010274645997384e+00 3.578993018225064271e-02 6.605464673555758282e+00 3.395505556431192146e-02
6.529840957267116330e+00 3.500270084711339796e-02 6.717421701921109545e+00 3.300373104489318088e-02
6.638671639888234388e+00 3.413619187597469185e-02 6.829378730286461696e+00 3.225485527529194790e-02
6.747502322509353334e+00 3.301277301916116097e-02 6.941335758651813848e+00 3.138798443423128359e-02
6.856333005130471392e+00 3.216631545680520565e-02 7.053292787017165111e+00 3.058697426588207272e-02
6.965163687751590338e+00 3.148320970361222215e-02 7.165249815382517262e+00 2.979395396680447478e-02
7.073994370372709284e+00 3.120764408055223815e-02 7.277206843747869414e+00 2.902313569908681820e-02
7.182825052993827342e+00 2.997648120177744818e-02 7.389163872113220677e+00 2.837369515658532543e-02
7.291655735614946288e+00 2.893141545494890346e-02 7.501120900478572828e+00 2.761175825949389873e-02
7.400486418236064345e+00 2.863506296949461585e-02 7.613077928843924980e+00 2.699283069277251881e-02
7.509317100857183291e+00 2.776005771745667164e-02 7.725034957209276243e+00 2.638852557749518657e-02
7.618147783478302237e+00 2.723366935759887961e-02 7.836991985574628394e+00 2.555533203660212069e-02
7.726978466099420295e+00 2.660615196967779442e-02 7.948949013939979658e+00 2.503675224111688580e-02
7.835809148720539241e+00 2.543062388734474918e-02 8.060906042305331809e+00 2.464191651718097495e-02
7.944639831341657299e+00 2.551870702428457247e-02 8.172863070670683072e+00 2.395719254010747132e-02
8.053470513962777133e+00 2.514970396377382358e-02 8.284820099036036112e+00 2.339266512591780742e-02
8.162301196583895191e+00 2.406245956459029597e-02 8.396777127401387375e+00 2.289138403079855541e-02
8.271131879205013249e+00 2.362698832337677829e-02 8.508734155766738638e+00 2.239719704297757005e-02
8.379962561826131306e+00 2.294504233496464513e-02 8.620691184132091678e+00 2.192533509406369846e-02
8.488793244447251141e+00 2.274568570521897162e-02 8.732648212497442941e+00 2.139684009239115406e-02
8.597623927068369198e+00 2.237631605960812078e-02 8.844605240862794204e+00 2.093255344241782417e-02
8.706454609689487256e+00 2.177299240423558047e-02 8.956562269228147244e+00 2.049361046364804595e-02
8.815285292310607090e+00 2.113799498701268362e-02 9.068519297593498507e+00 2.007273479022866208e-02
8.924115974931725148e+00 2.080160019672838007e-02 9.180476325958849770e+00 1.969537549014951927e-02
9.032946657552843206e+00 2.051174605717856828e-02 9.292433354324202810e+00 1.924771529396404612e-02
9.141777340173963040e+00 1.994554980365422295e-02 9.404390382689554073e+00 1.886627537985440667e-02
9.250608022795081098e+00 1.972230723646820061e-02 9.516347411054905336e+00 1.850731021777034246e-02
9.359438705416199156e+00 1.928566194196558795e-02 9.628304439420258376e+00 1.813127283493448302e-02
9.468269388037318990e+00 1.873532646392579021e-02 9.740261467785609639e+00 1.780481239830428164e-02
9.577100070658437048e+00 1.835504127730642338e-02 9.852218496150960902e+00 1.747366816887543917e-02
9.685930753279555105e+00 1.794976763721712817e-02 9.964175524516313942e+00 1.710289163139579183e-02
9.794761435900673163e+00 1.776317286843171611e-02 1.007613255288166521e+01 1.678739792204782255e-02
9.903592118521792997e+00 1.745781599394392175e-02 1.018808958124701647e+01 1.651741465665423902e-02
1.001242280114291106e+01 1.703294265082706468e-02 1.030004660961236773e+01 1.619792467163846603e-02
1.012125348376402911e+01 1.676663805412131544e-02 1.041200363797772077e+01 1.590610667797284772e-02
1.023008416638514895e+01 1.662709931170163954e-02 1.052396066634307203e+01 1.561334252339775276e-02
1.033891484900626700e+01 1.623235181606753549e-02 1.063591769470842330e+01 1.532937913954116743e-02
1.044774553162738506e+01 1.595925397221563055e-02 1.074787472307377634e+01 1.512005816011983972e-02
1.055657621424850490e+01 1.561428906803846196e-02 1.085983175143912760e+01 1.489176602291249554e-02
1.066540689686962295e+01 1.531984141191594997e-02 1.097178877980447886e+01 1.461075854974056357e-02
1.077423757949074101e+01 1.515462626840344447e-02 1.108374580816983190e+01 1.435720976368660279e-02
1.088306826211185907e+01 1.486395747740299096e-02 1.119570283653518317e+01 1.414515390387258501e-02
1.099189894473297890e+01 1.476323793426616987e-02 1.130765986490053443e+01 1.395610226590674602e-02
1.110072962735409696e+01 1.450244123431141015e-02 1.141961689326588747e+01 1.372705651490869518e-02
1.120956030997521502e+01 1.422120702522737881e-02 1.153157392163123873e+01 1.348026064509903407e-02
1.131839099259633485e+01 1.405920006741361375e-02 1.164353094999659000e+01 1.324637647402100715e-02
1.142722167521745291e+01 1.382322216906244593e-02 1.175548797836194304e+01 1.301181894637862095e-02
1.153605235783857097e+01 1.369269669868503764e-02 1.186744500672729430e+01 1.277715972841077414e-02
1.164488304045969080e+01 1.353734648673901066e-02 1.197940203509264556e+01 1.257689339157259945e-02
1.175371372308080886e+01 1.318148617287071174e-02 1.209135906345799860e+01 1.236394252426060644e-02
1.186254440570192692e+01 1.307360252454268026e-02 1.220331609182334986e+01 1.214238387516312564e-02
1.197137508832304675e+01 1.299637984833252290e-02 1.231527312018870113e+01 1.195781721132747714e-02
1.208020577094416481e+01 1.268960242292245175e-02 1.242723014855405417e+01 1.179340740713868615e-02
1.218903645356528287e+01 1.267549642671917179e-02 1.253918717691940543e+01 1.154160291422051676e-02
1.229786713618640093e+01 1.262171124903069264e-02 1.265114420528475669e+01 1.114969011877748641e-02
1.240669781880752076e+01 1.243849401872684432e-02 1.276310123365010973e+01 1.075463463939237835e-02
1.251552850142863882e+01 1.221540602912954583e-02 1.287505826201546100e+01 1.037452390822618531e-02
1.262435918404975688e+01 1.177249126388936647e-02 1.298701529038081226e+01 1.001167603462194827e-02
1.273318986667087671e+01 1.137634420804461630e-02 1.309897231874616352e+01 9.677818473713956440e-03
1.284202054929199477e+01 1.091361610764491133e-02 1.321092934711151656e+01 9.343080489684298454e-03
1.295085123191311283e+01 1.049705732576945022e-02 1.332288637547686783e+01 9.018818616731471074e-03
1.305968191453423266e+01 1.003323501592153985e-02 1.343484340384221909e+01 8.705516816743821829e-03
1.316851259715535072e+01 9.598820690878117831e-03 1.354680043220757213e+01 8.399352248058133616e-03
1.327734327977646878e+01 9.238039928686781962e-03 1.365875746057292339e+01 8.076548709485910360e-03
1.338617396239758683e+01 8.848172066196011848e-03 1.377071448893827466e+01 7.740095414122562419e-03
1.349500464501870667e+01 8.492721792251531690e-03 1.388267151730362770e+01 7.408992096825742397e-03
1.360383532763982473e+01 8.136895108772612337e-03 1.399462854566897896e+01 7.076515986224053180e-03
1.371266601026094278e+01 7.862631879936543902e-03 1.410658557403433022e+01 6.781427781919093303e-03
1.382149669288206262e+01 7.541473829883356406e-03 1.421854260239968326e+01 6.491327590417213245e-03
1.393032737550318068e+01 7.152727901049559835e-03 1.433049963076503452e+01 6.204718220332635509e-03
1.403915805812429873e+01 6.858165632669715496e-03 1.444245665913038579e+01 5.934468987844824205e-03
1.414798874074541857e+01 6.622498216287330160e-03 1.455441368749573883e+01 5.665609067665059589e-03
1.425681942336653663e+01 6.348221227393820165e-03 1.466637071586109009e+01 5.412765581503693225e-03
1.436565010598765468e+01 6.076615299743761550e-03 1.477832774422644135e+01 5.172911212010038520e-03
1.447448078860877452e+01 5.798229048108355203e-03 1.489028477259179439e+01 4.936756006435482833e-03
1.458331147122989258e+01 5.514711813080563213e-03 1.500224180095714566e+01 4.707309493649110103e-03
1.469214215385101063e+01 5.294558732442719746e-03 1.511419882932249692e+01 4.487661796778293077e-03
1.480097283647212869e+01 5.068343875615760781e-03 1.522615585768784996e+01 4.275232670828339396e-03
1.490980351909324852e+01 4.857170380320723763e-03 1.533811288605320122e+01 4.070041174751429409e-03
1.501863420171436658e+01 4.616822215838685926e-03 1.545006991441855249e+01 3.867335311124059632e-03
1.512746488433548464e+01 4.403885677584428414e-03 1.556202694278390553e+01 3.680242845179279229e-03
1.523629556695660447e+01 4.241107569552359305e-03 1.567398397114925679e+01 3.500141015898196838e-03
1.534512624957772253e+01 4.024695092328311671e-03 1.578594099951460805e+01 3.314116199547275168e-03
1.545395693219884059e+01 3.801804762329983201e-03 1.589789802787995932e+01 3.141824167235782173e-03
1.556278761481996042e+01 3.631605895461219053e-03 1.600985505624531058e+01 2.976781360837725543e-03
1.567161829744107848e+01 3.457299472180622342e-03 1.612181208461066362e+01 2.812909229878399892e-03
1.578044898006219654e+01 3.300797536757959106e-03 1.623376911297601666e+01 2.655784446894094222e-03
1.588927966268331460e+01 3.143890430910628239e-03 1.634572614134136614e+01 2.500655569534002490e-03
1.599811034530443443e+01 2.943617109423585579e-03 1.645768316970671918e+01 2.354906362860158080e-03
1.610694102792555427e+01 2.796166212784632031e-03 1.656964019807207222e+01 2.210022849902708829e-03
1.621577171054667232e+01 2.657820623001993718e-03 1.668159722643742171e+01 2.068202667521649822e-03
1.632460239316779038e+01 2.495887305979712072e-03 1.679355425480277475e+01 1.936060021151492965e-03
1.643343307578890844e+01 2.371500012221656756e-03 1.690551128316812779e+01 1.803310193749302652e-03
1.654226375841002650e+01 2.222534713924940401e-03 1.701746831153347728e+01 1.672062427981488558e-03
1.665109444103114456e+01 2.080146251191047728e-03 1.712942533989883032e+01 1.551116992998891183e-03
1.675992512365226261e+01 1.937153473421347749e-03 1.724138236826418336e+01 1.440569898479334603e-03
1.686875580627338422e+01 1.796406291138849531e-03 1.735333939662953284e+01 1.334884046713673668e-03
1.697758648889450228e+01 1.702114078839763942e-03 1.746529642499488588e+01 1.229435753529466765e-03
1.708641717151562034e+01 1.577820169036783012e-03 1.757725345336023892e+01 1.128663253580822591e-03
1.719524785413673840e+01 1.449405181313571543e-03 1.768921048172558841e+01 1.034419272352625875e-03
1.730407853675785645e+01 1.333266983185905355e-03 1.780116751009094145e+01 9.468088864939896987e-04
1.741290921937897451e+01 1.227003690498542623e-03 1.791312453845629449e+01 8.650454892253406271e-04
1.752173990200009612e+01 1.118480269961970352e-03 1.802508156682164397e+01 7.871990656744309910e-04
1.763057058462121418e+01 9.963170235506395560e-04 1.813703859518699701e+01 7.130954782562919526e-04
1.773940126724233224e+01 8.884469472579248610e-04 1.824899562355235005e+01 6.454785118444520244e-04
1.784823194986345030e+01 8.034042584729066735e-04 1.836095265191769954e+01 5.819304924547159287e-04
1.795706263248456835e+01 7.269444031730418112e-04 1.847290968028305258e+01 5.214533253635165750e-04
1.806589331510568641e+01 6.530700470789941930e-04 1.858486670864840562e+01 4.676724920234772223e-04
1.817472399772680447e+01 5.885917152016259665e-04 1.869682373701375511e+01 4.185853500722507199e-04
1.828355468034792608e+01 5.385993566167807675e-04 1.880878076537910815e+01 3.759973318669768637e-04
1.839238536296904414e+01 4.902105802574070487e-04 1.892073779374446119e+01 3.373362390953343892e-04
1.850121604559016220e+01 4.401210052930629407e-04 1.903269482210981067e+01 3.032922451241086559e-04
1.861004672821128025e+01 3.992721654997608092e-04 1.914465185047516371e+01 2.722143728870283900e-04
1.871887741083239831e+01 3.597129482717802596e-04 1.925660887884051675e+01 2.427165955001994702e-04
1.882770809345351637e+01 3.280041669740447379e-04 1.936856590720586624e+01 2.163841946426007504e-04
1.893653877607463798e+01 2.952117424674366290e-04 1.948052293557121928e+01 1.921889301207880445e-04
1.904536945869575604e+01 2.613631613981536560e-04 1.959247996393657232e+01 1.715611955143006649e-04
1.915420014131687410e+01 2.352205770858276795e-04 1.970443699230192180e+01 1.521160634337668572e-04
1.926303082393799215e+01 2.071748991629828590e-04 1.981639402066727484e+01 1.334934523238066829e-04
1.937186150655911021e+01 1.868182460125682805e-04 1.992835104903262788e+01 1.164391575534701358e-04
1.948069218918022827e+01 1.675717362699021278e-04 2.004030807739797737e+01 1.020728589221599805e-04
1.958952287180134633e+01 1.477986725417930458e-04 2.015226510576333041e+01 8.868193368078790392e-05
1.969835355442246794e+01 1.269100756665582678e-04 2.026422213412867990e+01 7.660347832597606170e-05
1.980718423704358599e+01 1.122086928267564761e-04 2.037617916249403294e+01 6.575012410716578673e-05
1.991601491966470405e+01 9.917984584981741401e-05 2.048813619085938598e+01 5.572522156872683897e-05
2.002484560228582211e+01 8.606757042761814633e-05 2.060009321922473546e+01 4.788273732586989479e-05
2.013367628490694017e+01 7.368149895382630939e-05 2.071205024759008850e+01 3.993977046157504423e-05
2.024250696752805823e+01 6.155124668486347539e-05 2.082400727595544154e+01 3.354642110527487762e-05
2.035133765014917628e+01 5.221659182211522287e-05 2.093596430432079103e+01 2.791915482697835408e-05
2.046016833277029789e+01 4.349574601756134111e-05 2.104792133268614407e+01 2.241934013978596254e-05
2.056899901539141595e+01 3.535651109726639538e-05 2.115987836105149711e+01 1.846166597727316762e-05
2.067782969801253401e+01 2.814083253124699348e-05 2.127183538941684660e+01 1.486214573391556570e-05
2.078666038063365207e+01 2.311803723648908398e-05 2.138379241778219964e+01 1.166682635390474557e-05
2.089549106325477013e+01 1.744173195403093607e-05 2.149574944614755267e+01 9.028375395499296734e-06
2.100432174587588818e+01 1.306537114300173421e-05 2.160770647451290216e+01 6.736741664333657884e-06
2.111315242849700979e+01 9.252426288877145169e-06 2.171966350287825520e+01 4.774566504983717418e-06
2.122198311111812785e+01 6.364134629551159172e-06 2.183162053124360824e+01 3.257119933927506484e-06
2.133081379373924591e+01 3.943282385472025156e-06 2.194357755960895773e+01 1.940542130001728829e-06
2.143964447636036397e+01 2.139343017050810625e-06 2.205553458797431077e+01 1.010289504505617819e-06
2.154847515898148202e+01 1.690896805926350103e-06 2.216749161633966381e+01 7.460421344671246819e-07
