7.981323463879340663e-01
-5.000000000000000000e+00
1.000000000000000000e+00
1.000000000000000000e+00
1.000000000000000000e+00
6.283185307179586232e-01
7.926654595212021537e-01
-6.688697949391217978e-01
8.880660176889879631e-01
1.136757254503864667e+00
7.192280642265317381e-01
7.691792213946416212e-02
-1.732172199734683060e+00
1.106650559879768458e+00
2.164346441303019175e-01
2.164346441303034996e-01
8.974325433428796961e-01
1.000000000000001554e+00
1.001347817903783799e+00
1.000323356114739770e+00
7.625141429953960492e-02
7.691792424310248122e-02
8.752695950299921313e-01
