-2.500000000000000000e+01 -2.500000000000000000e+01 -2.500000000000000000e+01 7.310314290264786907e-02 7.310314290264782744e-02 1.134579570189382519e-01 -1.250385135757131572e+01 -1.250385135757131572e+01 -1.250385135757131572e+01 2.023437773963876712e-04 2.023437773963945830e-04 2.019157410137719028e-04 -1.170571901118338154e+01 2.094818227258051218e-04
-2.475000000000000000e+01 -2.475000000000000000e+01 -2.475000000000000000e+01 7.314146692542469741e-02 7.314146692542469741e-02 1.134709773867195043e-01 -1.237881284399560222e+01 -1.237881284399560222e+01 -1.237881284399560222e+01 2.046201354532947963e-04 2.046201354533006781e-04 1.976302235288140193e-04 -1.158068049760766804e+01 2.181323863475716153e-04
-2.450000000000000000e+01 -2.450000000000000000e+01 -2.450000000000000000e+01 7.321808190165680907e-02 7.321808190165680907e-02 1.134961424178321382e-01 -1.225377433041988873e+01 -1.225377433041988873e+01 -1.225377433041988873e+01 2.085860634542354081e-04 2.085860634542403684e-04 1.972480414048150346e-04 -1.145564198403195455e+01 2.261519425530367699e-04
-2.425000000000000000e+01 -2.425000000000000000e+01 -2.425000000000000000e+01 7.333336416329139240e-02 7.333336416329140628e-02 1.135354218238763258e-01 -1.212873581684417523e+01 -1.212873581684417523e+01 -1.212873581684417523e+01 2.135359376631673742e-04 2.135359376631682958e-04 1.996410756884604311e-04 -1.133060347045624106e+01 2.333532141197517415e-04
-2.400000000000000000e+01 -2.400000000000000000e+01 -2.400000000000000000e+01 7.348721381582740131e-02 7.348721381582738743e-02 1.135861836120532348e-01 -1.200369730326846351e+01 -1.200369730326846351e+01 -1.200369730326846351e+01 2.190176766284442262e-04 2.190176766284414886e-04 2.034283928405297909e-04 -1.120556495688052934e+01 2.402717582491955997e-04
-2.375000000000000000e+01 -2.375000000000000000e+01 -2.375000000000000000e+01 7.368038987332811707e-02 7.368038987332810319e-02 1.136523816286232336e-01 -1.187865878969275002e+01 -1.187865878969275002e+01 -1.187865878969275002e+01 2.248491518504289882e-04 2.248491518504210735e-04 2.078645206921790850e-04 -1.108052644330481584e+01 2.473072943771572490e-04
-2.350000000000000000e+01 -2.350000000000000000e+01 -2.350000000000000000e+01 7.391272354660030630e-02 7.391272354660033406e-02 1.137296128689356256e-01 -1.175362027611703652e+01 -1.175362027611703652e+01 -1.175362027611703652e+01 2.309823135435905511e-04 2.309823135435742610e-04 2.127056610896569386e-04 -1.095548792972910235e+01 2.546060314275865478e-04
-2.325000000000000000e+01 -2.325000000000000000e+01 -2.325000000000000000e+01 7.418536939987066536e-02 7.418536939987063761e-02 1.138238444887012674e-01 -1.162858176254132303e+01 -1.162858176254132303e+01 -1.162858176254132303e+01 2.374106076870243908e-04 2.374106076870012431e-04 2.178916499120904851e-04 -1.083044941615338885e+01 2.622067541223696021e-04
-2.300000000000000000e+01 -2.300000000000000000e+01 -2.300000000000000000e+01 7.449808626698005420e-02 7.449808626698010972e-02 1.139288776460044561e-01 -1.150354324896560954e+01 -1.150354324896560954e+01 -1.150354324896560954e+01 2.441369503741264504e-04 2.441369503740985322e-04 2.234048765510952622e-04 -1.070541090257767536e+01 2.701249122679571439e-04
-2.275000000000000000e+01 -2.275000000000000000e+01 -2.275000000000000000e+01 7.485244399042693952e-02 7.485244399042695340e-02 1.140527374019673496e-01 -1.137850473538989782e+01 -1.137850473538989782e+01 -1.137850473538989782e+01 2.511673610098548253e-04 2.511673610098253350e-04 2.292369599626851474e-04 -1.058037238900196364e+01 2.783733373722398988e-04
-2.250000000000000000e+01 -2.250000000000000000e+01 -2.250000000000000000e+01 7.524812408213571446e-02 7.524812408213574222e-02 1.141873937125683358e-01 -1.125346622181418432e+01 -1.125346622181418432e+01 -1.125346622181418432e+01 2.585093753586709315e-04 2.585093753586435554e-04 2.353840551376782991e-04 -1.045533387542625015e+01 2.869657652680743069e-04
-2.225000000000000000e+01 -2.225000000000000000e+01 -2.225000000000000000e+01 7.568713878163860209e-02 7.568713878163856046e-02 1.143429905965770987e-01 -1.112842770823847083e+01 -1.112842770823847083e+01 -1.112842770823847083e+01 2.661722850621379153e-04 2.661722850621144965e-04 2.418453905562410202e-04 -1.033029536185053665e+01 2.959166681193518529e-04
-2.200000000000000000e+01 -2.200000000000000000e+01 -2.200000000000000000e+01 7.616908580089591652e-02 7.616908580089588876e-02 1.145096202743291491e-01 -1.100338919466275733e+01 -1.100338919466275733e+01 -1.100338919466275733e+01 2.741664348834433880e-04 2.741664348834228424e-04 2.486232159569903627e-04 -1.020525684827482316e+01 3.052418593348716399e-04
-2.175000000000000000e+01 -2.175000000000000000e+01 -2.175000000000000000e+01 7.669645502680258464e-02 7.669645502680254301e-02 1.146996246705139777e-01 -1.087835068108704384e+01 -1.087835068108704384e+01 -1.087835068108704384e+01 2.825037766781796989e-04 2.825037766781602375e-04 2.557218211475164519e-04 -1.008021833469910966e+01 3.149579411167749378e-04
-2.150000000000000000e+01 -2.150000000000000000e+01 -2.150000000000000000e+01 7.726875226886044390e-02 7.726875226886040227e-02 1.149011597292435433e-01 -1.075331216751133212e+01 -1.075331216751133212e+01 -1.075331216751133212e+01 2.911971351378286996e-04 2.911971351378085876e-04 2.631478249184528075e-04 -9.955179821123397943e+00 3.250830195613962220e-04
-2.125000000000000000e+01 -2.125000000000000000e+01 -2.125000000000000000e+01 7.788898942565156136e-02 7.788898942565151973e-02 1.151288640250662521e-01 -1.062827365393561863e+01 -1.062827365393561863e+01 -1.062827365393561863e+01 3.002609450528901129e-04 3.002609450528701093e-04 2.709092759834340813e-04 -9.830141307547684448e+00 3.356360481788549992e-04
-2.100000000000000000e+01 -2.100000000000000000e+01 -2.100000000000000000e+01 7.855657056461262666e-02 7.855657056461258503e-02 1.153688856072517671e-01 -1.050323514035990513e+01 -1.050323514035990513e+01 -1.050323514035990513e+01 3.097104394631886460e-04 3.097104394631700519e-04 2.790162033458067048e-04 -9.705102793971970954e+00 3.466376762482227926e-04
-2.075000000000000000e+01 -2.075000000000000000e+01 -2.075000000000000000e+01 7.927508434068547549e-02 7.927508434068553100e-02 1.156382806740013230e-01 -1.037819662678419164e+01 -1.037819662678419164e+01 -1.037819662678419164e+01 3.195625501035497494e-04 3.195625501035361969e-04 2.874797256664345926e-04 -9.580064280396257459e+00 3.581094889244156119e-04
-2.050000000000000000e+01 -2.050000000000000000e+01 -2.050000000000000000e+01 8.004382136836267481e-02 8.004382136836268868e-02 1.159211033490162440e-01 -1.025315811320847814e+01 -1.025315811320847814e+01 -1.025315811320847814e+01 3.298349986704480824e-04 3.298349986704397340e-04 2.963128085702840969e-04 -9.455025766820543964e+00 3.700749942908991477e-04
-2.025000000000000000e+01 -2.025000000000000000e+01 -2.025000000000000000e+01 8.086701379050692529e-02 8.086701379050696692e-02 1.162369737248713925e-01 -1.012811959963276642e+01 -1.012811959963276642e+01 -1.012811959963276642e+01 3.405473551269961327e-04 3.405473551269898444e-04 3.055293317466152266e-04 -9.329987253244832246e+00 3.825587584827342129e-04
-2.000000000000000000e+01 -2.000000000000000000e+01 -2.000000000000000000e+01 8.174382503116715826e-02 8.174382503116711662e-02 1.165677499210617390e-01 -1.000308108605705115e+01 -1.000308108605705115e+01 -1.000308108605705115e+01 3.517200208802115954e-04 3.517200208802069334e-04 3.151450233255572711e-04 -9.204948739669116975e+00 3.955875379744018213e-04
-1.975000000000000000e+01 -1.975000000000000000e+01 -1.975000000000000000e+01 8.267921146009474254e-02 8.267921146009477029e-02 1.169357913203031701e-01 -9.878042572481339434e+00 -9.878042572481339434e+00 -9.878042572481339434e+00 3.633754463451349345e-04 3.633754463451287003e-04 3.251764540505075788e-04 -9.079910226093405257e+00 4.091893078464473510e-04
-1.950000000000000000e+01 -1.950000000000000000e+01 -1.950000000000000000e+01 8.367219337139451818e-02 8.367219337139446267e-02 1.173206399255357218e-01 -9.753004058905625939e+00 -9.753004058905625939e+00 -9.753004058905625939e+00 3.755369982803099149e-04 3.755369982803003197e-04 3.356421355162875187e-04 -8.954871712517691762e+00 4.233945475848562077e-04
-1.925000000000000000e+01 -1.925000000000000000e+01 -1.925000000000000000e+01 8.472854863890540156e-02 8.472854863890545707e-02 1.177476036850879371e-01 -9.627965545329912445e+00 -9.627965545329912445e+00 -9.627965545329912445e+00 3.882303420493535100e-04 3.882303420493439148e-04 3.465614224340351850e-04 -8.829833198941978267e+00 4.382351606508864549e-04
-1.900000000000000000e+01 -1.900000000000000000e+01 -1.900000000000000000e+01 8.584713609247467125e-02 8.584713609247467125e-02 1.181937679438690020e-01 -9.502927031754200726e+00 -9.502927031754200726e+00 -9.502927031754200726e+00 4.014821870169884188e-04 4.014821870169806126e-04 3.579557714609362816e-04 -8.704794685366266549e+00 4.537459240827533243e-04
-1.875000000000000000e+01 -1.875000000000000000e+01 -1.875000000000000000e+01 8.703467209221413259e-02 8.703467209221406320e-02 1.186876382663188956e-01 -9.377888518178485455e+00 -9.377888518178485455e+00 -9.377888518178485455e+00 4.153218419674175699e-04 4.153218419674123115e-04 3.698475388982119957e-04 -8.579756171790551278e+00 4.699632977402709686e-04
-1.850000000000000000e+01 -1.850000000000000000e+01 -1.850000000000000000e+01 8.828983306931248443e-02 8.828983306931247055e-02 1.192036794898982816e-01 -9.252850004602773737e+00 -9.252850004602773737e+00 -9.252850004602773737e+00 4.297798333300631912e-04 4.297798333300642212e-04 3.822614030039228269e-04 -8.454717658214839560e+00 4.869270503011485091e-04
-1.825000000000000000e+01 -1.825000000000000000e+01 -1.825000000000000000e+01 8.962041452419809706e-02 8.962041452419812482e-02 1.197738909337814489e-01 -9.127811491027060242e+00 -9.127811491027060242e+00 -9.127811491027060242e+00 4.448896449061490069e-04 4.448896449061564879e-04 3.952230478455020222e-04 -8.329679144639126065e+00 5.046789569606155088e-04
-1.800000000000000000e+01 -1.800000000000000000e+01 -1.800000000000000000e+01 9.102488674582283334e-02 9.102488674582277783e-02 1.203699263181774587e-01 -9.002772977451346748e+00 -9.002772977451346748e+00 -9.002772977451346748e+00 4.606862042221002498e-04 4.606862042221134229e-04 4.087607562376867668e-04 -8.204640631063412570e+00 5.232646171056424753e-04
-1.775000000000000000e+01 -1.775000000000000000e+01 -1.775000000000000000e+01 9.251229368329055847e-02 9.251229368329053071e-02 1.210276310340483441e-01 -8.877734463875635029e+00 -8.877734463875635029e+00 -8.877734463875635029e+00 4.772078204391523798e-04 4.772078204391708655e-04 4.229039723010955660e-04 -8.079602117487700852e+00 5.427320399272316399e-04
-1.750000000000000000e+01 -1.750000000000000000e+01 -1.750000000000000000e+01 9.408087273203695478e-02 9.408087273203691314e-02 1.217156261775439730e-01 -8.752695950299919758e+00 -8.752695950299919758e+00 -8.752695950299919758e+00 4.944945345686912325e-04 4.944945345687112902e-04 4.376850755523541896e-04 -7.954563603911985581e+00 5.631336722796312193e-04
-1.725000000000000000e+01 -1.725000000000000000e+01 -1.725000000000000000e+01 9.574112053476339923e-02 9.574112053476339923e-02 1.224740230437449812e-01 -8.627657436724208040e+00 -8.627657436724208040e+00 -8.627657436724208040e+00 5.125902724344486407e-04 5.125902724344671806e-04 4.531378157556597403e-04 -7.829525090336273863e+00 5.845248727182587737e-04
-1.700000000000000000e+01 -1.700000000000000000e+01 -1.700000000000000000e+01 9.749101166968343612e-02 9.749101166968343612e-02 1.232681527449226155e-01 -8.502618923148494545e+00 -8.502618923148494545e+00 -8.502618923148494545e+00 5.315410549970843185e-04 5.315410549970985216e-04 4.692992818068756396e-04 -7.704486576760560368e+00 6.069661719926682788e-04
-1.675000000000000000e+01 -1.675000000000000000e+01 -1.675000000000000000e+01 9.934274261390450833e-02 9.934274261390453609e-02 1.241428940268765463e-01 -8.377580409572781051e+00 -8.377580409572781051e+00 -8.377580409572781051e+00 5.513973867095590346e-04 5.513973867095695513e-04 4.862082031350723659e-04 -7.579448063184846873e+00 6.305216376096934401e-04
-1.650000000000000000e+01 -1.650000000000000000e+01 -1.650000000000000000e+01 1.012939919381056486e-01 1.012939919381056902e-01 1.250599888653302072e-01 -8.252541895997069332e+00 -8.252541895997069332e+00 -8.252541895997069332e+00 5.722123229372776164e-04 5.722123229372866153e-04 5.039071302391321403e-04 -7.454409549609135155e+00 6.552613943090033902e-04
-1.625000000000000000e+01 -1.625000000000000000e+01 -1.625000000000000000e+01 1.033589561313671551e-01 1.033589561313671551e-01 1.260696845920871723e-01 -8.127503382421354061e+00 -8.127503382421354061e+00 -8.127503382421354061e+00 5.940441182077191729e-04 5.940441182077295813e-04 5.224405974683822692e-04 -7.329371036033419884e+00 6.812598835820539087e-04
-1.600000000000000000e+01 -1.600000000000000000e+01 -1.600000000000000000e+01 1.055349813337403686e-01 1.055349813337403547e-01 1.271297859770680883e-01 -8.002464868845642343e+00 -8.002464868845642343e+00 -8.002464868845642343e+00 6.169541488397515747e-04 6.169541488397640430e-04 5.418575356648165121e-04 -7.204332522457708166e+00 7.085986776609360001e-04
-1.575000000000000000e+01 -1.575000000000000000e+01 -1.575000000000000000e+01 1.078386302628544235e-01 1.078386302628543958e-01 1.282966322941652138e-01 -7.877426355269929736e+00 -7.877426355269929736e+00 -7.877426355269929736e+00 6.410098506909561560e-04 6.410098506909699253e-04 5.622092918217424812e-04 -7.079294008881995559e+00 7.373646417991875897e-04
-1.550000000000000000e+01 -1.550000000000000000e+01 -1.550000000000000000e+01 1.102668772233389854e-01 1.102668772233389299e-01 1.295236855725960534e-01 -7.752387841694215354e+00 -7.752387841694215354e+00 -7.752387841694215354e+00 6.662824968294252855e-04 6.662824968294352602e-04 5.835522985065548550e-04 -6.954255495306281176e+00 7.676530832081715581e-04
-1.525000000000000000e+01 -1.525000000000000000e+01 -1.525000000000000000e+01 1.128391002046605779e-01 1.128391002046606612e-01 1.308742514471810670e-01 -7.627349328118502747e+00 -7.627349328118502747e+00 -7.627349328118502747e+00 6.928504607502113761e-04 6.928504607502148456e-04 6.059459468458226533e-04 -6.829216981730568570e+00 7.995658287532089823e-04
-1.500000000000000000e+01 -1.500000000000000000e+01 -1.500000000000000000e+01 1.155518598959414944e-01 1.155518598959415361e-01 1.322969759413961666e-01 -7.502310814542789252e+00 -7.502310814542789252e+00 -7.502310814542789252e+00 7.207968515099754878e-04 7.207968515099724520e-04 6.294555425205993100e-04 -6.704178468154855075e+00 8.332147605037183583e-04
-1.475000000000000000e+01 -1.475000000000000000e+01 -1.475000000000000000e+01 1.184279032694331019e-01 1.184279032694331435e-01 1.338631935496241432e-01 -7.377272300967076646e+00 -7.377272300967076646e+00 -7.377272300967076646e+00 7.502131464490237062e-04 7.502131464490164421e-04 6.541500299584233728e-04 -6.579139954579142469e+00 8.687198284268664956e-04
-1.450000000000000000e+01 -1.450000000000000000e+01 -1.450000000000000000e+01 1.214633344186863834e-01 1.214633344186863972e-01 1.355161809708734788e-01 -7.252233787391364039e+00 -7.252233787391364039e+00 -7.252233787391364039e+00 7.811966900467767240e-04 7.811966900467692430e-04 6.801052710310957544e-04 -6.454101441003429862e+00 9.062130376306378691e-04
-1.425000000000000000e+01 -1.425000000000000000e+01 -1.425000000000000000e+01 1.246849563282062118e-01 1.246849563282062395e-01 1.373366000146784005e-01 -7.127195273815649657e+00 -7.127195273815649657e+00 -7.127195273815649657e+00 8.138547505371281380e-04 8.138547505371249938e-04 7.074016205050892309e-04 -6.329062927427715479e+00 9.458364255274816614e-04
-1.400000000000000000e+01 -1.400000000000000000e+01 -1.400000000000000000e+01 1.280883743912034634e-01 1.280883743912034356e-01 1.392617099000101610e-01 -7.002156760239937050e+00 -7.002156760239937050e+00 -7.002156760239937050e+00 8.483018943777078345e-04 8.483018943777114124e-04 7.361275715523328544e-04 -6.204024413852002873e+00 9.877465836516442256e-04
-1.375000000000000000e+01 -1.375000000000000000e+01 -1.375000000000000000e+01 1.317053058734419246e-01 1.317053058734419524e-01 1.413830966069055672e-01 -6.877118246664223555e+00 -6.877118246664223555e+00 -6.877118246664223555e+00 8.846645346031706096e-04 8.846645346031796085e-04 7.663771857708866816e-04 -6.078985900276289378e+00 1.032112642899385598e-03
-1.350000000000000000e+01 -1.350000000000000000e+01 -1.350000000000000000e+01 1.355308197287307947e-01 1.355308197287307670e-01 1.436312411866373373e-01 -6.752079733088510949e+00 -6.752079733088510949e+00 -6.752079733088510949e+00 9.230782010241158925e-04 9.230782010241305293e-04 7.982541598110284289e-04 -5.953947386700576772e+00 1.079121436725838813e-03
-1.325000000000000000e+01 -1.325000000000000000e+01 -1.325000000000000000e+01 1.396026276891414730e-01 1.396026276891415008e-01 1.461106312229955295e-01 -6.627041219512798342e+00 -6.627041219512798342e+00 -6.627041219512798342e+00 9.636926658810553072e-04 9.636926658810739555e-04 8.318691181208846559e-04 -5.828908873124864165e+00 1.128975558329085816e-03
-1.300000000000000000e+01 -1.300000000000000000e+01 -1.300000000000000000e+01 1.439152346078291234e-01 1.439152346078291511e-01 1.487440752870514415e-01 -6.502002705937083959e+00 -6.502002705937083959e+00 -6.502002705937083959e+00 1.006669141849999812e-03 1.006669141850020412e-03 8.673441681719355062e-04 -5.703870359549149782e+00 1.181899304596584644e-03
-1.275000000000000000e+01 -1.275000000000000000e+01 -1.275000000000000000e+01 1.485137172148644769e-01 1.485137172148644213e-01 1.516514297871884576e-01 -6.376964192361371353e+00 -6.376964192361371353e+00 -6.376964192361371353e+00 1.052186094189283419e-03 1.052186094189304453e-03 9.048100712174594797e-04 -5.578831845973437176e+00 1.238136898284587914e-03
-1.250000000000000000e+01 -1.250000000000000000e+01 -1.250000000000000000e+01 1.533920078856441382e-01 1.533920078856441660e-01 1.547467779174717395e-01 -6.251925678785657858e+00 -6.251925678785657858e+00 -6.251925678785657858e+00 1.100436416024938016e-03 1.100436416024959266e-03 9.444113708642319378e-04 -5.453793332397723681e+00 1.297959396996352030e-03
-1.225000000000000000e+01 -1.225000000000000000e+01 -1.225000000000000000e+01 1.586043026758027219e-01 1.586043026758026664e-01 1.581684485883179669e-01 -6.126887165209944364e+00 -6.126887165209944364e+00 -6.126887165209944364e+00 1.151634068110554861e-03 1.151634068110574160e-03 9.863034675800549760e-04 -5.328754818822010186e+00 1.361663215711313981e-03
-1.200000000000000000e+01 -1.200000000000000000e+01 -1.200000000000000000e+01 1.641439871172103715e-01 1.641439871172103160e-01 1.618205589612703998e-01 -6.001848651634231757e+00 -6.001848651634231757e+00 -6.001848651634231757e+00 1.206011306220740277e-03 1.206011306220757624e-03 1.030658428249800257e-03 -5.203716305246297580e+00 1.429578247861960699e-03
-1.175000000000000000e+01 -1.175000000000000000e+01 -1.175000000000000000e+01 1.700766438919746881e-01 1.700766438919746881e-01 1.658638498153774399e-01 -5.876810138058518262e+00 -5.876810138058518262e+00 -5.876810138058518262e+00 1.263826333368771185e-03 1.263826333368784196e-03 1.077662005437473236e-03 -5.078677791670584085e+00 1.502066885360475723e-03
-1.150000000000000000e+01 -1.150000000000000000e+01 -1.150000000000000000e+01 1.763951948455083629e-01 1.763951948455083352e-01 1.701910104622934294e-01 -5.751771624482804768e+00 -5.751771624482804768e+00 -5.751771624482804768e+00 1.325360691243487399e-03 1.325360691243499325e-03 1.127520266295568407e-03 -4.953639278094870591e+00 1.579533687849635692e-03
-1.125000000000000000e+01 -1.125000000000000000e+01 -1.125000000000000000e+01 1.831795705005122843e-01 1.831795705005121455e-01 1.749902426006231249e-01 -5.626733110907092161e+00 -5.626733110907092161e+00 -5.626733110907092161e+00 1.390928170443975816e-03 1.390928170443984924e-03 1.180456619905155286e-03 -4.828600764519157984e+00 1.662425188453305188e-03
-1.100000000000000000e+01 -1.100000000000000000e+01 -1.100000000000000000e+01 1.904224073144285545e-01 1.904224073144282492e-01 1.801410878157080619e-01 -5.501694597331378667e+00 -5.501694597331378667e+00 -5.501694597331378667e+00 1.460872532520941834e-03 1.460872532520944003e-03 1.236719445692108059e-03 -4.703562250943444489e+00 1.751241575317358593e-03
-1.075000000000000000e+01 -1.075000000000000000e+01 -1.075000000000000000e+01 1.982218958916843743e-01 1.982218958916844853e-01 1.858657493631838686e-01 -5.376656083755666060e+00 -5.376656083755666060e+00 -5.376656083755666060e+00 1.535578009310276625e-03 1.535578009310276191e-03 1.296579224855066818e-03 -4.578523737367731883e+00 1.846537706941170191e-03
-1.050000000000000000e+01 -1.050000000000000000e+01 -1.050000000000000000e+01 2.065707212757257050e-01 2.065707212757257882e-01 1.920286050576144044e-01 -5.251617570179952565e+00 -5.251617570179952565e+00 -5.251617570179952565e+00 1.615467603157987736e-03 1.615467603157982749e-03 1.360337405998681814e-03 -4.453485223792018388e+00 1.948937457137175314e-03
-1.025000000000000000e+01 -1.025000000000000000e+01 -1.025000000000000000e+01 2.155905685581328279e-01 2.155905685581328002e-01 1.988944320862863213e-01 -5.126579056604239071e+00 -5.126579056604239071e+00 -5.126579056604239071e+00 1.701015628705239294e-03 1.701015628705232789e-03 1.428323784722679637e-03 -4.328446710216304893e+00 2.059136568118447291e-03
-1.000000000000000000e+01 -1.000000000000000000e+01 -1.000000000000000000e+01 2.252747592851968295e-01 2.252747592851967184e-01 2.063100983198365157e-01 -5.001540543028525576e+00 -5.001540543028525576e+00 -5.001540543028525576e+00 1.792746960111634737e-03 1.792746960111628665e-03 1.500906924514019362e-03 -4.203408196640591399e+00 2.177920587542246482e-03
-9.750000000000000000e+00 -9.750000000000000000e+00 -9.750000000000000000e+00 2.357755746294555310e-01 2.357755746294556698e-01 2.145943352933955828e-01 -4.876502029452812970e+00 -4.876502029452812970e+00 -4.876502029452812970e+00 1.891252246174128775e-03 1.891252246174124655e-03 1.578491999626574884e-03 -4.078369683064878792e+00 2.306170499288764594e-03
-9.500000000000000000e+00 -9.500000000000000000e+00 -9.500000000000000000e+00 2.470879758907512658e-01 2.470879758907510160e-01 2.235738062049262287e-01 -4.751463515877100363e+00 -4.751463515877100363e+00 -4.751463515877100363e+00 1.997188656663667888e-03 1.997188656663664418e-03 1.661533202917588525e-03 -3.953331169489166186e+00 2.444885600095147125e-03
-9.250000000000000000e+00 -9.250000000000000000e+00 -9.250000000000000000e+00 2.594046247800790850e-01 2.594046247800792515e-01 2.336365209161131995e-01 -4.626425002301386868e+00 -4.626425002301386868e+00 -4.626425002301386868e+00 2.111298663607802991e-03 2.111298663607796920e-03 1.750532372901439501e-03 -3.828292655913452691e+00 2.595193330434497885e-03
-9.000000000000000000e+00 -9.000000000000000000e+00 -9.000000000000000000e+00 2.727238098607630556e-01 2.727238098607630001e-01 2.445859149212685768e-01 -4.501386488725673374e+00 -4.501386488725673374e+00 -4.501386488725673374e+00 2.234413119253530425e-03 2.234413119253522619e-03 1.846053983214471705e-03 -3.703254142337739196e+00 2.758379081596544664e-03
-8.750000000000000000e+00 -8.750000000000000000e+00 -8.750000000000000000e+00 2.872922872267134053e-01 2.872922872267133498e-01 2.569002375333787613e-01 -4.376347975149959879e+00 -4.376347975149959879e+00 -4.376347975149959879e+00 2.367474889413256206e-03 2.367474889413243629e-03 1.948725033354170881e-03 -3.578215628762025702e+00 2.935902407395528987e-03
-8.500000000000000000e+00 -8.500000000000000000e+00 -8.500000000000000000e+00 3.031145004174410351e-01 3.031145004174412572e-01 2.703564503958828524e-01 -4.251309461574247273e+00 -4.251309461574247273e+00 -4.251309461574247273e+00 2.511545530138828679e-03 2.511545530138817837e-03 2.059253451544887023e-03 -3.453177115186313095e+00 3.129436759387909522e-03
-8.250000000000000000e+00 -8.250000000000000000e+00 -8.250000000000000000e+00 3.205108928008589819e-01 3.205108928008590374e-01 2.855522216626630305e-01 -4.126270947998534666e+00 -4.126270947998534666e+00 -4.126270947998534666e+00 2.667835659372614580e-03 2.667835659372607207e-03 2.178429968722253845e-03 -3.328138601610600489e+00 3.340895472330265587e-03
-8.000000000000000000e+00 -8.000000000000000000e+00 -8.000000000000000000e+00 3.394968197095950546e-01 3.394968197095948881e-01 3.022348522557743999e-01 -4.001232434422821171e+00 -4.001232434422821171e+00 -4.001232434422821171e+00 2.837717182771616435e-03 2.837717182771608629e-03 2.307151116383692521e-03 -3.203100088034886994e+00 3.572486032368564577e-03
-7.750000000000000000e+00 -7.750000000000000000e+00 -7.750000000000000000e+00 3.604950129999564545e-01 3.604950129999564545e-01 3.211628569200107863e-01 -3.876193920847107677e+00 -3.876193920847107677e+00 -3.876193920847107677e+00 3.022763224063646902e-03 3.022763224063642565e-03 2.446424170199862878e-03 -3.078061574459173499e+00 3.826751202807083824e-03
-7.500000000000000000e+00 -7.500000000000000000e+00 -7.500000000000000000e+00 3.835398232710934829e-01 3.835398232710937605e-01 3.420513936847623393e-01 -3.751155407271394626e+00 -3.751155407271394626e+00 -3.751155407271394626e+00 3.224768942377212975e-03 3.224768942377207771e-03 2.597396448140464054e-03 -2.953023060883460449e+00 4.106645049793651754e-03
-7.250000000000000000e+00 -7.250000000000000000e+00 -7.250000000000000000e+00 4.091990504354543479e-01 4.091990504354545144e-01 3.658799664668209717e-01 -3.626116893695682020e+00 -3.626116893695682020e+00 -3.626116893695682020e+00 3.445805324343850957e-03 3.445805324343841850e-03 2.761364976674206446e-03 -2.827984547307747842e+00 4.415597852780756873e-03
-7.000000000000000000e+00 -7.000000000000000000e+00 -7.000000000000000000e+00 4.375399942621672755e-01 4.375399942621672200e-01 3.923312024739241677e-01 -3.501078380119968525e+00 -3.501078380119968525e+00 -3.501078380119968525e+00 3.688253411281136162e-03 3.688253411281120549e-03 2.939814590355499958e-03 -2.702946033732034348e+00 4.757625478103055111e-03
-6.750000000000000000e+00 -6.750000000000000000e+00 -6.750000000000000000e+00 4.693413045779719628e-01 4.693413045779721848e-01 4.226951547462574621e-01 -3.376039866544255474e+00 -3.376039866544255474e+00 -3.376039866544255474e+00 3.954878659798226684e-03 3.954878659798208469e-03 3.134434859111809215e-03 -2.577907520156321297e+00 5.137432279551324733e-03
-6.500000000000000000e+00 -6.500000000000000000e+00 -6.500000000000000000e+00 5.047278305252439479e-01 5.047278305252440589e-01 4.566265619205781001e-01 -3.251001352968541980e+00 -3.251001352968541980e+00 -3.251001352968541980e+00 4.248886343712492825e-03 4.248886343712471141e-03 3.347170719314856817e-03 -2.452869006580607802e+00 5.560572857944254439e-03
-6.250000000000000000e+00 -6.250000000000000000e+00 -6.250000000000000000e+00 5.447934790903155022e-01 5.447934790903152802e-01 4.958633587064028014e-01 -3.125962839392828929e+00 -3.125962839392828929e+00 -3.125962839392828929e+00 4.574027178709525951e-03 4.574027178709505134e-03 3.580250603609527477e-03 -2.327830493004894752e+00 6.033616807646286981e-03
-6.000000000000000000e+00 -6.000000000000000000e+00 -6.000000000000000000e+00 5.897651849576905914e-01 5.897651849576907024e-01 5.400482970551843120e-01 -3.000924325817115879e+00 -3.000924325817115879e+00 -3.000924325817115879e+00 4.934686664516630718e-03 4.934686664516615105e-03 3.836255264403914348e-03 -2.202791979429181701e+00 6.564394917234032088e-03
-5.750000000000000000e+00 -5.750000000000000000e+00 -5.750000000000000000e+00 6.412239806194115488e-01 6.412239806194114378e-01 5.915851025823568587e-01 -2.875885812241402384e+00 -2.875885812241402384e+00 -2.875885812241402384e+00 5.336039465006082137e-03 5.336039465006076066e-03 4.118163307904502447e-03 -2.077753465853468207e+00 7.162266763081002498e-03
-5.500000000000000000e+00 -5.500000000000000000e+00 -5.500000000000000000e+00 6.995821733171084800e-01 6.995821733171084800e-01 6.501451914795448594e-01 -2.750847298665689333e+00 -2.750847298665689333e+00 -2.750847298665689333e+00 5.784194174310645226e-03 5.784194174310649562e-03 4.429446970870974838e-03 -1.952714952277755156e+00 7.838506723933670248e-03
-5.250000000000000000e+00 -5.250000000000000000e+00 -5.250000000000000000e+00 7.672030525355818531e-01 7.672030525355821862e-01 7.191580828391320734e-01 -2.625808785089976283e+00 -2.625808785089976283e+00 -2.625808785089976283e+00 6.286425891663159973e-03 6.286425891663171249e-03 4.774144986988642855e-03 -1.827676438702042105e+00 8.606746607353747344e-03
-5.000000000000000000e+00 -5.000000000000000000e+00 -5.000000000000000000e+00 8.448462466123825010e-01 8.448462466123823900e-01 7.984194689111402399e-01 -2.500770271514262788e+00 -2.500770271514262788e+00 -2.500770271514262788e+00 6.851413618716431161e-03 6.851413618716449376e-03 5.156999205774093729e-03 -1.702637925126328611e+00 9.483599617859005820e-03
-4.750000000000000000e+00 -4.750000000000000000e+00 -4.750000000000000000e+00 9.361896919666222727e-01 9.361896919666224948e-01 8.930088277023042753e-01 -2.375731757938550182e+00 -2.375731757938550182e+00 -2.375731757938550182e+00 7.489602339454420887e-03 7.489602339454436500e-03 5.583571089686612150e-03 -1.577599411550616004e+00 1.048940814738969635e-02
-4.500000000000000000e+00 -4.500000000000000000e+00 -4.500000000000000000e+00 1.042670230423368816e+00 1.042670230423369260e+00 1.003067551405665947e+00 -2.250693244362836687e+00 -2.250693244362836687e+00 -2.250693244362836687e+00 8.213599954123979724e-03 8.213599954123993602e-03 6.060441960243276131e-03 -1.452560897974902510e+00 1.164928381514452466e-02
-4.250000000000000000e+00 -4.250000000000000000e+00 -4.250000000000000000e+00 1.170297951725151053e+00 1.170297951725150609e+00 1.136472314079837398e+00 -2.125654730787123636e+00 -2.125654730787123636e+00 -2.125654730787123636e+00 9.038762533296379811e-03 9.038762533296383281e-03 6.595401002288207686e-03 -1.327522384399189459e+00 1.299439978263715843e-02
-4.000000000000000000e+00 -4.000000000000000000e+00 -4.000000000000000000e+00 1.321897156153885033e+00 1.321897156153885478e+00 1.294233532604758929e+00 -2.000616217211410586e+00 -2.000616217211410586e+00 -2.000616217211410586e+00 9.983877713663760409e-03 9.983877713663765613e-03 7.197748642822977480e-03 -1.202483870823476408e+00 1.456377568293920274e-02
-3.750000000000000000e+00 -3.750000000000000000e+00 -3.750000000000000000e+00 1.507892093520087684e+00 1.507892093520087018e+00 1.489289327402547825e+00 -1.875577703635697313e+00 -1.875577703635697313e+00 -1.875577703635697313e+00 1.107215603524233649e-02 1.107215603524233996e-02 7.878607263722000112e-03 -1.077445357247763358e+00 1.640655858261888880e-02
-3.500000000000000000e+00 -3.500000000000000000e+00 -3.500000000000000000e+00 1.734128166433551277e+00 1.734128166433551943e+00 1.724813897268796303e+00 -1.750539190059984263e+00 -1.750539190059984263e+00 -1.750539190059984263e+00 1.233246217612325030e-02 1.233246217612326071e-02 8.651402973720710710e-03 -9.524068436720501962e-01 1.858515799943201083e-02
-3.250000000000000000e+00 -3.250000000000000000e+00 -3.250000000000000000e+00 2.020064939192879550e+00 2.020064939192879994e+00 2.023682087958580844e+00 -1.625500676484270990e+00 -1.625500676484270990e+00 -1.625500676484270990e+00 1.380110878090462338e-02 1.380110878090463379e-02 9.532405103690379938e-03 -8.273683300963369236e-01 2.117931797424697782e-02
-3.000000000000000000e+00 -3.000000000000000000e+00 -3.000000000000000000e+00 2.378637970366210386e+00 2.378637970366209498e+00 2.394659229888089325e+00 -1.500462162908557939e+00 -1.500462162908557939e+00 -1.500462162908557939e+00 1.552424792812752592e-02 1.552424792812754847e-02 1.054155316862948402e-02 -7.023298165206238730e-01 2.429164159407689455e-02
-2.750000000000000000e+00 -2.750000000000000000e+00 -2.750000000000000000e+00 2.849657817367115431e+00 2.849657817367115875e+00 2.882231899994259106e+00 -1.375423649332844667e+00 -1.375423649332844667e+00 -1.375423649332844667e+00 1.756147740103138413e-02 1.756147740103139107e-02 1.170348831131030713e-02 -5.772913029449106004e-01 2.805468386859647639e-02
-2.500000000000000000e+00 -2.500000000000000000e+00 -2.500000000000000000e+00 3.464322067490742452e+00 3.464322067490743340e+00 3.510675835267054623e+00 -1.250385135757131394e+00 -1.250385135757131394e+00 -1.250385135757131394e+00 1.999114012110507835e-02 1.999114012110507835e-02 1.304918210413955754e-02 -4.522527893691973278e-01 3.264003100572498983e-02
-2.250000000000000000e+00 -2.250000000000000000e+00 -2.250000000000000000e+00 4.314072939719008737e+00 4.314072939719006072e+00 4.377936823427804214e+00 -1.125346622181418343e+00 -1.125346622181418343e+00 -1.125346622181418343e+00 2.291902458820117144e-02 2.291902458820117491e-02 1.461828575879028057e-02 -3.272142757934842772e-01 3.826853057032948702e-02
-2.000000000000000000e+00 -2.000000000000000000e+00 -2.000000000000000000e+00 5.483034322875180777e+00 5.483034322875181665e+00 5.555993073759222689e+00 -1.000308108605705293e+00 -1.000308108605705293e+00 -1.000308108605705293e+00 2.649331666514622916e-02 2.649331666514621528e-02 1.646320553700933095e-02 -2.021757622177712266e-01 4.521902966703697513e-02
-1.750000000000000000e+00 -1.750000000000000000e+00 -1.750000000000000000e+00 7.215334383770332316e+00 7.215334383770334981e+00 7.298529782054406390e+00 -8.752695950299921313e-01 -8.752695950299921313e-01 -8.752695950299921313e-01 3.093414412879959274e-02 3.093414412879958580e-02 1.865641197961635800e-02 -7.713724864205806497e-02 5.382559338706608548e-02
-1.500000000000000000e+00 -1.500000000000000000e+00 -1.500000000000000000e+00 9.774455431455493226e+00 9.774455431455487897e+00 9.846858046390281061e+00 -7.502310814542789696e-01 -7.502310814542789696e-01 -7.502310814542789696e-01 3.659923872116309373e-02 3.659923872116311455e-02 2.130677099423809034e-02 4.790126493365509663e-02 6.443461955359840176e-02
-1.250000000000000000e+00 -1.250000000000000000e+00 -1.250000000000000000e+00 1.396277527666414287e+01 1.396277527666414819e+01 1.401998016339818065e+01 -6.251925678785656970e-01 -6.251925678785656970e-01 -6.251925678785656970e-01 4.413326612100058194e-02 4.413326612100056112e-02 2.460509445997587780e-02 1.729397785093683693e-01 7.722191170189819653e-02
-1.000000000000000000e+00 -1.000000000000000000e+00 -1.000000000000000000e+00 2.080768807626751382e+01 2.080768807626751382e+01 2.080419666451499339e+01 -5.001540543028526464e-01 -5.001540543028526464e-01 -5.001540543028526464e-01 5.469233299346187849e-02 5.469233299346185073e-02 2.897175435056869447e-02 2.979782920850814198e-01 9.156534916611044905e-02
-7.500000000000000000e-01 -7.500000000000000000e-01 -7.500000000000000000e-01 3.399568981752890551e+01 3.399568981752891261e+01 3.392672242190229071e+01 -3.751155407271394848e-01 -3.751155407271394848e-01 -3.751155407271394848e-01 6.974199151010712638e-02 6.974199151010718190e-02 3.544328383998860549e-02 4.230168056607945815e-01 1.046433074697811633e-01
-5.000000000000000000e-01 -5.000000000000000000e-01 -5.000000000000000000e-01 5.948241563717456870e+01 5.948241563717453317e+01 5.926619075625190902e+01 -2.500770271514263232e-01 -2.500770271514263232e-01 -2.500770271514263232e-01 8.909484912023661607e-02 8.909484912023661607e-02 4.610739649528768774e-02 5.480553192365077431e-01 1.105447560002760510e-01
-2.500000000000000000e-01 -2.500000000000000000e-01 -2.500000000000000000e-01 1.360788392137078802e+02 1.360788392137078233e+02 1.357877003276446146e+02 -1.250385135757131616e-01 -1.250385135757131616e-01 -1.250385135757131616e-01 1.074808162877856216e-01 1.074808162877856910e-01 6.311584528935661187e-02 6.730938328122209047e-01 1.035619029569761346e-01
0.000000000000000000e+00 0.000000000000000000e+00 0.000000000000000000e+00 3.417665785444506810e+02 3.417665785444507947e+02 3.412918305464394848e+02 0.000000000000000000e+00 0.000000000000000000e+00 0.000000000000000000e+00 1.153440130923885781e-01 1.153440130923886475e-01 8.487966894014058183e-02 7.981323463879340663e-01 8.487966894014058183e-02
2.500000000000000000e-01 2.500000000000000000e-01 2.500000000000000000e-01 1.360788392137079370e+02 1.360788392137078802e+02 1.357877003276447283e+02 1.250385135757131616e-01 1.250385135757131616e-01 1.250385135757131616e-01 1.074808162877855938e-01 1.074808162877856632e-01 1.035619029569761346e-01 9.231708599636472279e-01 6.311584528935661187e-02
5.000000000000000000e-01 5.000000000000000000e-01 5.000000000000000000e-01 5.948241563717467528e+01 5.948241563717466107e+01 5.926619075625200139e+01 2.500770271514263232e-01 2.500770271514263232e-01 2.500770271514263232e-01 8.909484912023656056e-02 8.909484912023654668e-02 1.105447560002760510e-01 1.048209373539360278e+00 4.610739649528768774e-02
7.500000000000000000e-01 7.500000000000000000e-01 7.500000000000000000e-01 3.399568981752890551e+01 3.399568981752891261e+01 3.392672242190229781e+01 3.751155407271394848e-01 3.751155407271394848e-01 3.751155407271394848e-01 6.974199151010711251e-02 6.974199151010715414e-02 1.046433074697811633e-01 1.173247887115073551e+00 3.544328383998860549e-02
1.000000000000000000e+00 1.000000000000000000e+00 1.000000000000000000e+00 2.080768807626758488e+01 2.080768807626758132e+01 2.080419666451505378e+01 5.001540543028526464e-01 5.001540543028526464e-01 5.001540543028526464e-01 5.469233299346178828e-02 5.469233299346176747e-02 9.156534916611044905e-02 1.298286400690786824e+00 2.897175435056869447e-02
1.250000000000000000e+00 1.250000000000000000e+00 1.250000000000000000e+00 1.396277527666418727e+01 1.396277527666418905e+01 1.401998016339822151e+01 6.251925678785656970e-01 6.251925678785656970e-01 6.251925678785656970e-01 4.413326612100049867e-02 4.413326612100049173e-02 7.722191170189819653e-02 1.423324914266499874e+00 2.460509445997587780e-02
1.500000000000000000e+00 1.500000000000000000e+00 1.500000000000000000e+00 9.774455431455493226e+00 9.774455431455487897e+00 9.846858046390279284e+00 7.502310814542789696e-01 7.502310814542789696e-01 7.502310814542789696e-01 3.659923872116308680e-02 3.659923872116311455e-02 6.443461955359840176e-02 1.548363427842212925e+00 2.130677099423809034e-02
1.750000000000000000e+00 1.750000000000000000e+00 1.750000000000000000e+00 7.215334383770357185e+00 7.215334383770363402e+00 7.298529782054422377e+00 8.752695950299921313e-01 8.752695950299921313e-01 8.752695950299921313e-01 3.093414412879966213e-02 3.093414412879965172e-02 5.382559338706608548e-02 1.673401941417926198e+00 1.865641197961635800e-02
2.000000000000000000e+00 2.000000000000000000e+00 2.000000000000000000e+00 5.483034322875198541e+00 5.483034322875201205e+00 5.555993073759234235e+00 1.000308108605705293e+00 1.000308108605705293e+00 1.000308108605705293e+00 2.649331666514629161e-02 2.649331666514629507e-02 4.521902966703697513e-02 1.798440454993639470e+00 1.646320553700933095e-02
2.250000000000000000e+00 2.250000000000000000e+00 2.250000000000000000e+00 4.314072939719008737e+00 4.314072939719006072e+00 4.377936823427804214e+00 1.125346622181418343e+00 1.125346622181418343e+00 1.125346622181418343e+00 2.291902458820115757e-02 2.291902458820116451e-02 3.826853057032948702e-02 1.923478968569352521e+00 1.461828575879028057e-02
2.500000000000000000e+00 2.500000000000000000e+00 2.500000000000000000e+00 3.464322067490757995e+00 3.464322067490757551e+00 3.510675835267068834e+00 1.250385135757131394e+00 1.250385135757131394e+00 1.250385135757131394e+00 1.999114012110497426e-02 1.999114012110499161e-02 3.264003100572498983e-02 2.048517482145065571e+00 1.304918210413955754e-02
2.750000000000000000e+00 2.750000000000000000e+00 2.750000000000000000e+00 2.849657817367124757e+00 2.849657817367125201e+00 2.882231899994262658e+00 1.375423649332844667e+00 1.375423649332844667e+00 1.375423649332844667e+00 1.756147740103128699e-02 1.756147740103129046e-02 2.805468386859647639e-02 2.173555995720778622e+00 1.170348831131030713e-02
3.000000000000000000e+00 3.000000000000000000e+00 3.000000000000000000e+00 2.378637970366210386e+00 2.378637970366209498e+00 2.394659229888088881e+00 1.500462162908557939e+00 1.500462162908557939e+00 1.500462162908557939e+00 1.552424792812752245e-02 1.552424792812753807e-02 2.429164159407689455e-02 2.298594509296492117e+00 1.054155316862948402e-02
3.250000000000000000e+00 3.250000000000000000e+00 3.250000000000000000e+00 2.020064939192888875e+00 2.020064939192890208e+00 2.023682087958587505e+00 1.625500676484270990e+00 1.625500676484270990e+00 1.625500676484270990e+00 1.380110878090471532e-02 1.380110878090473440e-02 2.117931797424697782e-02 2.423633022872205167e+00 9.532405103690379938e-03
3.500000000000000000e+00 3.500000000000000000e+00 3.500000000000000000e+00 1.734128166433557272e+00 1.734128166433558160e+00 1.724813897268797636e+00 1.750539190059984263e+00 1.750539190059984263e+00 1.750539190059984263e+00 1.233246217612333703e-02 1.233246217612334744e-02 1.858515799943201083e-02 2.548671536447918218e+00 8.651402973720710710e-03
3.750000000000000000e+00 3.750000000000000000e+00 3.750000000000000000e+00 1.507892093520087684e+00 1.507892093520087462e+00 1.489289327402547602e+00 1.875577703635697313e+00 1.875577703635697313e+00 1.875577703635697313e+00 1.107215603524233476e-02 1.107215603524234343e-02 1.640655858261888880e-02 2.673710050023631268e+00 7.878607263722000112e-03
4.000000000000000000e+00 4.000000000000000000e+00 4.000000000000000000e+00 1.321897156153890807e+00 1.321897156153891251e+00 1.294233532604759818e+00 2.000616217211410586e+00 2.000616217211410586e+00 2.000616217211410586e+00 9.983877713663685816e-03 9.983877713663689285e-03 1.456377568293920274e-02 2.798748563599344763e+00 7.197748642822977480e-03
4.250000000000000000e+00 4.250000000000000000e+00 4.250000000000000000e+00 1.170297951725154828e+00 1.170297951725154828e+00 1.136472314079838064e+00 2.125654730787123636e+00 2.125654730787123636e+00 2.125654730787123636e+00 9.038762533296303484e-03 9.038762533296308688e-03 1.299439978263715843e-02 2.923787077175057814e+00 6.595401002288207686e-03
4.500000000000000000e+00 4.500000000000000000e+00 4.500000000000000000e+00 1.042670230423368816e+00 1.042670230423369260e+00 1.003067551405665947e+00 2.250693244362836687e+00 2.250693244362836687e+00 2.250693244362836687e+00 8.213599954123976254e-03 8.213599954123991867e-03 1.164928381514452466e-02 3.048825590750770864e+00 6.060441960243276131e-03
4.750000000000000000e+00 4.750000000000000000e+00 4.750000000000000000e+00 9.361896919666260475e-01 9.361896919666263805e-01 8.930088277023051635e-01 2.375731757938550182e+00 2.375731757938550182e+00 2.375731757938550182e+00 7.489602339454500685e-03 7.489602339454516297e-03 1.048940814738969635e-02 3.173864104326484359e+00 5.583571089686612150e-03
5.000000000000000000e+00 5.000000000000000000e+00 5.000000000000000000e+00 8.448462466123849435e-01 8.448462466123844994e-01 7.984194689111414611e-01 2.500770271514262788e+00 2.500770271514262788e+00 2.500770271514262788e+00 6.851413618716510959e-03 6.851413618716526571e-03 9.483599617859005820e-03 3.298902617902196965e+00 5.156999205774093729e-03
5.250000000000000000e+00 5.250000000000000000e+00 5.250000000000000000e+00 7.672030525355818531e-01 7.672030525355821862e-01 7.191580828391321845e-01 2.625808785089976283e+00 2.625808785089976283e+00 2.625808785089976283e+00 6.286425891663158239e-03 6.286425891663170382e-03 8.606746607353747344e-03 3.423941131477910460e+00 4.774144986988642855e-03
5.500000000000000000e+00 5.500000000000000000e+00 5.500000000000000000e+00 6.995821733171115886e-01 6.995821733171115886e-01 6.501451914795449705e-01 2.750847298665689333e+00 2.750847298665689333e+00 2.750847298665689333e+00 5.784194174310568030e-03 5.784194174310571500e-03 7.838506723933670248e-03 3.548979645053623511e+00 4.429446970870974838e-03
5.750000000000000000e+00 5.750000000000000000e+00 5.750000000000000000e+00 6.412239806194136582e-01 6.412239806194138803e-01 5.915851025823569698e-01 2.875885812241402384e+00 2.875885812241402384e+00 2.875885812241402384e+00 5.336039465006006677e-03 5.336039465005996268e-03 7.162266763081002498e-03 3.674018158629336561e+00 4.118163307904502447e-03
6.000000000000000000e+00 6.000000000000000000e+00 6.000000000000000000e+00 5.897651849576905914e-01 5.897651849576907024e-01 5.400482970551843120e-01 3.000924325817115879e+00 3.000924325817115879e+00 3.000924325817115879e+00 4.934686664516628116e-03 4.934686664516613371e-03 6.564394917234032088e-03 3.799056672205050056e+00 3.836255264403914348e-03
6.250000000000000000e+00 6.250000000000000000e+00 6.250000000000000000e+00 5.447934790903179447e-01 5.447934790903178337e-01 4.958633587064026904e-01 3.125962839392828929e+00 3.125962839392828929e+00 3.125962839392828929e+00 4.574027178709608350e-03 4.574027178709585799e-03 6.033616807646286981e-03 3.924095185780763106e+00 3.580250603609527477e-03
6.500000000000000000e+00 6.500000000000000000e+00 6.500000000000000000e+00 5.047278305252456132e-01 5.047278305252458352e-01 4.566265619205784887e-01 3.251001352968541980e+00 3.251001352968541980e+00 3.251001352968541980e+00 4.248886343712573489e-03 4.248886343712552673e-03 5.560572857944254439e-03 4.049133699356476157e+00 3.347170719314856817e-03
6.750000000000000000e+00 6.750000000000000000e+00 6.750000000000000000e+00 4.693413045779719628e-01 4.693413045779721293e-01 4.226951547462573511e-01 3.376039866544255474e+00 3.376039866544255474e+00 3.376039866544255474e+00 3.954878659798224949e-03 3.954878659798201530e-03 5.137432279551324733e-03 4.174172212932189652e+00 3.134434859111809215e-03
7.000000000000000000e+00 7.000000000000000000e+00 7.000000000000000000e+00 4.375399942621692739e-01 4.375399942621692739e-01 3.923312024739250559e-01 3.501078380119968525e+00 3.501078380119968525e+00 3.501078380119968525e+00 3.688253411281062870e-03 3.688253411281049426e-03 4.757625478103055111e-03 4.299210726507902258e+00 2.939814590355499958e-03
7.250000000000000000e+00 7.250000000000000000e+00 7.250000000000000000e+00 4.091990504354556246e-01 4.091990504354560132e-01 3.658799664668215268e-01 3.626116893695682020e+00 3.626116893695682020e+00 3.626116893695682020e+00 3.445805324343778966e-03 3.445805324343768124e-03 4.415597852780756873e-03 4.424249240083615753e+00 2.761364976674206446e-03
7.500000000000000000e+00 7.500000000000000000e+00 7.500000000000000000e+00 3.835398232710934829e-01 3.835398232710938160e-01 3.420513936847623393e-01 3.751155407271394626e+00 3.751155407271394626e+00 3.751155407271394626e+00 3.224768942377212108e-03 3.224768942377208639e-03 4.106645049793651754e-03 4.549287753659328359e+00 2.597396448140464054e-03
7.750000000000000000e+00 7.750000000000000000e+00 7.750000000000000000e+00 3.604950129999580088e-01 3.604950129999580088e-01 3.211628569200108418e-01 3.876193920847107677e+00 3.876193920847107677e+00 3.876193920847107677e+00 3.022763224063721062e-03 3.022763224063720194e-03 3.826751202807083824e-03 4.674326267235041854e+00 2.446424170199862878e-03
8.000000000000000000e+00 8.000000000000000000e+00 8.000000000000000000e+00 3.394968197095961093e-01 3.394968197095960538e-01 3.022348522557744555e-01 4.001232434422821171e+00 4.001232434422821171e+00 4.001232434422821171e+00 2.837717182771689727e-03 2.837717182771684089e-03 3.572486032368564577e-03 4.799364780810755349e+00 2.307151116383692521e-03
8.250000000000000000e+00 8.250000000000000000e+00 8.250000000000000000e+00 3.205108928008589819e-01 3.205108928008590374e-01 2.855522216626631971e-01 4.126270947998534666e+00 4.126270947998534666e+00 4.126270947998534666e+00 2.667835659372614580e-03 2.667835659372605906e-03 3.340895472330265587e-03 4.924403294386468843e+00 2.178429968722253845e-03
8.500000000000000000e+00 8.500000000000000000e+00 8.500000000000000000e+00 3.031145004174422009e-01 3.031145004174422564e-01 2.703564503958828524e-01 4.251309461574247273e+00 4.251309461574247273e+00 4.251309461574247273e+00 2.511545530138742811e-03 2.511545530138728933e-03 3.129436759387909522e-03 5.049441807962181450e+00 2.059253451544887023e-03
8.750000000000000000e+00 8.750000000000000000e+00 8.750000000000000000e+00 2.872922872267141825e-01 2.872922872267141270e-01 2.569002375333790389e-01 4.376347975149959879e+00 4.376347975149959879e+00 4.376347975149959879e+00 2.367474889413169036e-03 2.367474889413156893e-03 2.935902407395528987e-03 5.174480321537894056e+00 1.948725033354170881e-03
9.000000000000000000e+00 9.000000000000000000e+00 9.000000000000000000e+00 2.727238098607630556e-01 2.727238098607630001e-01 2.445859149212685213e-01 4.501386488725673374e+00 4.501386488725673374e+00 4.501386488725673374e+00 2.234413119253529124e-03 2.234413119253517849e-03 2.758379081596544664e-03 5.299518835113607551e+00 1.846053983214471705e-03
9.250000000000000000e+00 9.250000000000000000e+00 9.250000000000000000e+00 2.594046247800802507e-01 2.594046247800803617e-01 2.336365209161130885e-01 4.626425002301386868e+00 4.626425002301386868e+00 4.626425002301386868e+00 2.111298663607884089e-03 2.111298663607879319e-03 2.595193330434497885e-03 5.424557348689321046e+00 1.750532372901439501e-03
9.500000000000000000e+00 9.500000000000000000e+00 9.500000000000000000e+00 2.470879758907520984e-01 2.470879758907519597e-01 2.235738062049265895e-01 4.751463515877100363e+00 4.751463515877100363e+00 4.751463515877100363e+00 1.997188656663744215e-03 1.997188656663738144e-03 2.444885600095147125e-03 5.549595862265034540e+00 1.661533202917588525e-03
9.750000000000000000e+00 9.750000000000000000e+00 9.750000000000000000e+00 2.357755746294555310e-01 2.357755746294556698e-01 2.145943352933955828e-01 4.876502029452812970e+00 4.876502029452812970e+00 4.876502029452812970e+00 1.891252246174127474e-03 1.891252246174121403e-03 2.306170499288764594e-03 5.674634375840747147e+00 1.578491999626574884e-03
1.000000000000000000e+01 1.000000000000000000e+01 1.000000000000000000e+01 2.252747592851978287e-01 2.252747592851976621e-01 2.063100983198368488e-01 5.001540543028525576e+00 5.001540543028525576e+00 5.001540543028525576e+00 1.792746960111564480e-03 1.792746960111559059e-03 2.177920587542246482e-03 5.799672889416459753e+00 1.500906924514019362e-03
1.025000000000000000e+01 1.025000000000000000e+01 1.025000000000000000e+01 2.155905685581334941e-01 2.155905685581335218e-01 1.988944320862865434e-01 5.126579056604239071e+00 5.126579056604239071e+00 5.126579056604239071e+00 1.701015628705171640e-03 1.701015628705162533e-03 2.059136568118447291e-03 5.924711402992173248e+00 1.428323784722679637e-03
1.050000000000000000e+01 1.050000000000000000e+01 1.050000000000000000e+01 2.065707212757257050e-01 2.065707212757257882e-01 1.920286050576144044e-01 5.251617570179952565e+00 5.251617570179952565e+00 5.251617570179952565e+00 1.615467603157986218e-03 1.615467603157980363e-03 1.948937457137175314e-03 6.049749916567886743e+00 1.360337405998681814e-03
1.075000000000000000e+01 1.075000000000000000e+01 1.075000000000000000e+01 1.982218958916852347e-01 1.982218958916852347e-01 1.858657493631835633e-01 5.376656083755666060e+00 5.376656083755666060e+00 5.376656083755666060e+00 1.535578009310346230e-03 1.535578009310347315e-03 1.846537706941170191e-03 6.174788430143600237e+00 1.296579224855066818e-03
1.100000000000000000e+01 1.100000000000000000e+01 1.100000000000000000e+01 1.904224073144291374e-01 1.904224073144288876e-01 1.801410878157080342e-01 5.501694597331378667e+00 5.501694597331378667e+00 5.501694597331378667e+00 1.460872532521007537e-03 1.460872532521010356e-03 1.751241575317358593e-03 6.299826943719312844e+00 1.236719445692108059e-03
1.125000000000000000e+01 1.125000000000000000e+01 1.125000000000000000e+01 1.831795705005122843e-01 1.831795705005121455e-01 1.749902426006231249e-01 5.626733110907092161e+00 5.626733110907092161e+00 5.626733110907092161e+00 1.390928170443974082e-03 1.390928170443983406e-03 1.662425188453305188e-03 6.424865457295026339e+00 1.180456619905155286e-03
1.150000000000000000e+01 1.150000000000000000e+01 1.150000000000000000e+01 1.763951948455090568e-01 1.763951948455090568e-01 1.701910104622935127e-01 5.751771624482804768e+00 5.751771624482804768e+00 5.751771624482804768e+00 1.325360691243424732e-03 1.325360691243437092e-03 1.579533687849635692e-03 6.549903970870738945e+00 1.127520266295568407e-03
1.175000000000000000e+01 1.175000000000000000e+01 1.175000000000000000e+01 1.700766438919750767e-01 1.700766438919750490e-01 1.658638498153774676e-01 5.876810138058518262e+00 5.876810138058518262e+00 5.876810138058518262e+00 1.263826333368708301e-03 1.263826333368723047e-03 1.502066885360475723e-03 6.674942484446452440e+00 1.077662005437473236e-03
1.200000000000000000e+01 1.200000000000000000e+01 1.200000000000000000e+01 1.641439871172103715e-01 1.641439871172103160e-01 1.618205589612703998e-01 6.001848651634231757e+00 6.001848651634231757e+00 6.001848651634231757e+00 1.206011306220737891e-03 1.206011306220754588e-03 1.429578247861960699e-03 6.799980998022165934e+00 1.030658428249800257e-03
1.225000000000000000e+01 1.225000000000000000e+01 1.225000000000000000e+01 1.586043026758033880e-01 1.586043026758034713e-01 1.581684485883181890e-01 6.126887165209944364e+00 6.126887165209944364e+00 6.126887165209944364e+00 1.151634068110627069e-03 1.151634068110646151e-03 1.361663215711313981e-03 6.925019511597878541e+00 9.863034675800549760e-04
1.250000000000000000e+01 1.250000000000000000e+01 1.250000000000000000e+01 1.533920078856445268e-01 1.533920078856445546e-01 1.547467779174719060e-01 6.251925678785657858e+00 6.251925678785657858e+00 6.251925678785657858e+00 1.100436416025004369e-03 1.100436416025026053e-03 1.297959396996352030e-03 7.050058025173592036e+00 9.444113708642319378e-04
1.275000000000000000e+01 1.275000000000000000e+01 1.275000000000000000e+01 1.485137172148644769e-01 1.485137172148644213e-01 1.516514297871884021e-01 6.376964192361371353e+00 6.376964192361371353e+00 6.376964192361371353e+00 1.052186094189280384e-03 1.052186094189302284e-03 1.238136898284587914e-03 7.175096538749305530e+00 9.048100712174594797e-04
1.300000000000000000e+01 1.300000000000000000e+01 1.300000000000000000e+01 1.439152346078296785e-01 1.439152346078296507e-01 1.487440752870511640e-01 6.502002705937083959e+00 6.502002705937083959e+00 6.502002705937083959e+00 1.006669141849941699e-03 1.006669141849963599e-03 1.181899304596584644e-03 7.300135052325018137e+00 8.673441681719355062e-04
1.325000000000000000e+01 1.325000000000000000e+01 1.325000000000000000e+01 1.396026276891418894e-01 1.396026276891418616e-01 1.461106312229954463e-01 6.627041219512798342e+00 6.627041219512798342e+00 6.627041219512798342e+00 9.636926658809979529e-04 9.636926658810166012e-04 1.128975558329085816e-03 7.425173565900732520e+00 8.318691181208846559e-04
1.350000000000000000e+01 1.350000000000000000e+01 1.350000000000000000e+01 1.355308197287307947e-01 1.355308197287307670e-01 1.436312411866373095e-01 6.752079733088510949e+00 6.752079733088510949e+00 6.752079733088510949e+00 9.230782010241112305e-04 9.230782010241263009e-04 1.079121436725838813e-03 7.550212079476445126e+00 7.982541598110284289e-04
1.375000000000000000e+01 1.375000000000000000e+01 1.375000000000000000e+01 1.317053058734422299e-01 1.317053058734422299e-01 1.413830966069054285e-01 6.877118246664223555e+00 6.877118246664223555e+00 6.877118246664223555e+00 8.846645346032261208e-04 8.846645346032358786e-04 1.032112642899385598e-03 7.675250593052157733e+00 7.663771857708866816e-04
1.400000000000000000e+01 1.400000000000000000e+01 1.400000000000000000e+01 1.280883743912036576e-01 1.280883743912036299e-01 1.392617099000101610e-01 7.002156760239937050e+00 7.002156760239937050e+00 7.002156760239937050e+00 8.483018943777610689e-04 8.483018943777647551e-04 9.877465836516442256e-04 7.800289106627871227e+00 7.361275715523328544e-04
1.425000000000000000e+01 1.425000000000000000e+01 1.425000000000000000e+01 1.246849563282062118e-01 1.246849563282062395e-01 1.373366000146784005e-01 7.127195273815649657e+00 7.127195273815649657e+00 7.127195273815649657e+00 8.138547505371217412e-04 8.138547505371184886e-04 9.458364255274816614e-04 7.925327620203583834e+00 7.074016205050892309e-04
1.450000000000000000e+01 1.450000000000000000e+01 1.450000000000000000e+01 1.214633344186867026e-01 1.214633344186867164e-01 1.355161809708733400e-01 7.252233787391364039e+00 7.252233787391364039e+00 7.252233787391364039e+00 7.811966900467177434e-04 7.811966900467108045e-04 9.062130376306378691e-04 8.050366133779297328e+00 6.801052710310957544e-04
1.475000000000000000e+01 1.475000000000000000e+01 1.475000000000000000e+01 1.184279032694332545e-01 1.184279032694333517e-01 1.338631935496240877e-01 7.377272300967076646e+00 7.377272300967076646e+00 7.377272300967076646e+00 7.502131464489608225e-04 7.502131464489533415e-04 8.687198284268664956e-04 8.175404647355010823e+00 6.541500299584233728e-04
1.500000000000000000e+01 1.500000000000000000e+01 1.500000000000000000e+01 1.155518598959414944e-01 1.155518598959415361e-01 1.322969759413961388e-01 7.502310814542789252e+00 7.502310814542789252e+00 7.502310814542789252e+00 7.207968515099664889e-04 7.207968515099628026e-04 8.332147605037183583e-04 8.300443160930722541e+00 6.294555425205993100e-04
1.525000000000000000e+01 1.525000000000000000e+01 1.525000000000000000e+01 1.128391002046609248e-01 1.128391002046610220e-01 1.308742514471808727e-01 7.627349328118502747e+00 7.627349328118502747e+00 7.627349328118502747e+00 6.928504607502645020e-04 6.928504607502684052e-04 7.995658287532089823e-04 8.425481674506436036e+00 6.059459468458226533e-04
1.550000000000000000e+01 1.550000000000000000e+01 1.550000000000000000e+01 1.102668772233391381e-01 1.102668772233391103e-01 1.295236855725961089e-01 7.752387841694215354e+00 7.752387841694215354e+00 7.752387841694215354e+00 6.662824968294720146e-04 6.662824968294829651e-04 7.676530832081715581e-04 8.550520188082149531e+00 5.835522985065548550e-04
1.575000000000000000e+01 1.575000000000000000e+01 1.575000000000000000e+01 1.078386302628544235e-01 1.078386302628543958e-01 1.282966322941652138e-01 7.877426355269929736e+00 7.877426355269929736e+00 7.877426355269929736e+00 6.410098506909405434e-04 6.410098506909560475e-04 7.373646417991875897e-04 8.675558701657863026e+00 5.622092918217424812e-04
1.600000000000000000e+01 1.600000000000000000e+01 1.600000000000000000e+01 1.055349813337405768e-01 1.055349813337404935e-01 1.271297859770677829e-01 8.002464868845642343e+00 8.002464868845642343e+00 8.002464868845642343e+00 6.169541488396869562e-04 6.169541488397011593e-04 7.085986776609360001e-04 8.800597215233576520e+00 5.418575356648165121e-04
1.625000000000000000e+01 1.625000000000000000e+01 1.625000000000000000e+01 1.033589561313672522e-01 1.033589561313672800e-01 1.260696845920873110e-01 8.127503382421354061e+00 8.127503382421354061e+00 8.127503382421354061e+00 5.940441182076505429e-04 5.940441182076630112e-04 6.812598835820539087e-04 8.925635728809288238e+00 5.224405974683822692e-04
1.650000000000000000e+01 1.650000000000000000e+01 1.650000000000000000e+01 1.012939919381056486e-01 1.012939919381056902e-01 1.250599888653302072e-01 8.252541895997069332e+00 8.252541895997069332e+00 8.252541895997069332e+00 5.722123229372614618e-04 5.722123229372713281e-04 6.552613943090033902e-04 9.050674242385003510e+00 5.039071302391321403e-04
1.675000000000000000e+01 1.675000000000000000e+01 1.675000000000000000e+01 9.934274261390471650e-02 9.934274261390464711e-02 1.241428940268765185e-01 8.377580409572781051e+00 8.377580409572781051e+00 8.377580409572781051e+00 5.513973867095913438e-04 5.513973867096000174e-04 6.305216376096934401e-04 9.175712755960715228e+00 4.862082031350723659e-04
1.700000000000000000e+01 1.700000000000000000e+01 1.700000000000000000e+01 9.749101166968345000e-02 9.749101166968343612e-02 1.232681527449229902e-01 8.502618923148494545e+00 8.502618923148494545e+00 8.502618923148494545e+00 5.315410549971218319e-04 5.315410549971337582e-04 6.069661719926682788e-04 9.300751269536428723e+00 4.692992818068756396e-04
1.725000000000000000e+01 1.725000000000000000e+01 1.725000000000000000e+01 9.574112053476339923e-02 9.574112053476339923e-02 1.224740230437449812e-01 8.627657436724208040e+00 8.627657436724208040e+00 8.627657436724208040e+00 5.125902724344457134e-04 5.125902724344619764e-04 5.845248727182587737e-04 9.425789783112142217e+00 4.531378157556597403e-04
1.750000000000000000e+01 1.750000000000000000e+01 1.750000000000000000e+01 9.408087273203712131e-02 9.408087273203714906e-02 1.217156261775439591e-01 8.752695950299919758e+00 8.752695950299919758e+00 8.752695950299919758e+00 4.944945345686554538e-04 4.944945345686737768e-04 5.631336722796312193e-04 9.550828296687853936e+00 4.376850755523541896e-04
1.775000000000000000e+01 1.775000000000000000e+01 1.775000000000000000e+01 9.251229368329065561e-02 9.251229368329057234e-02 1.210276310340483719e-01 8.877734463875635029e+00 8.877734463875635029e+00 8.877734463875635029e+00 4.772078204391145412e-04 4.772078204391322679e-04 5.427320399272316399e-04 9.675866810263569207e+00 4.229039723010955660e-04
1.800000000000000000e+01 1.800000000000000000e+01 1.800000000000000000e+01 9.102488674582283334e-02 9.102488674582277783e-02 1.203699263181774587e-01 9.002772977451346748e+00 9.002772977451346748e+00 9.002772977451346748e+00 4.606862042220973767e-04 4.606862042221112545e-04 5.232646171056424753e-04 9.800905323839280925e+00 4.087607562376867668e-04
1.825000000000000000e+01 1.825000000000000000e+01 1.825000000000000000e+01 8.962041452419829135e-02 8.962041452419830523e-02 1.197738909337814489e-01 9.127811491027060242e+00 9.127811491027060242e+00 9.127811491027060242e+00 4.448896449061784429e-04 4.448896449061860866e-04 5.046789569606155088e-04 9.925943837414994420e+00 3.952230478455020222e-04
1.850000000000000000e+01 1.850000000000000000e+01 1.850000000000000000e+01 8.828983306931256769e-02 8.828983306931259545e-02 1.192036794898985869e-01 9.252850004602773737e+00 9.252850004602773737e+00 9.252850004602773737e+00 4.297798333300900794e-04 4.297798333300913804e-04 4.869270503011485091e-04 1.005098235099070791e+01 3.822614030039228269e-04
1.875000000000000000e+01 1.875000000000000000e+01 1.875000000000000000e+01 8.703467209221413259e-02 8.703467209221406320e-02 1.186876382663189095e-01 9.377888518178485455e+00 9.377888518178485455e+00 9.377888518178485455e+00 4.153218419674154557e-04 4.153218419674106310e-04 4.699632977402709686e-04 1.017602086456641963e+01 3.698475388982119957e-04
1.900000000000000000e+01 1.900000000000000000e+01 1.900000000000000000e+01 8.584713609247482391e-02 8.584713609247483779e-02 1.181937679438688771e-01 9.502927031754200726e+00 9.502927031754200726e+00 9.502927031754200726e+00 4.014821870169559470e-04 4.014821870169481407e-04 4.537459240827533243e-04 1.030105937814213490e+01 3.579557714609362816e-04
1.925000000000000000e+01 1.925000000000000000e+01 1.925000000000000000e+01 8.472854863890545707e-02 8.472854863890547095e-02 1.177476036850878677e-01 9.627965545329912445e+00 9.627965545329912445e+00 9.627965545329912445e+00 3.882303420493186529e-04 3.882303420493106840e-04 4.382351606508864549e-04 1.042609789171784662e+01 3.465614224340351850e-04
1.950000000000000000e+01 1.950000000000000000e+01 1.950000000000000000e+01 8.367219337139451818e-02 8.367219337139446267e-02 1.173206399255357218e-01 9.753004058905625939e+00 9.753004058905625939e+00 9.753004058905625939e+00 3.755369982803074213e-04 3.755369982802993440e-04 4.233945475848562077e-04 1.055113640529356012e+01 3.356421355162875187e-04
1.975000000000000000e+01 1.975000000000000000e+01 1.975000000000000000e+01 8.267921146009493683e-02 8.267921146009496458e-02 1.169357913203029342e-01 9.878042572481339434e+00 9.878042572481339434e+00 9.878042572481339434e+00 3.633754463451600880e-04 3.633754463451547212e-04 4.091893078464473510e-04 1.067617491886927361e+01 3.251764540505075788e-04
2.000000000000000000e+01 2.000000000000000000e+01 2.000000000000000000e+01 8.174382503116725540e-02 8.174382503116719989e-02 1.165677499210617807e-01 1.000308108605705115e+01 1.000308108605705115e+01 1.000308108605705115e+01 3.517200208802345263e-04 3.517200208802302979e-04 3.955875379744018213e-04 1.080121343244498533e+01 3.151450233255572711e-04
2.025000000000000000e+01 2.025000000000000000e+01 2.025000000000000000e+01 8.086701379050692529e-02 8.086701379050696692e-02 1.162369737248713925e-01 1.012811959963276642e+01 1.012811959963276642e+01 1.012811959963276642e+01 3.405473551269956448e-04 3.405473551269895733e-04 3.825587584827342129e-04 1.092625194602070060e+01 3.055293317466152266e-04
2.050000000000000000e+01 2.050000000000000000e+01 2.050000000000000000e+01 8.004382136836279971e-02 8.004382136836279971e-02 1.159211033490160497e-01 1.025315811320847814e+01 1.025315811320847814e+01 1.025315811320847814e+01 3.298349986704227120e-04 3.298349986704142011e-04 3.700749942908991477e-04 1.105129045959641232e+01 2.963128085702840969e-04
2.075000000000000000e+01 2.075000000000000000e+01 2.075000000000000000e+01 7.927508434068554488e-02 7.927508434068557264e-02 1.156382806740013508e-01 1.037819662678419164e+01 1.037819662678419164e+01 1.037819662678419164e+01 3.195625501035249754e-04 3.195625501035114229e-04 3.581094889244156119e-04 1.117632897317212581e+01 2.874797256664345926e-04
2.100000000000000000e+01 2.100000000000000000e+01 2.100000000000000000e+01 7.855657056461262666e-02 7.855657056461261278e-02 1.153688856072517394e-01 1.050323514035990513e+01 1.050323514035990513e+01 1.050323514035990513e+01 3.097104394631890255e-04 3.097104394631703772e-04 3.466376762482227926e-04 1.130136748674783931e+01 2.790162033458067048e-04
2.125000000000000000e+01 2.125000000000000000e+01 2.125000000000000000e+01 7.788898942565168626e-02 7.788898942565165850e-02 1.151288640250660994e-01 1.062827365393561863e+01 1.062827365393561863e+01 1.062827365393561863e+01 3.002609450529086527e-04 3.002609450528890829e-04 3.356360481788549992e-04 1.142640600032355280e+01 2.709092759834340813e-04
2.150000000000000000e+01 2.150000000000000000e+01 2.150000000000000000e+01 7.726875226886048553e-02 7.726875226886041614e-02 1.149011597292436404e-01 1.075331216751133212e+01 1.075331216751133212e+01 1.075331216751133212e+01 2.911971351378448000e-04 2.911971351378255012e-04 3.250830195613962220e-04 1.155144451389926630e+01 2.631478249184528075e-04
2.175000000000000000e+01 2.175000000000000000e+01 2.175000000000000000e+01 7.669645502680258464e-02 7.669645502680254301e-02 1.146996246705139777e-01 1.087835068108704384e+01 1.087835068108704384e+01 1.087835068108704384e+01 2.825037766781800784e-04 2.825037766781601290e-04 3.149579411167749378e-04 1.167648302747497802e+01 2.557218211475164519e-04
2.200000000000000000e+01 2.200000000000000000e+01 2.200000000000000000e+01 7.616908580089598590e-02 7.616908580089593039e-02 1.145096202743289548e-01 1.100338919466275733e+01 1.100338919466275733e+01 1.100338919466275733e+01 2.741664348834276128e-04 2.741664348834072298e-04 3.052418593348716399e-04 1.180152154105069151e+01 2.486232159569903627e-04
2.225000000000000000e+01 2.225000000000000000e+01 2.225000000000000000e+01 7.568713878163860209e-02 7.568713878163857434e-02 1.143429905965771820e-01 1.112842770823847083e+01 1.112842770823847083e+01 1.112842770823847083e+01 2.661722850621219775e-04 2.661722850620996971e-04 2.959166681193518529e-04 1.192656005462640501e+01 2.418453905562410202e-04
2.250000000000000000e+01 2.250000000000000000e+01 2.250000000000000000e+01 7.524812408213571446e-02 7.524812408213574222e-02 1.141873937125683358e-01 1.125346622181418432e+01 1.125346622181418432e+01 1.125346622181418432e+01 2.585093753586704978e-04 2.585093753586433928e-04 2.869657652680743069e-04 1.205159856820211850e+01 2.353840551376782991e-04
2.275000000000000000e+01 2.275000000000000000e+01 2.275000000000000000e+01 7.485244399042705055e-02 7.485244399042705055e-02 1.140527374019670304e-01 1.137850473538989782e+01 1.137850473538989782e+01 1.137850473538989782e+01 2.511673610098628484e-04 2.511673610098335207e-04 2.783733373722398988e-04 1.217663708177783199e+01 2.292369599626851474e-04
2.300000000000000000e+01 2.300000000000000000e+01 2.300000000000000000e+01 7.449808626698009584e-02 7.449808626698010972e-02 1.139288776460043590e-01 1.150354324896560954e+01 1.150354324896560954e+01 1.150354324896560954e+01 2.441369503741338501e-04 2.441369503741067451e-04 2.701249122679571439e-04 1.230167559535354371e+01 2.234048765510952622e-04
2.325000000000000000e+01 2.325000000000000000e+01 2.325000000000000000e+01 7.418536939987067924e-02 7.418536939987063761e-02 1.138238444887012674e-01 1.162858176254132303e+01 1.162858176254132303e+01 1.162858176254132303e+01 2.374106076870233608e-04 2.374106076870006468e-04 2.622067541223696021e-04 1.242671410892925721e+01 2.178916499120904851e-04
2.350000000000000000e+01 2.350000000000000000e+01 2.350000000000000000e+01 7.391272354660034793e-02 7.391272354660037569e-02 1.137296128689354729e-01 1.175362027611703652e+01 1.175362027611703652e+01 1.175362027611703652e+01 2.309823135435812812e-04 2.309823135435658313e-04 2.546060314275865478e-04 1.255175262250497070e+01 2.127056610896569386e-04
2.375000000000000000e+01 2.375000000000000000e+01 2.375000000000000000e+01 7.368038987332810319e-02 7.368038987332808931e-02 1.136523816286233168e-01 1.187865878969275002e+01 1.187865878969275002e+01 1.187865878969275002e+01 2.248491518504219951e-04 2.248491518504140533e-04 2.473072943771572490e-04 1.267679113608068420e+01 2.078645206921790850e-04
2.400000000000000000e+01 2.400000000000000000e+01 2.400000000000000000e+01 7.348721381582740131e-02 7.348721381582738743e-02 1.135861836120532209e-01 1.200369730326846351e+01 1.200369730326846351e+01 1.200369730326846351e+01 2.190176766284436570e-04 2.190176766284413802e-04 2.402717582491955997e-04 1.280182964965639769e+01 2.034283928405297909e-04
2.425000000000000000e+01 2.425000000000000000e+01 2.425000000000000000e+01 7.333336416329142016e-02 7.333336416329140628e-02 1.135354218238762425e-01 1.212873581684417523e+01 1.212873581684417523e+01 1.212873581684417523e+01 2.135359376631685397e-04 2.135359376631704100e-04 2.333532141197517415e-04 1.292686816323210941e+01 1.996410756884604311e-04
2.450000000000000000e+01 2.450000000000000000e+01 2.450000000000000000e+01 7.321808190165678132e-02 7.321808190165679520e-02 1.134961424178322631e-01 1.225377433041988873e+01 1.225377433041988873e+01 1.225377433041988873e+01 2.085860634542365465e-04 2.085860634542409647e-04 2.261519425530367699e-04 1.305190667680782290e+01 1.972480414048150346e-04
2.475000000000000000e+01 2.475000000000000000e+01 2.475000000000000000e+01 7.314146692542469741e-02 7.314146692542469741e-02 1.134709773867195043e-01 1.237881284399560222e+01 1.237881284399560222e+01 1.237881284399560222e+01 2.046201354532946879e-04 2.046201354533009221e-04 2.181323863475716153e-04 1.317694519038353640e+01 1.976302235288140193e-04
2.500000000000000000e+01 2.500000000000000000e+01 2.500000000000000000e+01 7.310314290264792458e-02 7.310314290264789683e-02 1.134579570189380715e-01 1.250385135757131572e+01 1.250385135757131572e+01 1.250385135757131572e+01 2.023437773963873189e-04 2.023437773963948541e-04 2.094818227258051218e-04 1.330198370395924989e+01 2.019157410137719028e-04
