8.436627168045385261e-01
-5.000000000000000000e+00
1.000000000000000000e+00
1.000000000000000000e+00
1.000000000000000000e+00
6.283185307179586232e-01
7.926654595212021537e-01
-6.688697949391217978e-01
8.880660176889879631e-01
1.127669404497596783e+00
7.568498238245404686e-01
8.483320171763020223e-02
-1.698473527447520448e+00
1.111794810337489725e+00
2.336891221706260680e-01
2.336891221706278721e-01
8.897234800676629973e-01
1.000000000000001998e+00
1.001864375158899589e+00
1.000335952255324345e+00
8.410547798919021378e-02
8.483324628972616077e-02
8.752695950299921313e-01
