-2.500000000000000000e+01 -2.500000000000000000e+01 -2.500000000000000000e+01 1.591994524825146862e-01 1.591994524825146862e-01 2.043890906130664820e-01 -1.250385135757131572e+01 -1.250385135757131572e+01 -1.250385135757131572e+01 2.030492988391602186e-04 2.030492988391691632e-04 2.029911258627900474e-04 -1.166018864076677630e+01 2.109692755770476509e-04
-2.475000000000000000e+01 -2.475000000000000000e+01 -2.475000000000000000e+01 1.592681302125439069e-01 1.592681302125438236e-01 2.044175643611624571e-01 -1.237881284399560222e+01 -1.237881284399560222e+01 -1.237881284399560222e+01 2.053268336674443553e-04 2.053268336674521615e-04 1.983067223725750144e-04 -1.153515012719106281e+01 2.199493097529703887e-04
-2.450000000000000000e+01 -2.450000000000000000e+01 -2.450000000000000000e+01 1.594054169136812915e-01 1.594054169136814025e-01 2.044733094655075134e-01 -1.225377433041988873e+01 -1.225377433041988873e+01 -1.225377433041988873e+01 2.092963826286756070e-04 2.092963826286797541e-04 1.976148070400041970e-04 -1.141011161361534931e+01 2.281827094066674478e-04
-2.425000000000000000e+01 -2.425000000000000000e+01 -2.425000000000000000e+01 1.596118774149342112e-01 1.596118774149341835e-01 2.045590731584661925e-01 -1.212873581684417523e+01 -1.212873581684417523e+01 -1.212873581684417523e+01 2.142534306645151954e-04 2.142534306645196406e-04 1.997944858168538326e-04 -1.128507310003963582e+01 2.355177313509909459e-04
-2.400000000000000000e+01 -2.400000000000000000e+01 -2.400000000000000000e+01 1.598873045916123226e-01 1.598873045916123503e-01 2.046712432442452101e-01 -1.200369730326846351e+01 -1.200369730326846351e+01 -1.200369730326846351e+01 2.197458788142698139e-04 2.197458788142763191e-04 2.034332529362053077e-04 -1.116003458646392588e+01 2.425372876818650638e-04
-2.375000000000000000e+01 -2.375000000000000000e+01 -2.375000000000000000e+01 1.602328360747093394e-01 1.602328360747092562e-01 2.048153305884539421e-01 -1.187865878969275002e+01 -1.187865878969275002e+01 -1.187865878969275002e+01 2.255910287011294473e-04 2.255910287011354376e-04 2.077565814246451318e-04 -1.103499607288821238e+01 2.496666818685261652e-04
-2.350000000000000000e+01 -2.350000000000000000e+01 -2.350000000000000000e+01 1.606481238199847783e-01 1.606481238199848616e-01 2.049852980444311912e-01 -1.175362027611703652e+01 -1.175362027611703652e+01 -1.175362027611703652e+01 2.317401263394092852e-04 2.317401263394154381e-04 2.125051794225824627e-04 -1.090995755931249889e+01 2.570603750990382917e-04
-2.325000000000000000e+01 -2.325000000000000000e+01 -2.325000000000000000e+01 1.611348944041286479e-01 1.611348944041286757e-01 2.051894532859198650e-01 -1.162858176254132303e+01 -1.162858176254132303e+01 -1.162858176254132303e+01 2.381862732761994255e-04 2.381862732762058765e-04 2.176115067940986446e-04 -1.078491904573678539e+01 2.647589505246645408e-04
-2.300000000000000000e+01 -2.300000000000000000e+01 -2.300000000000000000e+01 1.616926545737045751e-01 1.616926545737044918e-01 2.054193086810734981e-01 -1.150354324896560954e+01 -1.150354324896560954e+01 -1.150354324896560954e+01 2.449320421627118583e-04 2.449320421627187972e-04 2.230540395198749308e-04 -1.065988053216107190e+01 2.727784728272250147e-04
-2.275000000000000000e+01 -2.275000000000000000e+01 -2.275000000000000000e+01 1.623237445687107927e-01 1.623237445687108205e-01 2.056860194206248660e-01 -1.137850473538989782e+01 -1.137850473538989782e+01 -1.137850473538989782e+01 2.519834193496289180e-04 2.519834193496403021e-04 2.288217382501297125e-04 -1.053484201858535840e+01 2.811320205898174668e-04
-2.250000000000000000e+01 -2.250000000000000000e+01 -2.250000000000000000e+01 1.630275198509048840e-01 1.630275198509048007e-01 2.059786110233264578e-01 -1.125346622181418432e+01 -1.125346622181418432e+01 -1.125346622181418432e+01 2.593477385937819962e-04 2.593477385937972834e-04 2.349090227670633778e-04 -1.040980350500964491e+01 2.898337621414271998e-04
-2.225000000000000000e+01 -2.225000000000000000e+01 -2.225000000000000000e+01 1.638069682394944215e-01 1.638069682394943383e-01 2.063111556144790193e-01 -1.112842770823847083e+01 -1.112842770823847083e+01 -1.112842770823847083e+01 2.670343883670668909e-04 2.670343883670832081e-04 2.413136787442043670e-04 -1.028476499143393141e+01 2.988983764758454224e-04
-2.200000000000000000e+01 -2.200000000000000000e+01 -2.200000000000000000e+01 1.646612859795976158e-01 1.646612859795976436e-01 2.066701440332004425e-01 -1.100338919466275733e+01 -1.100338919466275733e+01 -1.100338919466275733e+01 2.750535483625329912e-04 2.750535483625474111e-04 2.480370493532825797e-04 -1.015972647785821792e+01 3.083421406419735141e-04
-2.175000000000000000e+01 -2.175000000000000000e+01 -2.175000000000000000e+01 1.655941524542215992e-01 1.655941524542215992e-01 2.070726550990270864e-01 -1.087835068108704384e+01 -1.087835068108704384e+01 -1.087835068108704384e+01 2.834173412915963301e-04 2.834173412916049495e-04 2.550825076525295053e-04 -1.003468796428250442e+01 3.181818574078553894e-04
-2.150000000000000000e+01 -2.150000000000000000e+01 -2.150000000000000000e+01 1.666045948134166066e-01 1.666045948134165233e-01 2.075025848277858576e-01 -1.075331216751133212e+01 -1.075331216751133212e+01 -1.075331216751133212e+01 2.921384306897357205e-04 2.921384306897382142e-04 2.624561712737049041e-04 -9.909649450706794482e+00 3.284361443904566607e-04
-2.125000000000000000e+01 -2.125000000000000000e+01 -2.125000000000000000e+01 1.676970392089268125e-01 1.676970392089268125e-01 2.079801309892798933e-01 -1.062827365393561863e+01 -1.062827365393561863e+01 -1.062827365393561863e+01 3.012314776638504252e-04 3.012314776638487989e-04 2.701654194211940098e-04 -9.784610937131080988e+00 3.391241618952066600e-04
-2.100000000000000000e+01 -2.100000000000000000e+01 -2.100000000000000000e+01 1.688703317604995924e-01 1.688703317604993981e-01 2.084865212366253384e-01 -1.050323514035990513e+01 -1.050323514035990513e+01 -1.050323514035990513e+01 3.107115450326530435e-04 3.107115450326506582e-04 2.782199978104070133e-04 -9.659572423555367493e+00 3.502671314572803089e-04
-2.075000000000000000e+01 -2.075000000000000000e+01 -2.075000000000000000e+01 1.701297132946410773e-01 1.701297132946411050e-01 2.090452098011531812e-01 -1.037819662678419164e+01 -1.037819662678419164e+01 -1.037819662678419164e+01 3.205958396662590649e-04 3.205958396662588481e-04 2.866304715580418128e-04 -9.534533909979653998e+00 3.618868619688581719e-04
-2.050000000000000000e+01 -2.050000000000000000e+01 -2.050000000000000000e+01 1.714738347794416973e-01 1.714738347794418083e-01 2.096346676906368223e-01 -1.025315811320847814e+01 -1.025315811320847814e+01 -1.025315811320847814e+01 3.309018980712453355e-04 3.309018980712473412e-04 2.954096490138161633e-04 -9.409495396403940504e+00 3.740075068695171011e-04
-2.025000000000000000e+01 -2.025000000000000000e+01 -2.025000000000000000e+01 1.729088341963930797e-01 1.729088341963930520e-01 2.102817718380600998e-01 -1.012811959963276642e+01 -1.012811959963276642e+01 -1.012811959963276642e+01 3.416496123807224875e-04 3.416496123807237885e-04 3.045709041006217804e-04 -9.284456882828227009e+00 3.866538835959087202e-04
-2.000000000000000000e+01 -2.000000000000000000e+01 -2.000000000000000000e+01 1.744331509076048337e-01 1.744331509076048892e-01 2.109621319283404295e-01 -1.000308108605705115e+01 -1.000308108605705115e+01 -1.000308108605705115e+01 3.528591809152561553e-04 3.528591809152544748e-04 3.141298846421978889e-04 -9.159418369252513514e+00 3.998534801870884240e-04
-1.975000000000000000e+01 -1.975000000000000000e+01 -1.975000000000000000e+01 1.760539194522374173e-01 1.760539194522374451e-01 2.117062468970540012e-01 -9.878042572481339434e+00 -9.878042572481339434e+00 -9.878042572481339434e+00 3.645534239273351754e-04 3.645534239273305133e-04 3.241026643720163803e-04 -9.034379855676800020e+00 4.136345620890104452e-04
-1.950000000000000000e+01 -1.950000000000000000e+01 -1.950000000000000000e+01 1.777693486375885867e-01 1.777693486375885312e-01 2.124867420301601029e-01 -9.753004058905625939e+00 -9.753004058905625939e+00 -9.753004058905625939e+00 3.767554857042003770e-04 3.767554857041955523e-04 3.345077230894455802e-04 -8.909341342101086525e+00 4.280284412767192690e-04
-1.925000000000000000e+01 -1.925000000000000000e+01 -1.925000000000000000e+01 1.795876888167941277e-01 1.795876888167941832e-01 2.133379760024693983e-01 -9.627965545329912445e+00 -9.627965545329912445e+00 -9.627965545329912445e+00 3.894914512229572748e-04 3.894914512229549980e-04 3.453639024761387486e-04 -8.784302828525373030e+00 4.430673637883658102e-04
-1.900000000000000000e+01 -1.900000000000000000e+01 -1.900000000000000000e+01 1.815068966276654483e-01 1.815068966276654483e-01 2.142294458108088551e-01 -9.502927031754200726e+00 -9.502927031754200726e+00 -9.502927031754200726e+00 4.027877873128966175e-04 4.027877873128954790e-04 3.566926578471007201e-04 -8.659264314949663088e+00 4.587870571827182471e-04
-1.875000000000000000e+01 -1.875000000000000000e+01 -1.875000000000000000e+01 1.835364810013763726e-01 1.835364810013763726e-01 2.151996526981400093e-01 -9.377888518178485455e+00 -9.377888518178485455e+00 -9.377888518178485455e+00 4.166742753673746973e-04 4.166742753673711736e-04 3.685157987856799936e-04 -8.534225801373946041e+00 4.752243916636622796e-04
-1.850000000000000000e+01 -1.850000000000000000e+01 -1.850000000000000000e+01 1.856741219526658049e-01 1.856741219526658326e-01 2.162147977674125643e-01 -9.252850004602773737e+00 -9.252850004602773737e+00 -9.252850004602773737e+00 4.311811790857846579e-04 4.311811790857784780e-04 3.808580199479370517e-04 -8.409187287798236099e+00 4.924202247937641474e-04
-1.825000000000000000e+01 -1.825000000000000000e+01 -1.825000000000000000e+01 1.879307578221177388e-01 1.879307578221177388e-01 2.173178609968464126e-01 -9.127811491027060242e+00 -9.127811491027060242e+00 -9.127811491027060242e+00 4.463425120972068874e-04 4.463425120971991895e-04 3.937444107248941078e-04 -8.284148774222522604e+00 5.104168286953798686e-04
-1.800000000000000000e+01 -1.800000000000000000e+01 -1.800000000000000000e+01 1.903037645469178030e-01 1.903037645469177197e-01 2.184715528011892394e-01 -9.002772977451346748e+00 -9.002772977451346748e+00 -9.002772977451346748e+00 4.621929193358399811e-04 4.621929193358319580e-04 4.072032779799986905e-04 -8.159110260646809110e+00 5.292610545402356634e-04
-1.775000000000000000e+01 -1.775000000000000000e+01 -1.775000000000000000e+01 1.928057144793281497e-01 1.928057144793281219e-01 2.197237316332991963e-01 -8.877734463875635029e+00 -8.877734463875635029e+00 -8.877734463875635029e+00 4.787713022650478580e-04 4.787713022650383712e-04 4.212634102167018700e-04 -8.034071747071095615e+00 5.490015181326350201e-04
-1.750000000000000000e+01 -1.750000000000000000e+01 -1.750000000000000000e+01 1.954336488927282400e-01 1.954336488927281013e-01 2.210333910765875376e-01 -8.752695950299919758e+00 -8.752695950299919758e+00 -8.752695950299919758e+00 4.961174002490604780e-04 4.961174002490484434e-04 4.359572095750529502e-04 -7.909033233495381232e+00 5.696921109529645959e-04
-1.725000000000000000e+01 -1.725000000000000000e+01 -1.725000000000000000e+01 1.982020196854240301e-01 1.982020196854239191e-01 2.224537441110897296e-01 -8.627657436724208040e+00 -8.627657436724208040e+00 -8.627657436724208040e+00 5.142758002962383689e-04 5.142758002962210216e-04 4.513176962201107673e-04 -7.783994719919669514e+00 5.913889365372074691e-04
-1.700000000000000000e+01 -1.700000000000000000e+01 -1.700000000000000000e+01 2.011074996800855941e-01 2.011074996800855663e-01 2.239398050204191304e-01 -8.502618923148494545e+00 -8.502618923148494545e+00 -8.502618923148494545e+00 5.332922040290084126e-04 5.332922040289873791e-04 4.673819711074732471e-04 -7.658956206343956019e+00 6.141541999777165714e-04
-1.675000000000000000e+01 -1.675000000000000000e+01 -1.675000000000000000e+01 2.041667158210792032e-01 2.041667158210791755e-01 2.255507096037893955e-01 -8.377580409572781051e+00 -8.377580409572781051e+00 -8.377580409572781051e+00 5.532178537265545646e-04 5.532178537265374342e-04 4.841879459911725128e-04 -7.533917692768242524e+00 6.380528880503087003e-04
-1.650000000000000000e+01 -1.650000000000000000e+01 -1.650000000000000000e+01 2.073759355330844212e-01 2.073759355330843657e-01 2.272371880955261769e-01 -8.252541895997069332e+00 -8.252541895997069332e+00 -8.252541895997069332e+00 5.741054697909710918e-04 5.741054697909573224e-04 5.017781628270713036e-04 -7.408879179192530806e+00 6.631570753412902204e-04
-1.625000000000000000e+01 -1.625000000000000000e+01 -1.625000000000000000e+01 2.107543177305440385e-01 2.107543177305439275e-01 2.290649796510969560e-01 -8.127503382421354061e+00 -8.127503382421354061e+00 -8.127503382421354061e+00 5.960141306077997112e-04 5.960141306077906039e-04 5.201962342046330141e-04 -7.283840665616815535e+00 6.895423422357973382e-04
-1.600000000000000000e+01 -1.600000000000000000e+01 -1.600000000000000000e+01 2.142976845535751462e-01 2.142976845535751740e-01 2.309801762942251813e-01 -8.002464868845642343e+00 -8.002464868845642343e+00 -8.002464868845642343e+00 6.190048648927121751e-04 6.190048648927083804e-04 5.394910501103310479e-04 -7.158802152041103817e+00 7.172925436097103225e-04
-1.575000000000000000e+01 -1.575000000000000000e+01 -1.575000000000000000e+01 2.180281598594208115e-01 2.180281598594207282e-01 2.330559385897028879e-01 -7.877426355269929736e+00 -7.877426355269929736e+00 -7.877426355269929736e+00 6.431460297933558638e-04 6.431460297933545628e-04 5.597129128994030684e-04 -7.033763638465391210e+00 7.464959608679726591e-04
-1.550000000000000000e+01 -1.550000000000000000e+01 -1.550000000000000000e+01 2.219410781884092465e-01 2.219410781884092188e-01 2.352333082361232619e-01 -7.752387841694215354e+00 -7.752387841694215354e+00 -7.752387841694215354e+00 6.685085423458863576e-04 6.685085423458878755e-04 5.809181677758212684e-04 -6.908725124889676827e+00 7.772505889043822367e-04
-1.525000000000000000e+01 -1.525000000000000000e+01 -1.525000000000000000e+01 2.260620561570606257e-01 2.260620561570605702e-01 2.375938548983192733e-01 -7.627349328118502747e+00 -7.627349328118502747e+00 -7.627349328118502747e+00 6.951718086825539340e-04 6.951718086825583792e-04 6.031650157923589732e-04 -6.783686611313964221e+00 8.096600217781607873e-04
-1.500000000000000000e+01 -1.500000000000000000e+01 -1.500000000000000000e+01 2.303858969271044554e-01 2.303858969271044832e-01 2.400730896491323207e-01 -7.502310814542789252e+00 -7.502310814542789252e+00 -7.502310814542789252e+00 7.232185792627502611e-04 7.232185792627573084e-04 6.265186111233090292e-04 -6.658648097738250726e+00 8.438393260807277229e-04
-1.475000000000000000e+01 -1.475000000000000000e+01 -1.475000000000000000e+01 2.349423568718024269e-01 2.349423568718024824e-01 2.427621896932651568e-01 -7.377272300967076646e+00 -7.377272300967076646e+00 -7.377272300967076646e+00 7.527414925148115084e-04 7.527414925148213747e-04 6.510465351794635308e-04 -6.533609584162538120e+00 8.799106651598253550e-04
-1.450000000000000000e+01 -1.450000000000000000e+01 -1.450000000000000000e+01 2.397256642020833828e-01 2.397256642020834105e-01 2.455905747356737223e-01 -7.252233787391364039e+00 -7.252233787391364039e+00 -7.252233787391364039e+00 7.838375398625062719e-04 7.838375398625151624e-04 6.768244119190045720e-04 -6.408571070586825513e+00 9.180098430818224662e-04
-1.425000000000000000e+01 -1.425000000000000000e+01 -1.425000000000000000e+01 2.447705129988336503e-01 2.447705129988336503e-01 2.486604917227144829e-01 -7.127195273815649657e+00 -7.127195273815649657e+00 -7.127195273815649657e+00 8.166153002746218180e-04 8.166153002746266969e-04 7.039310261931773808e-04 -6.283532557011111130e+00 9.582816804297948198e-04
-1.400000000000000000e+01 -1.400000000000000000e+01 -1.400000000000000000e+01 2.500705159145878431e-01 2.500705159145877321e-01 2.518946131480370720e-01 -7.002156760239937050e+00 -7.002156760239937050e+00 -7.002156760239937050e+00 8.511890038679773614e-04 8.511890038679749762e-04 7.324545184275106690e-04 -6.158494043435398524e+00 1.000887334042639036e-03
-1.375000000000000000e+01 -1.375000000000000000e+01 -1.375000000000000000e+01 2.556662954898288875e-01 2.556662954898288320e-01 2.554080505810160662e-01 -6.877118246664223555e+00 -6.877118246664223555e+00 -6.877118246664223555e+00 8.876865505703871850e-04 8.876865505703792703e-04 7.624871310583141099e-04 -6.033455529859685029e+00 1.045999449612395856e-03
-1.350000000000000000e+01 -1.350000000000000000e+01 -1.350000000000000000e+01 2.615508156089400016e-01 2.615508156089399461e-01 2.591159608692657490e-01 -6.752079733088510949e+00 -6.752079733088510949e+00 -6.752079733088510949e+00 9.262431659587020642e-04 9.262431659586934990e-04 7.941320565415913068e-04 -5.908417016283972423e+00 1.093810390215516981e-03
-1.325000000000000000e+01 -1.325000000000000000e+01 -1.325000000000000000e+01 2.677718664720507569e-01 2.677718664720507014e-01 2.631485381515782929e-01 -6.627041219512798342e+00 -6.627041219512798342e+00 -6.627041219512798342e+00 9.670103188249896562e-04 9.670103188249854279e-04 8.274977976094115241e-04 -5.783378502708259816e+00 1.144527209122990843e-03
-1.300000000000000000e+01 -1.300000000000000000e+01 -1.300000000000000000e+01 2.743217444001533334e-01 2.743217444001532779e-01 2.674125218359059697e-01 -6.502002705937083959e+00 -6.502002705937083959e+00 -6.502002705937083959e+00 1.010148970958986599e-03 1.010148970958987900e-03 8.627057585696870602e-04 -5.658339989132545433e+00 1.198380957565107477e-03
-1.275000000000000000e+01 -1.275000000000000000e+01 -1.275000000000000000e+01 2.812569696651616713e-01 2.812569696651616713e-01 2.720559493151371022e-01 -6.376964192361371353e+00 -6.376964192361371353e+00 -6.376964192361371353e+00 1.055839536634589886e-03 1.055839536634592922e-03 8.998842087034636828e-04 -5.533301475556832827e+00 1.255621548200702231e-03
-1.250000000000000000e+01 -1.250000000000000000e+01 -1.250000000000000000e+01 2.885691776606760794e-01 2.885691776606761905e-01 2.769760829442113326e-01 -6.251925678785657858e+00 -6.251925678785657858e+00 -6.251925678785657858e+00 1.104274740853461402e-03 1.104274740853462703e-03 9.391767273704900191e-04 -5.408262961981119332e+00 1.316528363610742179e-03
-1.225000000000000000e+01 -1.225000000000000000e+01 -1.225000000000000000e+01 2.963256059295791278e-01 2.963256059295790723e-01 2.823422668818708070e-01 -6.126887165209944364e+00 -6.126887165209944364e+00 -6.126887165209944364e+00 1.155670801209599668e-03 1.155670801209596850e-03 9.807357660682012191e-04 -5.283224448405405838e+00 1.381405121067653995e-03
-1.200000000000000000e+01 -1.200000000000000000e+01 -1.200000000000000000e+01 3.045172782539851686e-01 3.045172782539854461e-01 2.880410405709548094e-01 -6.001848651634231757e+00 -6.001848651634231757e+00 -6.001848651634231757e+00 1.210259929061951708e-03 1.210259929061944769e-03 1.024732084593368755e-03 -5.158185934829693231e+00 1.450592073936944788e-03
-1.175000000000000000e+01 -1.175000000000000000e+01 -1.175000000000000000e+01 3.132247011110532720e-01 3.132247011110532720e-01 2.942674378256170398e-01 -5.876810138058518262e+00 -5.876810138058518262e+00 -5.876810138058518262e+00 1.268302964628876574e-03 1.268302964628869201e-03 1.071347917409610790e-03 -5.033147421253979736e+00 1.524461048346738030e-03
-1.150000000000000000e+01 -1.150000000000000000e+01 -1.150000000000000000e+01 3.224384057057815833e-01 3.224384057057814723e-01 3.008958107720191566e-01 -5.751771624482804768e+00 -5.751771624482804768e+00 -5.751771624482804768e+00 1.330081586281796650e-03 1.330081586281788410e-03 1.120787573352992296e-03 -4.908108907678266242e+00 1.603429629048345713e-03
-1.125000000000000000e+01 -1.125000000000000000e+01 -1.125000000000000000e+01 3.322554781826210224e-01 3.322554781826209114e-01 3.081524816327830818e-01 -5.626733110907092161e+00 -5.626733110907092161e+00 -5.626733110907092161e+00 1.395912698587504271e-03 1.395912698587492128e-03 1.173270227988945560e-03 -4.783070394102553635e+00 1.687956628526144113e-03
-1.100000000000000000e+01 -1.100000000000000000e+01 -1.100000000000000000e+01 3.426661884984590345e-01 3.426661884984588125e-01 3.158978969739114628e-01 -5.501694597331378667e+00 -5.501694597331378667e+00 -5.501694597331378667e+00 1.466140461988722776e-03 1.466140461988713018e-03 1.229041906426308305e-03 -4.658031880526840141e+00 1.778558790809827306e-03
-1.075000000000000000e+01 -1.075000000000000000e+01 -1.075000000000000000e+01 3.537885472978973267e-01 3.537885472978975487e-01 3.243968933380105280e-01 -5.376656083755666060e+00 -5.376656083755666060e+00 -5.376656083755666060e+00 1.541152829115590914e-03 1.541152829115583107e-03 1.288367948277347168e-03 -4.532993366951127534e+00 1.875807089503755921e-03
-1.050000000000000000e+01 -1.050000000000000000e+01 -1.050000000000000000e+01 3.656129744519149849e-01 3.656129744519150404e-01 3.334940038369262338e-01 -5.251617570179952565e+00 -5.251617570179952565e+00 -5.251617570179952565e+00 1.621373579203300727e-03 1.621373579203297258e-03 1.351546656923652756e-03 -4.407954853375414039e+00 1.980346689164970767e-03
-1.025000000000000000e+01 -1.025000000000000000e+01 -1.025000000000000000e+01 3.782841788312800713e-01 3.782841788312797937e-01 3.435020112037537876e-01 -5.126579056604239071e+00 -5.126579056604239071e+00 -5.126579056604239071e+00 1.707281532903087923e-03 1.707281532903090742e-03 1.418901522077870925e-03 -4.282916339799700545e+00 2.092894676140592391e-03
-1.000000000000000000e+01 -1.000000000000000000e+01 -1.000000000000000000e+01 3.917934294325239875e-01 3.917934294325237654e-01 3.542472068294327814e-01 -5.001540543028525576e+00 -5.001540543028525576e+00 -5.001540543028525576e+00 1.799402886488505075e-03 1.799402886488514399e-03 1.490796906493990293e-03 -4.157877826223987050e+00 2.214264321636224674e-03
-9.750000000000000000e+00 -9.750000000000000000e+00 -9.750000000000000000e+00 4.063199124356743908e-01 4.063199124356743352e-01 3.661027848819019548e-01 -4.876502029452812970e+00 -4.876502029452812970e+00 -4.876502029452812970e+00 1.898333829031289242e-03 1.898333829031304855e-03 1.567630169959382267e-03 -4.032839312648274444e+00 2.345365169268743850e-03
-9.500000000000000000e+00 -9.500000000000000000e+00 -9.500000000000000000e+00 4.218569088147843815e-01 4.218569088147846591e-01 3.788741324309474190e-01 -4.751463515877100363e+00 -4.751463515877100363e+00 -4.751463515877100363e+00 2.004733642433577986e-03 2.004733642433597501e-03 1.649849886669710851e-03 -3.907800799072561837e+00 2.487233101979529574e-03
-9.250000000000000000e+00 -9.250000000000000000e+00 -9.250000000000000000e+00 4.386287241877421805e-01 4.386287241877418475e-01 3.930115571258937512e-01 -4.626425002301386868e+00 -4.626425002301386868e+00 -4.626425002301386868e+00 2.119351727713720233e-03 2.119351727713744086e-03 1.737948104583196931e-03 -3.782762285496848342e+00 2.641034210380150370e-03
-9.000000000000000000e+00 -9.000000000000000000e+00 -9.000000000000000000e+00 4.566325672725445872e-01 4.566325672725448648e-01 4.082965709903118023e-01 -4.501386488725673374e+00 -4.501386488725673374e+00 -4.501386488725673374e+00 2.243022203169565704e-03 2.243022203169595628e-03 1.832481759707024239e-03 -3.657723771921134848e+00 2.808102867737919967e-03
-8.750000000000000000e+00 -8.750000000000000000e+00 -8.750000000000000000e+00 4.761526711528155098e-01 4.761526711528153988e-01 4.252793180779042559e-01 -4.376347975149959879e+00 -4.376347975149959879e+00 -4.376347975149959879e+00 2.376696767460907515e-03 2.376696767460940041e-03 1.934065443052346983e-03 -3.532685258345421353e+00 2.989951596410775608e-03
-8.500000000000000000e+00 -8.500000000000000000e+00 -8.500000000000000000e+00 4.971933261259859904e-01 4.971933261259857684e-01 4.437142691843757314e-01 -4.251309461574247273e+00 -4.251309461574247273e+00 -4.251309461574247273e+00 2.521441947181042934e-03 2.521441947181074592e-03 2.043396926783966686e-03 -3.407646744769708747e+00 3.188320452889002038e-03
-8.250000000000000000e+00 -8.250000000000000000e+00 -8.250000000000000000e+00 5.201196918130489566e-01 5.201196918130488456e-01 4.642828502428462123e-01 -4.126270947998534666e+00 -4.126270947998534666e+00 -4.126270947998534666e+00 2.678479863002404884e-03 2.678479863002431773e-03 2.161251024278249000e-03 -3.282608231193996140e+00 3.405196388280174163e-03
-8.000000000000000000e+00 -8.000000000000000000e+00 -8.000000000000000000e+00 5.449483627278768338e-01 5.449483627278762787e-01 4.867094198684199235e-01 -4.001232434422821171e+00 -4.001232434422821171e+00 -4.001232434422821171e+00 2.849189945471235393e-03 2.849189945471257944e-03 2.288510506180523388e-03 -3.157569717618282645e+00 3.642878998275387269e-03
-7.750000000000000000e+00 -7.750000000000000000e+00 -7.750000000000000000e+00 5.721558447717361995e-01 5.721558447717361995e-01 5.118510436445462553e-01 -3.876193920847107677e+00 -3.876193920847107677e+00 -3.876193920847107677e+00 3.035160659078689049e-03 3.035160659078699891e-03 2.426161970039334044e-03 -3.032531204042569151e+00 3.904014972476126891e-03
-7.500000000000000000e+00 -7.500000000000000000e+00 -7.500000000000000000e+00 6.017797849290795753e-01 6.017797849290794643e-01 5.393996439812452914e-01 -3.751155407271394626e+00 -3.751155407271394626e+00 -3.751155407271394626e+00 3.238198584323056812e-03 3.238198584323061582e-03 2.575333962902732338e-03 -2.907492690466856100e+00 4.191688126164858780e-03
-7.250000000000000000e+00 -7.250000000000000000e+00 -7.250000000000000000e+00 6.344531762310613443e-01 6.344531762310609002e-01 5.704518704702776777e-01 -3.626116893695682020e+00 -3.626116893695682020e+00 -3.626116893695682020e+00 3.460395718320829258e-03 3.460395718320827090e-03 2.737296294869742946e-03 -2.782454176891143494e+00 4.509478047660345212e-03
-7.000000000000000000e+00 -7.000000000000000000e+00 -7.000000000000000000e+00 6.702496174350018876e-01 6.702496174350021096e-01 6.046670176831064891e-01 -3.501078380119968525e+00 -3.501078380119968525e+00 -3.501078380119968525e+00 3.704150595752981039e-03 3.704150595752974968e-03 2.913507996954817821e-03 -2.657415663315429999e+00 4.861587113470580701e-03
-6.750000000000000000e+00 -6.750000000000000000e+00 -6.750000000000000000e+00 7.100274348339040698e-01 7.100274348339040698e-01 6.434758124781273514e-01 -3.376039866544255474e+00 -3.376039866544255474e+00 -3.376039866544255474e+00 3.972258316046336016e-03 3.972258316046320403e-03 3.105622331369399958e-03 -2.532377149739716948e+00 5.252938457191041501e-03
-6.500000000000000000e+00 -6.500000000000000000e+00 -6.500000000000000000e+00 7.539221103503452870e-01 7.539221103503453980e-01 6.865097613716593106e-01 -3.251001352968541980e+00 -3.251001352968541980e+00 -3.251001352968541980e+00 4.267951351488065079e-03 4.267951351488046864e-03 3.315548459246104446e-03 -2.407338636164003454e+00 5.689360871806176806e-03
-6.250000000000000000e+00 -6.250000000000000000e+00 -6.250000000000000000e+00 8.031256476480783668e-01 8.031256476480778117e-01 7.356773599246305695e-01 -3.125962839392828929e+00 -3.125962839392828929e+00 -3.125962839392828929e+00 4.595023654341025970e-03 4.595023654341003419e-03 3.545465710235976616e-03 -2.282300122588290403e+00 6.177751762422845766e-03
-6.000000000000000000e+00 -6.000000000000000000e+00 -6.000000000000000000e+00 8.578817773081363063e-01 8.578817773081357512e-01 7.905982986633337539e-01 -3.000924325817115879e+00 -3.000924325817115879e+00 -3.000924325817115879e+00 4.957903906690842681e-03 4.957903906690823599e-03 3.797904783074076019e-03 -2.157261609012577352e+00 6.726355277711451759e-03
-5.750000000000000000e+00 -5.750000000000000000e+00 -5.750000000000000000e+00 9.198929531653720071e-01 9.198929531653715630e-01 8.538847785574694704e-01 -2.875885812241402384e+00 -2.875885812241402384e+00 -2.875885812241402384e+00 5.361832244854571050e-03 5.361832244854560642e-03 4.075776967666781478e-03 -2.032223095436863858e+00 7.345034849389301367e-03
-5.500000000000000000e+00 -5.500000000000000000e+00 -5.500000000000000000e+00 9.895968114846773744e-01 9.895968114846772634e-01 9.251848931715366264e-01 -2.750847298665689333e+00 -2.750847298665689333e+00 -2.750847298665689333e+00 5.812987718119049831e-03 5.812987718119048963e-03 4.382483820594404444e-03 -1.907184581861150807e+00 8.045706023870989945e-03
-5.250000000000000000e+00 -5.250000000000000000e+00 -5.250000000000000000e+00 1.069507007033839274e+00 1.069507007033838830e+00 1.008184154814663280e+00 -2.625808785089976283e+00 -2.625808785089976283e+00 -2.625808785089976283e+00 6.318748877893729833e-03 6.318748877893740241e-03 4.721970581653974798e-03 -1.782146068285437757e+00 8.842798148446195244e-03
-5.000000000000000000e+00 -5.000000000000000000e+00 -5.000000000000000000e+00 1.160419641457093753e+00 1.160419641457095086e+00 1.102652702624014491e+00 -2.500770271514262788e+00 -2.500770271514262788e+00 -2.500770271514262788e+00 6.887913705338892176e-03 6.887913705338902584e-03 5.098878423243888985e-03 -1.657107554709724262e+00 9.753952012491819840e-03
-4.750000000000000000e+00 -4.750000000000000000e+00 -4.750000000000000000e+00 1.266196857800951481e+00 1.266196857800950593e+00 1.213983409028225324e+00 -2.375731757938550182e+00 -2.375731757938550182e+00 -2.375731757938550182e+00 7.531098818596954937e-03 7.531098818596962743e-03 5.518637441253014010e-03 -1.532069041134011655e+00 1.080081650008297110e-02
-4.500000000000000000e+00 -4.500000000000000000e+00 -4.500000000000000000e+00 1.388324431894979227e+00 1.388324431894980115e+00 1.342283525372672592e+00 -2.250693244362836687e+00 -2.250693244362836687e+00 -2.250693244362836687e+00 8.261121842755802386e-03 8.261121842755807590e-03 5.987684541029209342e-03 -1.407030527558298161e+00 1.201021416263259312e-02
-4.250000000000000000e+00 -4.250000000000000000e+00 -4.250000000000000000e+00 1.533029502559625668e+00 1.533029502559625445e+00 1.495805569360543430e+00 -2.125654730787123636e+00 -2.125654730787123636e+00 -2.125654730787123636e+00 9.093640203355958865e-03 9.093640203355962334e-03 6.513622692854656622e-03 -1.281992013982585110e+00 1.341554729671157707e-02
-4.000000000000000000e+00 -4.000000000000000000e+00 -4.000000000000000000e+00 1.703192099118351344e+00 1.703192099118351788e+00 1.675498432398195625e+00 -2.000616217211410586e+00 -2.000616217211410586e+00 -2.000616217211410586e+00 1.004783143395569962e-02 1.004783143395569442e-02 7.105544434382142331e-03 -1.156953500406872060e+00 1.505881627760809367e-02
-3.750000000000000000e+00 -3.750000000000000000e+00 -3.750000000000000000e+00 1.909462521101223942e+00 1.909462521101224830e+00 1.894721686414143624e+00 -1.875577703635697313e+00 -1.875577703635697313e+00 -1.875577703635697313e+00 1.114747186660791298e-02 1.114747186660790951e-02 7.774307208616857562e-03 -1.031914986831158787e+00 1.699316279123788687e-02
-3.500000000000000000e+00 -3.500000000000000000e+00 -3.500000000000000000e+00 2.157716443534055450e+00 2.157716443534055006e+00 2.156505542425951827e+00 -1.750539190059984263e+00 -1.750539190059984263e+00 -1.750539190059984263e+00 1.242220100157896863e-02 1.242220100157896689e-02 8.533038799860717324e-03 -9.068764732554457364e-01 1.928648194541246474e-02
-3.250000000000000000e+00 -3.250000000000000000e+00 -3.250000000000000000e+00 2.467546422892465952e+00 2.467546422892466840e+00 2.484097537087856189e+00 -1.625500676484270990e+00 -1.625500676484270990e+00 -1.625500676484270990e+00 1.390948386191659565e-02 1.390948386191659218e-02 9.397633676402505909e-03 -7.818379596797324638e-01 2.202611998648114355e-02
-3.000000000000000000e+00 -3.000000000000000000e+00 -3.000000000000000000e+00 2.851766000534984524e+00 2.851766000534985412e+00 2.885869744156669636e+00 -1.500462162908557939e+00 -1.500462162908557939e+00 -1.500462162908557939e+00 1.565714989489455991e-02 1.565714989489455644e-02 1.038760988569953359e-02 -6.567994461040194132e-01 2.532547978494076313e-02
-2.750000000000000000e+00 -2.750000000000000000e+00 -2.750000000000000000e+00 3.349856210738321849e+00 3.349856210738320961e+00 3.406271827566246913e+00 -1.375423649332844667e+00 -1.375423649332844667e+00 -1.375423649332844667e+00 1.772740079872680077e-02 1.772740079872681465e-02 1.152709018345261967e-02 -5.317609325283061406e-01 2.933270586671726105e-02
-2.500000000000000000e+00 -2.500000000000000000e+00 -2.500000000000000000e+00 3.992271075981332462e+00 3.992271075981332462e+00 4.068398074505625850e+00 -1.250385135757131394e+00 -1.250385135757131394e+00 -1.250385135757131394e+00 2.020266044717160953e-02 2.020266044717161993e-02 1.284647463969695522e-02 -4.067224189525928679e-01 3.424250164800512336e-02
-2.250000000000000000e+00 -2.250000000000000000e+00 -2.250000000000000000e+00 4.868322486250104220e+00 4.868322486250103331e+00 4.968423151469522736e+00 -1.125346622181418343e+00 -1.125346622181418343e+00 -1.125346622181418343e+00 2.319553166243895626e-02 2.319553166243895279e-02 1.438474036494013023e-02 -2.816839053768798173e-01 4.031079553779606112e-02
-2.000000000000000000e+00 -2.000000000000000000e+00 -2.000000000000000000e+00 6.058971545239796086e+00 6.058971545239793421e+00 6.174439300470721648e+00 -1.000308108605705293e+00 -1.000308108605705293e+00 -1.000308108605705293e+00 2.686618381657111115e-02 2.686618381657111462e-02 1.619360129871975917e-02 -1.566453918011667668e-01 4.787158786478505623e-02
-1.750000000000000000e+00 -1.750000000000000000e+00 -1.750000000000000000e+00 7.799160306660972708e+00 7.799160306660969155e+00 7.931411855219340445e+00 -8.752695950299921313e-01 -8.752695950299921313e-01 -8.752695950299921313e-01 3.145853297571845480e-02 3.145853297571844787e-02 1.834485997730131782e-02 -3.160687822545360515e-02 5.735107746930992456e-02
-1.500000000000000000e+00 -1.500000000000000000e+00 -1.500000000000000000e+00 1.033916861260133402e+01 1.033916861260134290e+01 1.046624868733687741e+01 -7.502310814542789696e-01 -7.502310814542789696e-01 -7.502310814542789696e-01 3.738816393511663200e-02 3.738816393511664588e-02 2.094774583491009270e-02 9.343163535025955646e-02 6.926879438461495953e-02
-1.250000000000000000e+00 -1.250000000000000000e+00 -1.250000000000000000e+00 1.444089215482082089e+01 1.444089215482081023e+01 1.455819994920599569e+01 -6.251925678785656970e-01 -6.251925678785656970e-01 -6.251925678785656970e-01 4.547505047822734958e-02 4.547505047822733570e-02 2.420297441042237527e-02 2.184701489259728291e-01 8.414382001761157304e-02
-1.000000000000000000e+00 -1.000000000000000000e+00 -1.000000000000000000e+00 2.106944375036712458e+01 2.106944375036712103e+01 2.112931721574025801e+01 -5.001540543028526464e-01 -5.001540543028526464e-01 -5.001540543028526464e-01 5.739408836854134610e-02 5.739408836854133916e-02 2.860616250971175292e-02 3.435086625016858797e-01 1.018434665549502738e-01
-7.500000000000000000e-01 -7.500000000000000000e-01 -7.500000000000000000e-01 3.368692143123128346e+01 3.368692143123127636e+01 3.368403381601802948e+01 -3.751155407271394848e-01 -3.751155407271394848e-01 -3.751155407271394848e-01 7.567904844244814633e-02 7.567904844244810469e-02 3.554588279886426727e-02 4.685471760773990413e-01 1.194691149494755966e-01
-5.000000000000000000e-01 -5.000000000000000000e-01 -5.000000000000000000e-01 5.784184212928819591e+01 5.784184212928815327e+01 5.769065037560178411e+01 -2.500770271514263232e-01 -2.500770271514263232e-01 -2.500770271514263232e-01 1.009691524186128037e-01 1.009691524186128453e-01 4.807973937835288702e-02 5.935856896531122029e-01 1.291246221569911923e-01
-2.500000000000000000e-01 -2.500000000000000000e-01 -2.500000000000000000e-01 1.297014394169364664e+02 1.297014394169365517e+02 1.294757971529194265e+02 -1.250385135757131616e-01 -1.250385135757131616e-01 -1.250385135757131616e-01 1.262764959180245339e-01 1.262764959180245061e-01 6.958899430310329370e-02 7.186242032288253645e-01 1.218118605158013401e-01
0.000000000000000000e+00 0.000000000000000000e+00 0.000000000000000000e+00 3.214699024803600196e+02 3.214699024803601333e+02 3.210559286052950938e+02 0.000000000000000000e+00 0.000000000000000000e+00 0.000000000000000000e+00 1.373812949414391638e-01 1.373812949414390527e-01 9.796492862832271997e-02 8.436627168045385261e-01 9.796492862832271997e-02
2.500000000000000000e-01 2.500000000000000000e-01 2.500000000000000000e-01 1.297014394169365801e+02 1.297014394169366085e+02 1.294757971529194833e+02 1.250385135757131616e-01 1.250385135757131616e-01 1.250385135757131616e-01 1.262764959180244506e-01 1.262764959180244784e-01 1.218118605158013401e-01 9.687012303802516877e-01 6.958899430310329370e-02
5.000000000000000000e-01 5.000000000000000000e-01 5.000000000000000000e-01 5.784184212928828828e+01 5.784184212928824564e+01 5.769065037560187648e+01 2.500770271514263232e-01 2.500770271514263232e-01 2.500770271514263232e-01 1.009691524186127204e-01 1.009691524186127481e-01 1.291246221569911923e-01 1.093739743955964849e+00 4.807973937835288702e-02
7.500000000000000000e-01 7.500000000000000000e-01 7.500000000000000000e-01 3.368692143123128346e+01 3.368692143123127636e+01 3.368403381601803659e+01 3.751155407271394848e-01 3.751155407271394848e-01 3.751155407271394848e-01 7.567904844244811857e-02 7.567904844244811857e-02 1.194691149494755966e-01 1.218778257531678122e+00 3.554588279886426727e-02
1.000000000000000000e+00 1.000000000000000000e+00 1.000000000000000000e+00 2.106944375036718853e+01 2.106944375036718498e+01 2.112931721574032196e+01 5.001540543028526464e-01 5.001540543028526464e-01 5.001540543028526464e-01 5.739408836854124202e-02 5.739408836854122120e-02 1.018434665549502738e-01 1.343816771107391173e+00 2.860616250971175292e-02
1.250000000000000000e+00 1.250000000000000000e+00 1.250000000000000000e+00 1.444089215482086352e+01 1.444089215482084931e+01 1.455819994920603300e+01 6.251925678785656970e-01 6.251925678785656970e-01 6.251925678785656970e-01 4.547505047822725938e-02 4.547505047822726632e-02 8.414382001761157304e-02 1.468855284683104223e+00 2.420297441042237527e-02
1.500000000000000000e+00 1.500000000000000000e+00 1.500000000000000000e+00 1.033916861260133402e+01 1.033916861260134290e+01 1.046624868733687919e+01 7.502310814542789696e-01 7.502310814542789696e-01 7.502310814542789696e-01 3.738816393511662506e-02 3.738816393511662506e-02 6.926879438461495953e-02 1.593893798258817496e+00 2.094774583491009270e-02
1.750000000000000000e+00 1.750000000000000000e+00 1.750000000000000000e+00 7.799160306660999353e+00 7.799160306660998465e+00 7.931411855219362650e+00 8.752695950299921313e-01 8.752695950299921313e-01 8.752695950299921313e-01 3.145853297571853113e-02 3.145853297571853113e-02 5.735107746930992456e-02 1.718932311834530768e+00 1.834485997730131782e-02
2.000000000000000000e+00 2.000000000000000000e+00 2.000000000000000000e+00 6.058971545239812961e+00 6.058971545239812961e+00 6.174439300470728753e+00 1.000308108605705293e+00 1.000308108605705293e+00 1.000308108605705293e+00 2.686618381657119095e-02 2.686618381657121524e-02 4.787158786478505623e-02 1.843970825410243819e+00 1.619360129871975917e-02
2.250000000000000000e+00 2.250000000000000000e+00 2.250000000000000000e+00 4.868322486250104220e+00 4.868322486250103331e+00 4.968423151469520960e+00 1.125346622181418343e+00 1.125346622181418343e+00 1.125346622181418343e+00 2.319553166243894932e-02 2.319553166243894932e-02 4.031079553779606112e-02 1.969009338985956870e+00 1.438474036494013023e-02
2.500000000000000000e+00 2.500000000000000000e+00 2.500000000000000000e+00 3.992271075981348005e+00 3.992271075981346229e+00 4.068398074505636508e+00 1.250385135757131394e+00 1.250385135757131394e+00 1.250385135757131394e+00 2.020266044717149850e-02 2.020266044717151238e-02 3.424250164800512336e-02 2.094047852561669920e+00 1.284647463969695522e-02
2.750000000000000000e+00 2.750000000000000000e+00 2.750000000000000000e+00 3.349856210738331619e+00 3.349856210738330731e+00 3.406271827566250465e+00 1.375423649332844667e+00 1.375423649332844667e+00 1.375423649332844667e+00 1.772740079872668975e-02 1.772740079872669669e-02 2.933270586671726105e-02 2.219086366137383415e+00 1.152709018345261967e-02
3.000000000000000000e+00 3.000000000000000000e+00 3.000000000000000000e+00 2.851766000534984524e+00 2.851766000534985412e+00 2.885869744156669636e+00 1.500462162908557939e+00 1.500462162908557939e+00 1.500462162908557939e+00 1.565714989489455644e-02 1.565714989489455644e-02 2.532547978494076313e-02 2.344124879713096465e+00 1.038760988569953359e-02
3.250000000000000000e+00 3.250000000000000000e+00 3.250000000000000000e+00 2.467546422892475722e+00 2.467546422892476610e+00 2.484097537087860630e+00 1.625500676484270990e+00 1.625500676484270990e+00 1.625500676484270990e+00 1.390948386191669973e-02 1.390948386191670147e-02 2.202611998648114355e-02 2.469163393288809516e+00 9.397633676402505909e-03
3.500000000000000000e+00 3.500000000000000000e+00 3.500000000000000000e+00 2.157716443534062112e+00 2.157716443534062112e+00 2.156505542425953159e+00 1.750539190059984263e+00 1.750539190059984263e+00 1.750539190059984263e+00 1.242220100157907618e-02 1.242220100157907618e-02 1.928648194541246474e-02 2.594201906864523011e+00 8.533038799860717324e-03
3.750000000000000000e+00 3.750000000000000000e+00 3.750000000000000000e+00 1.909462521101223942e+00 1.909462521101224830e+00 1.894721686414143402e+00 1.875577703635697313e+00 1.875577703635697313e+00 1.875577703635697313e+00 1.114747186660791298e-02 1.114747186660791124e-02 1.699316279123788687e-02 2.719240420440235617e+00 7.774307208616857562e-03
4.000000000000000000e+00 4.000000000000000000e+00 4.000000000000000000e+00 1.703192099118357561e+00 1.703192099118357339e+00 1.675498432398199844e+00 2.000616217211410586e+00 2.000616217211410586e+00 2.000616217211410586e+00 1.004783143395560942e-02 1.004783143395560595e-02 1.505881627760809367e-02 2.844278934015949112e+00 7.105544434382142331e-03
4.250000000000000000e+00 4.250000000000000000e+00 4.250000000000000000e+00 1.533029502559629886e+00 1.533029502559629886e+00 1.495805569360544540e+00 2.125654730787123636e+00 2.125654730787123636e+00 2.125654730787123636e+00 9.093640203355872129e-03 9.093640203355873863e-03 1.341554729671157707e-02 2.969317447591662162e+00 6.513622692854656622e-03
4.500000000000000000e+00 4.500000000000000000e+00 4.500000000000000000e+00 1.388324431894979227e+00 1.388324431894980115e+00 1.342283525372672592e+00 2.250693244362836687e+00 2.250693244362836687e+00 2.250693244362836687e+00 8.261121842755800651e-03 8.261121842755814529e-03 1.201021416263259312e-02 3.094355961167375213e+00 5.987684541029209342e-03
4.750000000000000000e+00 4.750000000000000000e+00 4.750000000000000000e+00 1.266196857800955922e+00 1.266196857800955478e+00 1.213983409028227545e+00 2.375731757938550182e+00 2.375731757938550182e+00 2.375731757938550182e+00 7.531098818597050347e-03 7.531098818597059021e-03 1.080081650008297110e-02 3.219394474743088708e+00 5.518637441253014010e-03
5.000000000000000000e+00 5.000000000000000000e+00 5.000000000000000000e+00 1.160419641457096640e+00 1.160419641457097084e+00 1.102652702624016268e+00 2.500770271514262788e+00 2.500770271514262788e+00 2.500770271514262788e+00 6.887913705338985851e-03 6.887913705338996259e-03 9.753952012491819840e-03 3.344432988318801314e+00 5.098878423243888985e-03
5.250000000000000000e+00 5.250000000000000000e+00 5.250000000000000000e+00 1.069507007033839274e+00 1.069507007033838830e+00 1.008184154814663280e+00 2.625808785089976283e+00 2.625808785089976283e+00 2.625808785089976283e+00 6.318748877893728966e-03 6.318748877893735905e-03 8.842798148446195244e-03 3.469471501894514809e+00 4.721970581653974798e-03
5.500000000000000000e+00 5.500000000000000000e+00 5.500000000000000000e+00 9.895968114846810382e-01 9.895968114846811492e-01 9.251848931715376256e-01 2.750847298665689333e+00 2.750847298665689333e+00 2.750847298665689333e+00 5.812987718118962227e-03 5.812987718118962227e-03 8.045706023870989945e-03 3.594510015470227859e+00 4.382483820594404444e-03
5.750000000000000000e+00 5.750000000000000000e+00 5.750000000000000000e+00 9.198929531653746716e-01 9.198929531653747826e-01 8.538847785574709137e-01 2.875885812241402384e+00 2.875885812241402384e+00 2.875885812241402384e+00 5.361832244854483447e-03 5.361832244854476508e-03 7.345034849389301367e-03 3.719548529045940910e+00 4.075776967666781478e-03
6.000000000000000000e+00 6.000000000000000000e+00 6.000000000000000000e+00 8.578817773081363063e-01 8.578817773081356401e-01 7.905982986633336429e-01 3.000924325817115879e+00 3.000924325817115879e+00 3.000924325817115879e+00 4.957903906690841814e-03 4.957903906690823599e-03 6.726355277711451759e-03 3.844587042621654405e+00 3.797904783074076019e-03
6.250000000000000000e+00 6.250000000000000000e+00 6.250000000000000000e+00 8.031256476480814754e-01 8.031256476480810313e-01 7.356773599246306805e-01 3.125962839392828929e+00 3.125962839392828929e+00 3.125962839392828929e+00 4.595023654341120513e-03 4.595023654341101431e-03 6.177751762422845766e-03 3.969625556197367455e+00 3.545465710235976616e-03
6.500000000000000000e+00 6.500000000000000000e+00 6.500000000000000000e+00 7.539221103503475074e-01 7.539221103503480625e-01 6.865097613716595326e-01 3.251001352968541980e+00 3.251001352968541980e+00 3.251001352968541980e+00 4.267951351488157886e-03 4.267951351488141407e-03 5.689360871806176806e-03 4.094664069773080506e+00 3.315548459246104446e-03
6.750000000000000000e+00 6.750000000000000000e+00 6.750000000000000000e+00 7.100274348339040698e-01 7.100274348339040698e-01 6.434758124781271293e-01 3.376039866544255474e+00 3.376039866544255474e+00 3.376039866544255474e+00 3.972258316046335148e-03 3.972258316046323873e-03 5.252938457191041501e-03 4.219702583348794001e+00 3.105622331369399958e-03
7.000000000000000000e+00 7.000000000000000000e+00 7.000000000000000000e+00 6.702496174350042191e-01 6.702496174350045521e-01 6.046670176831074883e-01 3.501078380119968525e+00 3.501078380119968525e+00 3.501078380119968525e+00 3.704150595752896038e-03 3.704150595752889533e-03 4.861587113470580701e-03 4.344741096924506607e+00 2.913507996954817821e-03
7.250000000000000000e+00 7.250000000000000000e+00 7.250000000000000000e+00 6.344531762310630096e-01 6.344531762310626766e-01 5.704518704702782328e-01 3.626116893695682020e+00 3.626116893695682020e+00 3.626116893695682020e+00 3.460395718320745558e-03 3.460395718320745991e-03 4.509478047660345212e-03 4.469779610500220102e+00 2.737296294869742946e-03
7.500000000000000000e+00 7.500000000000000000e+00 7.500000000000000000e+00 6.017797849290795753e-01 6.017797849290793533e-01 5.393996439812451804e-01 3.751155407271394626e+00 3.751155407271394626e+00 3.751155407271394626e+00 3.238198584323055511e-03 3.238198584323058980e-03 4.191688126164858780e-03 4.594818124075933596e+00 2.575333962902732338e-03
7.750000000000000000e+00 7.750000000000000000e+00 7.750000000000000000e+00 5.721558447717379758e-01 5.721558447717381979e-01 5.118510436445459222e-01 3.876193920847107677e+00 3.876193920847107677e+00 3.876193920847107677e+00 3.035160659078774918e-03 3.035160659078787061e-03 3.904014972476126891e-03 4.719856637651646203e+00 2.426161970039334044e-03
8.000000000000000000e+00 8.000000000000000000e+00 8.000000000000000000e+00 5.449483627278781661e-01 5.449483627278777220e-01 4.867094198684203676e-01 4.001232434422821171e+00 4.001232434422821171e+00 4.001232434422821171e+00 2.849189945471319960e-03 2.849189945471340777e-03 3.642878998275387269e-03 4.844895151227359698e+00 2.288510506180523388e-03
8.250000000000000000e+00 8.250000000000000000e+00 8.250000000000000000e+00 5.201196918130489566e-01 5.201196918130488456e-01 4.642828502428461568e-01 4.126270947998534666e+00 4.126270947998534666e+00 4.126270947998534666e+00 2.678479863002404017e-03 2.678479863002433074e-03 3.405196388280174163e-03 4.969933664803073192e+00 2.161251024278249000e-03
8.500000000000000000e+00 8.500000000000000000e+00 8.500000000000000000e+00 4.971933261259874337e-01 4.971933261259871561e-01 4.437142691843755093e-01 4.251309461574247273e+00 4.251309461574247273e+00 4.251309461574247273e+00 2.521441947180943621e-03 2.521441947180977014e-03 3.188320452889002038e-03 5.094972178378785799e+00 2.043396926783966686e-03
8.750000000000000000e+00 8.750000000000000000e+00 8.750000000000000000e+00 4.761526711528164535e-01 4.761526711528164535e-01 4.252793180779054216e-01 4.376347975149959879e+00 4.376347975149959879e+00 4.376347975149959879e+00 2.376696767460806901e-03 2.376696767460839427e-03 2.989951596410775608e-03 5.220010691954498405e+00 1.934065443052346983e-03
9.000000000000000000e+00 9.000000000000000000e+00 9.000000000000000000e+00 4.566325672725445872e-01 4.566325672725448648e-01 4.082965709903116913e-01 4.501386488725673374e+00 4.501386488725673374e+00 4.501386488725673374e+00 2.243022203169564403e-03 2.243022203169595628e-03 2.808102867737919967e-03 5.345049205530211900e+00 1.832481759707024239e-03
9.250000000000000000e+00 9.250000000000000000e+00 9.250000000000000000e+00 4.386287241877435683e-01 4.386287241877434018e-01 3.930115571258935292e-01 4.626425002301386868e+00 4.626425002301386868e+00 4.626425002301386868e+00 2.119351727713813041e-03 2.119351727713837761e-03 2.641034210380150370e-03 5.470087719105925395e+00 1.737948104583196931e-03
9.500000000000000000e+00 9.500000000000000000e+00 9.500000000000000000e+00 4.218569088147854362e-01 4.218569088147854362e-01 3.788741324309475300e-01 4.751463515877100363e+00 4.751463515877100363e+00 4.751463515877100363e+00 2.004733642433664722e-03 2.004733642433685539e-03 2.487233101979529574e-03 5.595126232681638889e+00 1.649849886669710851e-03
9.750000000000000000e+00 9.750000000000000000e+00 9.750000000000000000e+00 4.063199124356743908e-01 4.063199124356743352e-01 3.661027848819020103e-01 4.876502029452812970e+00 4.876502029452812970e+00 4.876502029452812970e+00 1.898333829031287291e-03 1.898333829031302253e-03 2.345365169268743850e-03 5.720164746257351496e+00 1.567630169959382267e-03
1.000000000000000000e+01 1.000000000000000000e+01 1.000000000000000000e+01 3.917934294325253197e-01 3.917934294325253197e-01 3.542472068294331145e-01 5.001540543028525576e+00 5.001540543028525576e+00 5.001540543028525576e+00 1.799402886488422892e-03 1.799402886488432433e-03 2.214264321636224674e-03 5.845203259833064102e+00 1.490796906493990293e-03
1.025000000000000000e+01 1.025000000000000000e+01 1.025000000000000000e+01 3.782841788312809039e-01 3.782841788312806264e-01 3.435020112037538986e-01 5.126579056604239071e+00 5.126579056604239071e+00 5.126579056604239071e+00 1.707281532903008776e-03 1.707281532903012029e-03 2.092894676140592391e-03 5.970241773408777597e+00 1.418901522077870925e-03
1.050000000000000000e+01 1.050000000000000000e+01 1.050000000000000000e+01 3.656129744519149849e-01 3.656129744519150404e-01 3.334940038369262894e-01 5.251617570179952565e+00 5.251617570179952565e+00 5.251617570179952565e+00 1.621373579203298776e-03 1.621373579203294656e-03 1.980346689164970767e-03 6.095280286984491092e+00 1.351546656923652756e-03
1.075000000000000000e+01 1.075000000000000000e+01 1.075000000000000000e+01 3.537885472978984369e-01 3.537885472978985479e-01 3.243968933380103059e-01 5.376656083755666060e+00 5.376656083755666060e+00 5.376656083755666060e+00 1.541152829115671145e-03 1.541152829115663338e-03 1.875807089503755921e-03 6.220318800560204586e+00 1.288367948277347168e-03
1.100000000000000000e+01 1.100000000000000000e+01 1.100000000000000000e+01 3.426661884984597006e-01 3.426661884984598117e-01 3.158978969739112408e-01 5.501694597331378667e+00 5.501694597331378667e+00 5.501694597331378667e+00 1.466140461988799104e-03 1.466140461988785877e-03 1.778558790809827306e-03 6.345357314135917193e+00 1.229041906426308305e-03
1.125000000000000000e+01 1.125000000000000000e+01 1.125000000000000000e+01 3.322554781826210224e-01 3.322554781826209114e-01 3.081524816327829153e-01 5.626733110907092161e+00 5.626733110907092161e+00 5.626733110907092161e+00 1.395912698587502103e-03 1.395912698587490827e-03 1.687956628526144113e-03 6.470395827711630687e+00 1.173270227988945560e-03
1.150000000000000000e+01 1.150000000000000000e+01 1.150000000000000000e+01 3.224384057057824715e-01 3.224384057057823605e-01 3.008958107720189346e-01 5.751771624482804768e+00 5.751771624482804768e+00 5.751771624482804768e+00 1.330081586281724225e-03 1.330081586281715552e-03 1.603429629048345713e-03 6.595434341287343294e+00 1.120787573352992296e-03
1.175000000000000000e+01 1.175000000000000000e+01 1.175000000000000000e+01 3.132247011110538271e-01 3.132247011110537160e-01 2.942674378256170398e-01 5.876810138058518262e+00 5.876810138058518262e+00 5.876810138058518262e+00 1.268302964628804366e-03 1.268302964628796343e-03 1.524461048346738030e-03 6.720472854863056789e+00 1.071347917409610790e-03
1.200000000000000000e+01 1.200000000000000000e+01 1.200000000000000000e+01 3.045172782539851686e-01 3.045172782539854461e-01 2.880410405709548094e-01 6.001848651634231757e+00 6.001848651634231757e+00 6.001848651634231757e+00 1.210259929061948672e-03 1.210259929061941733e-03 1.450592073936944788e-03 6.845511368438770283e+00 1.024732084593368755e-03
1.225000000000000000e+01 1.225000000000000000e+01 1.225000000000000000e+01 2.963256059295800715e-01 2.963256059295800715e-01 2.823422668818708070e-01 6.126887165209944364e+00 6.126887165209944364e+00 6.126887165209944364e+00 1.155670801209682502e-03 1.155670801209679032e-03 1.381405121067653995e-03 6.970549882014482890e+00 9.807357660682012191e-04
1.250000000000000000e+01 1.250000000000000000e+01 1.250000000000000000e+01 2.885691776606766901e-01 2.885691776606767456e-01 2.769760829442120542e-01 6.251925678785657858e+00 6.251925678785657858e+00 6.251925678785657858e+00 1.104274740853537946e-03 1.104274740853538380e-03 1.316528363610742179e-03 7.095588395590196384e+00 9.391767273704900191e-04
1.275000000000000000e+01 1.275000000000000000e+01 1.275000000000000000e+01 2.812569696651616713e-01 2.812569696651617268e-01 2.720559493151370467e-01 6.376964192361371353e+00 6.376964192361371353e+00 6.376964192361371353e+00 1.055839536634586200e-03 1.055839536634588585e-03 1.255621548200702231e-03 7.220626909165909879e+00 8.998842087034636828e-04
1.300000000000000000e+01 1.300000000000000000e+01 1.300000000000000000e+01 2.743217444001540550e-01 2.743217444001539995e-01 2.674125218359056921e-01 6.502002705937083959e+00 6.502002705937083959e+00 6.502002705937083959e+00 1.010148970958919812e-03 1.010148970958918728e-03 1.198380957565107477e-03 7.345665422741622486e+00 8.627057585696870602e-04
1.325000000000000000e+01 1.325000000000000000e+01 1.325000000000000000e+01 2.677718664720512565e-01 2.677718664720512565e-01 2.631485381515782374e-01 6.627041219512798342e+00 6.627041219512798342e+00 6.627041219512798342e+00 9.670103188249243873e-04 9.670103188249190747e-04 1.144527209122990843e-03 7.470703936317336868e+00 8.274977976094115241e-04
1.350000000000000000e+01 1.350000000000000000e+01 1.350000000000000000e+01 2.615508156089399461e-01 2.615508156089399461e-01 2.591159608692657490e-01 6.752079733088510949e+00 6.752079733088510949e+00 6.752079733088510949e+00 9.262431659586969684e-04 9.262431659586884032e-04 1.093810390215516981e-03 7.595742449893049475e+00 7.941320565415913068e-04
1.375000000000000000e+01 1.375000000000000000e+01 1.375000000000000000e+01 2.556662954898293316e-01 2.556662954898293871e-01 2.554080505810157331e-01 6.877118246664223555e+00 6.877118246664223555e+00 6.877118246664223555e+00 8.876865505704510445e-04 8.876865505704435635e-04 1.045999449612395856e-03 7.720780963468762081e+00 7.624871310583141099e-04
1.400000000000000000e+01 1.400000000000000000e+01 1.400000000000000000e+01 2.500705159145880652e-01 2.500705159145880652e-01 2.518946131480374606e-01 7.002156760239937050e+00 7.002156760239937050e+00 7.002156760239937050e+00 8.511890038680382936e-04 8.511890038680367757e-04 1.000887334042639036e-03 7.845819477044475576e+00 7.324545184275106690e-04
1.425000000000000000e+01 1.425000000000000000e+01 1.425000000000000000e+01 2.447705129988336503e-01 2.447705129988336503e-01 2.486604917227144829e-01 7.127195273815649657e+00 7.127195273815649657e+00 7.127195273815649657e+00 8.166153002746141202e-04 8.166153002746200833e-04 9.582816804297948198e-04 7.970857990620188183e+00 7.039310261931773808e-04
1.450000000000000000e+01 1.450000000000000000e+01 1.450000000000000000e+01 2.397256642020838824e-01 2.397256642020839379e-01 2.455905747356732782e-01 7.252233787391364039e+00 7.252233787391364039e+00 7.252233787391364039e+00 7.838375398624382925e-04 7.838375398624470745e-04 9.180098430818224662e-04 8.095896504195902565e+00 6.768244119190045720e-04
1.475000000000000000e+01 1.475000000000000000e+01 1.475000000000000000e+01 2.349423568718027044e-01 2.349423568718026212e-01 2.427621896932659895e-01 7.377272300967076646e+00 7.377272300967076646e+00 7.377272300967076646e+00 7.527414925147398427e-04 7.527414925147488415e-04 8.799106651598253550e-04 8.220935017771616060e+00 6.510465351794635308e-04
1.500000000000000000e+01 1.500000000000000000e+01 1.500000000000000000e+01 2.303858969271044554e-01 2.303858969271044832e-01 2.400730896491323207e-01 7.502310814542789252e+00 7.502310814542789252e+00 7.502310814542789252e+00 7.232185792627410454e-04 7.232185792627480927e-04 8.438393260807277229e-04 8.345973531347327778e+00 6.265186111233090292e-04
1.525000000000000000e+01 1.525000000000000000e+01 1.525000000000000000e+01 2.260620561570610976e-01 2.260620561570610421e-01 2.375938548983189680e-01 7.627349328118502747e+00 7.627349328118502747e+00 7.627349328118502747e+00 6.951718086826173598e-04 6.951718086826208292e-04 8.096600217781607873e-04 8.471012044923041273e+00 6.031650157923589732e-04
1.550000000000000000e+01 1.550000000000000000e+01 1.550000000000000000e+01 2.219410781884094686e-01 2.219410781884093853e-01 2.352333082361234839e-01 7.752387841694215354e+00 7.752387841694215354e+00 7.752387841694215354e+00 6.685085423459427361e-04 6.685085423459436035e-04 7.772505889043822367e-04 8.596050558498752991e+00 5.809181677758212684e-04
1.575000000000000000e+01 1.575000000000000000e+01 1.575000000000000000e+01 2.180281598594208115e-01 2.180281598594207282e-01 2.330559385897028601e-01 7.877426355269929736e+00 7.877426355269929736e+00 7.877426355269929736e+00 6.431460297933410102e-04 6.431460297933393839e-04 7.464959608679726591e-04 8.721089072074468262e+00 5.597129128994030684e-04
1.600000000000000000e+01 1.600000000000000000e+01 1.600000000000000000e+01 2.142976845535754238e-01 2.142976845535754515e-01 2.309801762942247372e-01 8.002464868845642343e+00 8.002464868845642343e+00 8.002464868845642343e+00 6.190048648926414852e-04 6.190048648926360642e-04 7.172925436097103225e-04 8.846127585650179981e+00 5.394910501103310479e-04
1.625000000000000000e+01 1.625000000000000000e+01 1.625000000000000000e+01 2.107543177305442050e-01 2.107543177305442328e-01 2.290649796510972058e-01 8.127503382421354061e+00 8.127503382421354061e+00 8.127503382421354061e+00 5.960141306077244676e-04 5.960141306077139508e-04 6.895423422357973382e-04 8.971166099225893475e+00 5.201962342046330141e-04
1.650000000000000000e+01 1.650000000000000000e+01 1.650000000000000000e+01 2.073759355330844212e-01 2.073759355330843657e-01 2.272371880955261769e-01 8.252541895997069332e+00 8.252541895997069332e+00 8.252541895997069332e+00 5.741054697909541782e-04 5.741054697909385657e-04 6.631570753412902204e-04 9.096204612801606970e+00 5.017781628270713036e-04
1.675000000000000000e+01 1.675000000000000000e+01 1.675000000000000000e+01 2.041667158210795363e-01 2.041667158210794808e-01 2.255507096037894232e-01 8.377580409572781051e+00 8.377580409572781051e+00 8.377580409572781051e+00 5.532178537265913191e-04 5.532178537265716950e-04 6.380528880503087003e-04 9.221243126377320465e+00 4.841879459911725128e-04
1.700000000000000000e+01 1.700000000000000000e+01 1.700000000000000000e+01 2.011074996800856496e-01 2.011074996800856496e-01 2.239398050204198798e-01 8.502618923148494545e+00 8.502618923148494545e+00 8.502618923148494545e+00 5.332922040290489617e-04 5.332922040290278198e-04 6.141541999777165714e-04 9.346281639953033960e+00 4.673819711074732471e-04
1.725000000000000000e+01 1.725000000000000000e+01 1.725000000000000000e+01 1.982020196854240301e-01 1.982020196854239191e-01 2.224537441110897573e-01 8.627657436724208040e+00 8.627657436724208040e+00 8.627657436724208040e+00 5.142758002962316468e-04 5.142758002962133238e-04 5.913889365372074691e-04 9.471320153528747454e+00 4.513176962201107673e-04
1.750000000000000000e+01 1.750000000000000000e+01 1.750000000000000000e+01 1.954336488927285731e-01 1.954336488927285453e-01 2.210333910765876209e-01 8.752695950299919758e+00 8.752695950299919758e+00 8.752695950299919758e+00 4.961174002490167847e-04 4.961174002490021480e-04 5.696921109529645959e-04 9.596358667104457396e+00 4.359572095750529502e-04
1.775000000000000000e+01 1.775000000000000000e+01 1.775000000000000000e+01 1.928057144793283162e-01 1.928057144793283162e-01 2.197237316332992796e-01 8.877734463875635029e+00 8.877734463875635029e+00 8.877734463875635029e+00 4.787713022650048693e-04 4.787713022649933768e-04 5.490015181326350201e-04 9.721397180680174444e+00 4.212634102167018700e-04
1.800000000000000000e+01 1.800000000000000000e+01 1.800000000000000000e+01 1.903037645469178030e-01 1.903037645469177197e-01 2.184715528011892394e-01 9.002772977451346748e+00 9.002772977451346748e+00 9.002772977451346748e+00 4.621929193358383548e-04 4.621929193358281091e-04 5.292610545402356634e-04 9.846435694255884385e+00 4.072032779799986905e-04
1.825000000000000000e+01 1.825000000000000000e+01 1.825000000000000000e+01 1.879307578221180441e-01 1.879307578221179609e-01 2.173178609968463015e-01 9.127811491027060242e+00 9.127811491027060242e+00 9.127811491027060242e+00 4.463425120972426660e-04 4.463425120972336129e-04 5.104168286953798686e-04 9.971474207831597880e+00 3.937444107248941078e-04
1.850000000000000000e+01 1.850000000000000000e+01 1.850000000000000000e+01 1.856741219526659437e-01 1.856741219526659437e-01 2.162147977674125365e-01 9.252850004602773737e+00 9.252850004602773737e+00 9.252850004602773737e+00 4.311811790858171840e-04 4.311811790858100825e-04 4.924202247937641474e-04 1.009651272140731137e+01 3.808580199479370517e-04
1.875000000000000000e+01 1.875000000000000000e+01 1.875000000000000000e+01 1.835364810013763726e-01 1.835364810013763726e-01 2.151996526981400093e-01 9.377888518178485455e+00 9.377888518178485455e+00 9.377888518178485455e+00 4.166742753673728541e-04 4.166742753673683005e-04 4.752243916636622796e-04 1.022155123498302487e+01 3.685157987856799936e-04
1.900000000000000000e+01 1.900000000000000000e+01 1.900000000000000000e+01 1.815068966276656981e-01 1.815068966276656981e-01 2.142294458108088273e-01 9.502927031754200726e+00 9.502927031754200726e+00 9.502927031754200726e+00 4.027877873128593751e-04 4.027877873128569899e-04 4.587870571827182471e-04 1.034658974855873836e+01 3.566926578471007201e-04
1.925000000000000000e+01 1.925000000000000000e+01 1.925000000000000000e+01 1.795876888167942109e-01 1.795876888167942664e-01 2.133379760024698979e-01 9.627965545329912445e+00 9.627965545329912445e+00 9.627965545329912445e+00 3.894914512229186230e-04 3.894914512229146115e-04 4.430673637883658102e-04 1.047162826213445186e+01 3.453639024761387486e-04
1.950000000000000000e+01 1.950000000000000000e+01 1.950000000000000000e+01 1.777693486375885867e-01 1.777693486375885312e-01 2.124867420301600474e-01 9.753004058905625939e+00 9.753004058905625939e+00 9.753004058905625939e+00 3.767554857041989134e-04 3.767554857041933297e-04 4.280284412767192690e-04 1.059666677571016535e+01 3.345077230894455802e-04
1.975000000000000000e+01 1.975000000000000000e+01 1.975000000000000000e+01 1.760539194522376949e-01 1.760539194522376671e-01 2.117062468970535294e-01 9.878042572481339434e+00 9.878042572481339434e+00 9.878042572481339434e+00 3.645534239273652620e-04 3.645534239273600578e-04 4.136345620890104452e-04 1.072170528928587885e+01 3.241026643720163803e-04
2.000000000000000000e+01 2.000000000000000000e+01 2.000000000000000000e+01 1.744331509076049447e-01 1.744331509076050002e-01 2.109621319283404295e-01 1.000308108605705115e+01 1.000308108605705115e+01 1.000308108605705115e+01 3.528591809152829351e-04 3.528591809152805498e-04 3.998534801870884240e-04 1.084674380286158879e+01 3.141298846421978889e-04
2.025000000000000000e+01 2.025000000000000000e+01 2.025000000000000000e+01 1.729088341963930797e-01 1.729088341963930520e-01 2.102817718380600998e-01 1.012811959963276642e+01 1.012811959963276642e+01 1.012811959963276642e+01 3.416496123807213491e-04 3.416496123807216743e-04 3.866538835959087202e-04 1.097178231643730584e+01 3.045709041006217804e-04
2.050000000000000000e+01 2.050000000000000000e+01 2.050000000000000000e+01 1.714738347794419471e-01 1.714738347794419471e-01 2.096346676906368223e-01 1.025315811320847814e+01 1.025315811320847814e+01 1.025315811320847814e+01 3.309018980712149778e-04 3.309018980712165499e-04 3.740075068695171011e-04 1.109682083001301578e+01 2.954096490138161633e-04
2.075000000000000000e+01 2.075000000000000000e+01 2.075000000000000000e+01 1.701297132946411328e-01 1.701297132946412993e-01 2.090452098011532645e-01 1.037819662678419164e+01 1.037819662678419164e+01 1.037819662678419164e+01 3.205958396662295204e-04 3.205958396662290867e-04 3.618868619688581719e-04 1.122185934358872927e+01 2.866304715580418128e-04
2.100000000000000000e+01 2.100000000000000000e+01 2.100000000000000000e+01 1.688703317604995924e-01 1.688703317604993981e-01 2.084865212366253384e-01 1.050323514035990513e+01 1.050323514035990513e+01 1.050323514035990513e+01 3.107115450326523929e-04 3.107115450326490319e-04 3.502671314572803089e-04 1.134689785716444277e+01 2.782199978104070133e-04
2.125000000000000000e+01 2.125000000000000000e+01 2.125000000000000000e+01 1.676970392089270068e-01 1.676970392089270900e-01 2.079801309892796435e-01 1.062827365393561863e+01 1.062827365393561863e+01 1.062827365393561863e+01 3.012314776638709709e-04 3.012314776638688567e-04 3.391241618952066600e-04 1.147193637074015626e+01 2.701654194211940098e-04
2.150000000000000000e+01 2.150000000000000000e+01 2.150000000000000000e+01 1.666045948134166621e-01 1.666045948134165788e-01 2.075025848277860518e-01 1.075331216751133212e+01 1.075331216751133212e+01 1.075331216751133212e+01 2.921384306897533930e-04 2.921384306897550735e-04 3.284361443904566607e-04 1.159697488431586976e+01 2.624561712737049041e-04
2.175000000000000000e+01 2.175000000000000000e+01 2.175000000000000000e+01 1.655941524542215992e-01 1.655941524542215992e-01 2.070726550990270864e-01 1.087835068108704384e+01 1.087835068108704384e+01 1.087835068108704384e+01 2.834173412915956254e-04 2.834173412916038111e-04 3.181818574078553894e-04 1.172201339789158325e+01 2.550825076525295053e-04
2.200000000000000000e+01 2.200000000000000000e+01 2.200000000000000000e+01 1.646612859795977546e-01 1.646612859795977823e-01 2.066701440332004980e-01 1.100338919466275733e+01 1.100338919466275733e+01 1.100338919466275733e+01 2.750535483625136382e-04 2.750535483625281123e-04 3.083421406419735141e-04 1.184705191146729675e+01 2.480370493532825797e-04
2.225000000000000000e+01 2.225000000000000000e+01 2.225000000000000000e+01 1.638069682394944770e-01 1.638069682394943383e-01 2.063111556144792413e-01 1.112842770823847083e+01 1.112842770823847083e+01 1.112842770823847083e+01 2.670343883670477547e-04 2.670343883670642346e-04 2.988983764758454224e-04 1.197209042504301024e+01 2.413136787442043670e-04
2.250000000000000000e+01 2.250000000000000000e+01 2.250000000000000000e+01 1.630275198509048840e-01 1.630275198509048007e-01 2.059786110233264855e-01 1.125346622181418432e+01 1.125346622181418432e+01 1.125346622181418432e+01 2.593477385937811830e-04 2.593477385937965245e-04 2.898337621414271998e-04 1.209712893861872374e+01 2.349090227670633778e-04
2.275000000000000000e+01 2.275000000000000000e+01 2.275000000000000000e+01 1.623237445687109592e-01 1.623237445687109870e-01 2.056860194206245607e-01 1.137850473538989782e+01 1.137850473538989782e+01 1.137850473538989782e+01 2.519834193496388384e-04 2.519834193496505478e-04 2.811320205898174668e-04 1.222216745219443723e+01 2.288217382501297125e-04
2.300000000000000000e+01 2.300000000000000000e+01 2.300000000000000000e+01 1.616926545737046028e-01 1.616926545737044918e-01 2.054193086810738866e-01 1.150354324896560954e+01 1.150354324896560954e+01 1.150354324896560954e+01 2.449320421627210198e-04 2.449320421627281213e-04 2.727784728272250147e-04 1.234720596577014717e+01 2.230540395198749308e-04
2.325000000000000000e+01 2.325000000000000000e+01 2.325000000000000000e+01 1.611348944041286479e-01 1.611348944041286757e-01 2.051894532859198650e-01 1.162858176254132303e+01 1.162858176254132303e+01 1.162858176254132303e+01 2.381862732761989376e-04 2.381862732762050905e-04 2.647589505246645408e-04 1.247224447934586067e+01 2.176115067940986446e-04
2.350000000000000000e+01 2.350000000000000000e+01 2.350000000000000000e+01 1.606481238199848616e-01 1.606481238199849171e-01 2.049852980444306361e-01 1.175362027611703652e+01 1.175362027611703652e+01 1.175362027611703652e+01 2.317401263393987685e-04 2.317401263394051653e-04 2.570603750990382917e-04 1.259728299292157416e+01 2.125051794225824627e-04
2.375000000000000000e+01 2.375000000000000000e+01 2.375000000000000000e+01 1.602328360747093394e-01 1.602328360747092562e-01 2.048153305884538034e-01 1.187865878969275002e+01 1.187865878969275002e+01 1.187865878969275002e+01 2.255910287011216953e-04 2.255910287011279837e-04 2.496666818685261652e-04 1.272232150649728766e+01 2.077565814246451318e-04
2.400000000000000000e+01 2.400000000000000000e+01 2.400000000000000000e+01 1.598873045916123226e-01 1.598873045916123226e-01 2.046712432442452101e-01 1.200369730326846351e+01 1.200369730326846351e+01 1.200369730326846351e+01 2.197458788142693531e-04 2.197458788142755330e-04 2.425372876818650638e-04 1.284736002007300115e+01 2.034332529362053077e-04
2.425000000000000000e+01 2.425000000000000000e+01 2.425000000000000000e+01 1.596118774149342667e-01 1.596118774149341835e-01 2.045590731584663868e-01 1.212873581684417523e+01 1.212873581684417523e+01 1.212873581684417523e+01 2.142534306645168759e-04 2.142534306645211043e-04 2.355177313509909459e-04 1.297239853364871465e+01 1.997944858168538326e-04
2.450000000000000000e+01 2.450000000000000000e+01 2.450000000000000000e+01 1.594054169136812360e-01 1.594054169136813470e-01 2.044733094655077077e-01 1.225377433041988873e+01 1.225377433041988873e+01 1.225377433041988873e+01 2.092963826286771249e-04 2.092963826286818683e-04 2.281827094066674478e-04 1.309743704722442814e+01 1.976148070400041970e-04
2.475000000000000000e+01 2.475000000000000000e+01 2.475000000000000000e+01 1.592681302125439069e-01 1.592681302125438236e-01 2.044175643611624571e-01 1.237881284399560222e+01 1.237881284399560222e+01 1.237881284399560222e+01 2.053268336674443282e-04 2.053268336674519176e-04 2.199493097529703887e-04 1.322247556080014164e+01 1.983067223725750144e-04
2.500000000000000000e+01 2.500000000000000000e+01 2.500000000000000000e+01 1.591994524825147972e-01 1.591994524825147972e-01 2.043890906130661211e-01 1.250385135757131572e+01 1.250385135757131572e+01 1.250385135757131572e+01 2.030492988391595138e-04 2.030492988391681332e-04 2.109692755770476509e-04 1.334751407437585513e+01 2.029911258627900474e-04
