-2.500000000000000000e+01 -2.500000000000000000e+01 -2.500000000000000000e+01 3.982006561949601675e+00 3.982006561949600787e+00 4.935423603516065683e+00 -1.250385135757131572e+01 -1.250385135757131572e+01 -1.250385135757131572e+01 2.922706444479016024e-10 2.922706444479078063e-10 5.839153658277350601e-15 5.729255392705128003e+01 6.900068527274911154e-15
-2.475000000000000000e+01 -2.475000000000000000e+01 -2.475000000000000000e+01 2.692997592012671415e+00 2.692997592012670527e+00 4.935425016144931121e+00 -1.237881284399560222e+01 -1.237881284399560222e+01 -1.237881284399560222e+01 1.917843329422470162e-09 1.917843329422462717e-09 5.255878057985001621e-15 5.741759244062698997e+01 7.441579802371343251e-15
-2.450000000000000000e+01 -2.450000000000000000e+01 -2.450000000000000000e+01 5.091582499626976954e+00 5.091582499626976066e+00 4.935423720488198107e+00 -1.225377433041988873e+01 -1.225377433041988873e+01 -1.225377433041988873e+01 1.063258431343154685e-08 1.063258431343130862e-08 4.628698982863439501e-15 5.754263095420270702e+01 8.333779083660198313e-15
-2.425000000000000000e+01 -2.425000000000000000e+01 -2.425000000000000000e+01 3.924254700848325061e+00 3.924254700848323729e+00 4.935426740615122654e+00 -1.212873581684417523e+01 -1.212873581684417523e+01 -1.212873581684417523e+01 4.112166007602229232e-08 4.112166007602233202e-08 4.379194395813323548e-15 5.766766946777841696e+01 8.495267339249746121e-15
-2.400000000000000000e+01 -2.400000000000000000e+01 -2.400000000000000000e+01 7.282962844857703288e+00 7.282962844857705953e+00 4.935426208123471881e+00 -1.200369730326846351e+01 -1.200369730326846351e+01 -1.200369730326846351e+01 1.085753342026365242e-07 1.085753342026363389e-07 4.028046677476630641e-15 5.779270798135412690e+01 9.211886077833674953e-15
-2.375000000000000000e+01 -2.375000000000000000e+01 -2.375000000000000000e+01 6.176061254252116939e+00 6.176061254252114274e+00 4.935428561493409916e+00 -1.187865878969275002e+01 -1.187865878969275002e+01 -1.187865878969275002e+01 1.946175312260186937e-07 1.946175312260185614e-07 3.863594657795166983e-15 5.791774649492984395e+01 9.278593720018394744e-15
-2.350000000000000000e+01 -2.350000000000000000e+01 -2.350000000000000000e+01 5.244999785822519023e+00 5.244999785822516358e+00 4.935430634138144868e+00 -1.175362027611703652e+01 -1.175362027611703652e+01 -1.175362027611703652e+01 2.363450599373735824e-07 2.363450599373732119e-07 3.540993384809775027e-15 5.804278500850556100e+01 1.002009109586111710e-14
-2.325000000000000000e+01 -2.325000000000000000e+01 -2.325000000000000000e+01 5.217947497381278055e+00 5.217947497381278055e+00 4.935431423618651614e+00 -1.162858176254132303e+01 -1.162858176254132303e+01 -1.162858176254132303e+01 1.943200834102092607e-07 1.943200834102088108e-07 3.405969902226468025e-15 5.816782352208127094e+01 1.008655909727265909e-14
-2.300000000000000000e+01 -2.300000000000000000e+01 -2.300000000000000000e+01 3.554573484906192515e+00 3.554573484906192071e+00 4.935435834456762372e+00 -1.150354324896560954e+01 -1.150354324896560954e+01 -1.150354324896560954e+01 1.083312598768695825e-07 1.083312598768696354e-07 3.090718309114479345e-15 5.829286203565698088e+01 1.088194759312763913e-14
-2.275000000000000000e+01 -2.275000000000000000e+01 -2.275000000000000000e+01 7.499898770270990944e+00 7.499898770270989168e+00 4.935436425781807301e+00 -1.137850473538989782e+01 -1.137850473538989782e+01 -1.137850473538989782e+01 4.255021245672029942e-08 4.255021245672053103e-08 2.964541060755805320e-15 5.841790054923269793e+01 1.095009451442895896e-14
-2.250000000000000000e+01 -2.250000000000000000e+01 -2.250000000000000000e+01 6.629234649116975575e+00 6.629234649116974687e+00 4.935441100411503079e+00 -1.125346622181418432e+01 -1.125346622181418432e+01 -1.125346622181418432e+01 2.086875360163729219e-08 2.086875360163752049e-08 2.645874348998601177e-15 5.854293906280840787e+01 1.177949936437524181e-14
-2.225000000000000000e+01 -2.225000000000000000e+01 -2.225000000000000000e+01 7.186144364844740728e+00 7.186144364844740728e+00 4.935443718842428495e+00 -1.112842770823847083e+01 -1.112842770823847083e+01 -1.112842770823847083e+01 4.272901694013852771e-08 4.272901694013882549e-08 2.514991696498150950e-15 5.866797757638412492e+01 1.184657544798215784e-14
-2.200000000000000000e+01 -2.200000000000000000e+01 -2.200000000000000000e+01 4.364524274370733536e+00 4.364524274370733536e+00 4.935446937529863298e+00 -1.100338919466275733e+01 -1.100338919466275733e+01 -1.100338919466275733e+01 1.087155700005077639e-07 1.087155700005080419e-07 2.197890032374102433e-15 5.879301608995983486e+01 1.272557866208429578e-14
-2.175000000000000000e+01 -2.175000000000000000e+01 -2.175000000000000000e+01 1.136444456653892487e+00 1.136444456653893376e+00 4.935452327748086176e+00 -1.087835068108704384e+01 -1.087835068108704384e+01 -1.087835068108704384e+01 1.948504154709327405e-07 1.948504154709324228e-07 2.070001206712174367e-15 5.891805460353555191e+01 1.280011018134676425e-14
-2.150000000000000000e+01 -2.150000000000000000e+01 -2.150000000000000000e+01 2.907300994036618569e+00 2.907300994036619457e+00 4.935454545945011873e+00 -1.075331216751133212e+01 -1.075331216751133212e+01 -1.075331216751133212e+01 2.368380480078076404e-07 2.368380480078070580e-07 1.765359856859071795e-15 5.904309311711126185e+01 1.374231324516460456e-14
-2.125000000000000000e+01 -2.125000000000000000e+01 -2.125000000000000000e+01 2.614101811010625553e+00 2.614101811010625553e+00 4.935461245280555076e+00 -1.062827365393561863e+01 -1.062827365393561863e+01 -1.062827365393561863e+01 1.949557081013818649e-07 1.949557081013814943e-07 1.638256648529000551e-15 5.916813163068697179e+01 1.383055673715537729e-14
-2.100000000000000000e+01 -2.100000000000000000e+01 -2.100000000000000000e+01 6.841357702544781816e+00 6.841357702544780928e+00 4.935464523823553051e+00 -1.050323514035990513e+01 -1.050323514035990513e+01 -1.050323514035990513e+01 1.088912052361343574e-07 1.088912052361342250e-07 1.371463507833342212e-15 5.929317014426268884e+01 1.484928511697364285e-14
-2.075000000000000000e+01 -2.075000000000000000e+01 -2.075000000000000000e+01 5.650550972266369598e+00 5.650550972266363381e+00 4.935470477264507494e+00 -1.037819662678419164e+01 -1.037819662678419164e+01 -1.037819662678419164e+01 4.165038556842338222e-08 4.165038556842360722e-08 1.414436864887177051e-15 5.941820865783840588e+01 1.496721432756138768e-14
-2.050000000000000000e+01 -2.050000000000000000e+01 -2.050000000000000000e+01 4.502327034735050582e+00 4.502327034735049693e+00 4.935476383346456331e+00 -1.025315811320847814e+01 -1.025315811320847814e+01 -1.025315811320847814e+01 1.144872054897846163e-08 1.144872054897886695e-08 1.747993780432114082e-15 5.954324717141411583e+01 1.605708139569514969e-14
-2.025000000000000000e+01 -2.025000000000000000e+01 -2.025000000000000000e+01 4.053514300885307620e+00 4.053514300885308508e+00 4.935480923781253360e+00 -1.012811959963276642e+01 -1.012811959963276642e+01 -1.012811959963276642e+01 2.915604970854962461e-09 2.915604970855166361e-09 1.945482677360903038e-15 5.966828568498982577e+01 1.619420498216192560e-14
-2.000000000000000000e+01 -2.000000000000000000e+01 -2.000000000000000000e+01 2.625810042195849903e+00 2.625810042195849903e+00 4.935489113078026513e+00 -1.000308108605705115e+01 -1.000308108605705115e+01 -1.000308108605705115e+01 1.265596375316986504e-09 1.265596375317230729e-09 2.307930618011678357e-15 5.979332419856554282e+01 1.735633792753852945e-14
-1.975000000000000000e+01 -1.975000000000000000e+01 -1.975000000000000000e+01 6.807619012799694502e+00 6.807619012799694502e+00 4.935493573869559114e+00 -9.878042572481339434e+00 -9.878042572481339434e+00 -9.878042572481339434e+00 8.607107332733958032e-10 8.607107332735515200e-10 2.487123411291994271e-15 5.991836271214125276e+01 1.751206617240532022e-14
-1.950000000000000000e+01 -1.950000000000000000e+01 -1.950000000000000000e+01 6.289095196218174699e+00 6.289095196218173811e+00 4.935502085581923382e+00 -9.753004058905625939e+00 -9.753004058905625939e+00 -9.753004058905625939e+00 5.661042393185175397e-10 5.661042393189472601e-10 2.868744629268748526e-15 6.004340122571696980e+01 1.876466732991905436e-14
-1.925000000000000000e+01 -1.925000000000000000e+01 -1.925000000000000000e+01 7.883706003631878012e+00 7.883706003631877124e+00 4.935508614219254575e+00 -9.627965545329912445e+00 -9.627965545329912445e+00 -9.627965545329912445e+00 3.299757399406657955e-10 3.299757399406544218e-10 3.046131338699185144e-15 6.016843973929267975e+01 1.895591550545498795e-14
-1.900000000000000000e+01 -1.900000000000000000e+01 -1.900000000000000000e+01 6.323612878449866415e+00 6.323612878449869967e+00 4.935515754610373840e+00 -9.502927031754200726e+00 -9.502927031754200726e+00 -9.502927031754200726e+00 1.761685144411760616e-10 1.761685144414887876e-10 3.448442752782944271e-15 6.029347825286839679e+01 2.031044647741512287e-14
-1.875000000000000000e+01 -1.875000000000000000e+01 -1.875000000000000000e+01 4.385890156005297413e+00 4.385890156005295637e+00 4.935525165687571381e+00 -9.377888518178485455e+00 -9.377888518178485455e+00 -9.377888518178485455e+00 9.717446979384111115e-11 9.717446979403529180e-11 3.631572357057162608e-15 6.041851676644410674e+01 2.054336166642231610e-14
-1.850000000000000000e+01 -1.850000000000000000e+01 -1.850000000000000000e+01 5.720067983159578873e+00 5.720067983159578873e+00 4.935531312503307788e+00 -9.252850004602773737e+00 -9.252850004602773737e+00 -9.252850004602773737e+00 8.092036484576775534e-11 8.092036484573857138e-11 4.044249004149392167e-15 6.054355528001981668e+01 2.200696441251440711e-14
-1.825000000000000000e+01 -1.825000000000000000e+01 -1.825000000000000000e+01 3.385449756778941666e+00 3.385449756778941222e+00 4.935542196660942516e+00 -9.127811491027060242e+00 -9.127811491027060242e+00 -9.127811491027060242e+00 1.120229472129394698e-10 1.120229472129384746e-10 4.217517930537161744e-15 6.066859379359553373e+01 2.227086849096278502e-14
-1.800000000000000000e+01 -1.800000000000000000e+01 -1.800000000000000000e+01 5.335336788965688193e+00 5.335336788965689081e+00 4.935549481516559034e+00 -9.002772977451346748e+00 -9.002772977451346748e+00 -9.002772977451346748e+00 1.729813075894047974e-10 1.729813075893539516e-10 4.651015426954923173e-15 6.079363230717125077e+01 2.386881418796962099e-14
-1.775000000000000000e+01 -1.775000000000000000e+01 -1.775000000000000000e+01 3.125276890656247808e+00 3.125276890656246920e+00 4.935559639933718934e+00 -8.877734463875635029e+00 -8.877734463875635029e+00 -8.877734463875635029e+00 2.767131218109246059e-10 2.767131218108937417e-10 4.814442306013191422e-15 6.091867082074696071e+01 2.417235957206512019e-14
-1.750000000000000000e+01 -1.750000000000000000e+01 -1.750000000000000000e+01 3.499981956194500032e+00 3.499981956194500032e+00 4.935569817529469994e+00 -8.752695950299919758e+00 -8.752695950299919758e+00 -8.752695950299919758e+00 5.244742503657090182e-10 5.244742503654077177e-10 5.276084361295728826e-15 6.104370933432267066e+01 2.592709216988598536e-14
-1.725000000000000000e+01 -1.725000000000000000e+01 -1.725000000000000000e+01 4.804889636303063760e+00 4.804889636303062872e+00 4.935578507061054943e+00 -8.627657436724208040e+00 -8.627657436724208040e+00 -8.627657436724208040e+00 1.057683811239454074e-09 1.057683811239519835e-09 5.442226213623572590e-15 6.116874784789838770e+01 2.629097561158290019e-14
-1.700000000000000000e+01 -1.700000000000000000e+01 -1.700000000000000000e+01 3.871569641653686666e+00 3.871569641653685334e+00 4.935591182050651504e+00 -8.502618923148494545e+00 -8.502618923148494545e+00 -8.502618923148494545e+00 1.756586260459412098e-09 1.756586260459634402e-09 5.937929483002533118e-15 6.129378636147409765e+01 2.822900248160160509e-14
-1.675000000000000000e+01 -1.675000000000000000e+01 -1.675000000000000000e+01 6.152278551774506887e+00 6.152278551774502446e+00 4.935599944878482859e+00 -8.377580409572781051e+00 -8.377580409572781051e+00 -8.377580409572781051e+00 2.108308219333369006e-09 2.108308219333419464e-09 6.121935898777909492e-15 6.141882487504981469e+01 2.867828780357118242e-14
-1.650000000000000000e+01 -1.650000000000000000e+01 -1.650000000000000000e+01 3.048930467993564708e+00 3.048930467993563376e+00 4.935612947183371624e+00 -8.252541895997069332e+00 -8.252541895997069332e+00 -8.252541895997069332e+00 1.766837122585817532e-09 1.766837122586380015e-09 6.630035581787944523e-15 6.154386338862552464e+01 3.080293939714851993e-14
-1.625000000000000000e+01 -1.625000000000000000e+01 -1.625000000000000000e+01 4.274284392976005265e+00 4.274284392976003488e+00 4.935624082288550873e+00 -8.127503382421354061e+00 -8.127503382421354061e+00 -8.127503382421354061e+00 1.053188403562457690e-09 1.053188403562560881e-09 6.809831356325633629e-15 6.166890190220124168e+01 3.132969841397147265e-14
-1.600000000000000000e+01 -1.600000000000000000e+01 -1.600000000000000000e+01 4.617853992486949721e+00 4.617853992486954162e+00 4.935635743653662644e+00 -8.002464868845642343e+00 -8.002464868845642343e+00 -8.002464868845642343e+00 5.079348238306842617e-10 5.079348238311765376e-10 7.333050826543184848e-15 6.179394041577695162e+01 3.367272837248237752e-14
-1.575000000000000000e+01 -1.575000000000000000e+01 -1.575000000000000000e+01 6.236946349402832546e+00 6.236946349402828105e+00 4.935649955634064945e+00 -7.877426355269929736e+00 -7.877426355269929736e+00 -7.877426355269929736e+00 2.979268136757218400e-10 2.979268136758264784e-10 7.507590768364401872e-15 6.191897892935266157e+01 3.429363149548479132e-14
-1.550000000000000000e+01 -1.550000000000000000e+01 -1.550000000000000000e+01 9.268334079599394926e+00 9.268334079599387820e+00 4.935660832133091702e+00 -7.752387841694215354e+00 -7.752387841694215354e+00 -7.752387841694215354e+00 2.844543672435001341e-10 2.844543672435263454e-10 8.086947401451862867e-15 6.204401744292837861e+01 3.693153082708347144e-14
-1.525000000000000000e+01 -1.525000000000000000e+01 -1.525000000000000000e+01 6.311672821834171110e+00 6.311672821834171110e+00 4.935676610760585170e+00 -7.627349328118502747e+00 -7.627349328118502747e+00 -7.627349328118502747e+00 3.281353694810006400e-10 3.281353694809124936e-10 8.266828790189985011e-15 6.216905595650408856e+01 3.767775174127895279e-14
-1.500000000000000000e+01 -1.500000000000000000e+01 -1.500000000000000000e+01 6.222445001048305890e+00 6.222445001048310331e+00 4.935688910227291615e+00 -7.502310814542789252e+00 -7.502310814542789252e+00 -7.502310814542789252e+00 3.744685124131252960e-10 3.744685124128457089e-10 8.895457452428627470e-15 6.229409447007980560e+01 4.064993283998954456e-14
-1.475000000000000000e+01 -1.475000000000000000e+01 -1.475000000000000000e+01 2.412363318247756183e+00 2.412363318247757071e+00 4.935704053690795234e+00 -7.377272300967076646e+00 -7.377272300967076646e+00 -7.377272300967076646e+00 4.073282837949644622e-10 4.073282837949735612e-10 9.087742102556095551e-15 6.241913298365551555e+01 4.155498693804159143e-14
-1.450000000000000000e+01 -1.450000000000000000e+01 -1.450000000000000000e+01 3.286299478927238837e+00 3.286299478927239281e+00 4.935719583927363097e+00 -7.252233787391364039e+00 -7.252233787391364039e+00 -7.252233787391364039e+00 4.277822805054268119e-10 4.277822805052157774e-10 9.751230305479101689e-15 6.254417149723123259e+01 4.490517365132952494e-14
-1.425000000000000000e+01 -1.425000000000000000e+01 -1.425000000000000000e+01 5.486037710820278690e+00 5.486037710820274249e+00 4.935733329418777515e+00 -7.127195273815649657e+00 -7.127195273815649657e+00 -7.127195273815649657e+00 4.377058852981597876e-10 4.377058852982672694e-10 9.952071833331243327e-15 6.266921001080694253e+01 4.600305340972112556e-14
-1.400000000000000000e+01 -1.400000000000000000e+01 -1.400000000000000000e+01 5.318834578809019220e+00 5.318834578809023661e+00 4.935751723834947313e+00 -7.002156760239937050e+00 -7.002156760239937050e+00 -7.002156760239937050e+00 4.186657943064031072e-10 4.186657943061089928e-10 1.065652915333894902e-14 6.279424852438265958e+01 4.980889775271274993e-14
-1.375000000000000000e+01 -1.375000000000000000e+01 -1.375000000000000000e+01 6.826412986995451959e+00 6.826412986995448406e+00 4.935765755415636669e+00 -6.877118246664223555e+00 -6.877118246664223555e+00 -6.877118246664223555e+00 3.704403758969476418e-10 3.704403758971784252e-10 1.087148234201148179e-14 6.291928703795836952e+01 5.115615655613677539e-14
-1.350000000000000000e+01 -1.350000000000000000e+01 -1.350000000000000000e+01 2.360185996934114350e+00 2.360185996934114794e+00 4.935784580535373500e+00 -6.752079733088510949e+00 -6.752079733088510949e+00 -6.752079733088510949e+00 3.238676562980143881e-10 3.238676562983322322e-10 1.163398282616817999e-14 6.304432555153408657e+01 5.552890233081874126e-14
-1.325000000000000000e+01 -1.325000000000000000e+01 -1.325000000000000000e+01 2.595258955774781384e+00 2.595258955774781828e+00 4.935801663857368737e+00 -6.627041219512798342e+00 -6.627041219512798342e+00 -6.627041219512798342e+00 2.911500126308054581e-10 2.911500126306281829e-10 1.187478018499103146e-14 6.316936406510979651e+01 5.720376643257884675e-14
-1.300000000000000000e+01 -1.300000000000000000e+01 -1.300000000000000000e+01 2.295491151622694570e+00 2.295491151622695902e+00 4.935818841021735182e+00 -6.502002705937083959e+00 -6.502002705937083959e+00 -6.502002705937083959e+00 2.615354346748413408e-10 2.615354346755573173e-10 1.268531200607279863e-14 6.329440257868550646e+01 6.225654619836005420e-14
-1.275000000000000000e+01 -1.275000000000000000e+01 -1.275000000000000000e+01 4.157533883524012097e+00 4.157533883524011209e+00 4.935839945188933875e+00 -6.376964192361371353e+00 -6.376964192361371353e+00 -6.376964192361371353e+00 2.388943333513399783e-10 2.388943333512511598e-10 1.294850517886789815e-14 6.341944109226122350e+01 6.434403121648013756e-14
-1.250000000000000000e+01 -1.250000000000000000e+01 -1.250000000000000000e+01 7.453200942835487730e+00 7.453200942835483289e+00 4.935856240946748130e+00 -6.251925678785657858e+00 -6.251925678785657858e+00 -6.251925678785657858e+00 2.381114712453434709e-10 2.381114712457254215e-10 1.380847252958319791e-14 6.354447960583693344e+01 7.024448749400905160e-14
-1.225000000000000000e+01 -1.225000000000000000e+01 -1.225000000000000000e+01 5.631727424621353784e+00 5.631727424621351119e+00 4.935879261021830722e+00 -6.126887165209944364e+00 -6.126887165209944364e+00 -6.126887165209944364e+00 3.218148877341925176e-10 3.218148877342204349e-10 1.410914521956251843e-14 6.366951811941265049e+01 7.289952485500240608e-14
-1.200000000000000000e+01 -1.200000000000000000e+01 -1.200000000000000000e+01 7.105868704063038166e+00 7.105868704063039942e+00 4.935897860087858469e+00 -6.001848651634231757e+00 -6.001848651634231757e+00 -6.001848651634231757e+00 8.067123237558318665e-10 8.067123237556795619e-10 1.504208577563367206e-14 6.379455663298836043e+01 7.992155390777694704e-14
-1.175000000000000000e+01 -1.175000000000000000e+01 -1.175000000000000000e+01 4.527215065478142009e+00 4.527215065478142009e+00 4.935919737071370328e+00 -5.876810138058518262e+00 -5.876810138058518262e+00 -5.876810138058518262e+00 3.080554929558422365e-09 3.080554929558059233e-09 1.536515188689286195e-14 6.391959514656407748e+01 8.337302000158783307e-14
-1.150000000000000000e+01 -1.150000000000000000e+01 -1.150000000000000000e+01 5.612187901823001646e+00 5.612187901823005198e+00 4.935942985621073475e+00 -5.751771624482804768e+00 -5.751771624482804768e+00 -5.751771624482804768e+00 1.256248199799814521e-08 1.256248199799707318e-08 1.639079865410278024e-14 6.404463366013979453e+01 9.207416639687419239e-14
-1.125000000000000000e+01 -1.125000000000000000e+01 -1.125000000000000000e+01 6.320405450557361249e+00 6.320405450557358584e+00 4.935963169289587782e+00 -5.626733110907092161e+00 -5.626733110907092161e+00 -5.626733110907092161e+00 4.330727441197083877e-08 4.330727441197075937e-08 1.672905477198393141e-14 6.416967217371549737e+01 9.702587952053295568e-14
-1.100000000000000000e+01 -1.100000000000000000e+01 -1.100000000000000000e+01 4.878237819637068817e+00 4.878237819637069705e+00 4.935989969537296851e+00 -5.501694597331378667e+00 -5.501694597331378667e+00 -5.501694597331378667e+00 1.101959580346694517e-07 1.101959580346691076e-07 1.786437271366043049e-14 6.429471068729121441e+01 1.087822266470313456e-13
-1.075000000000000000e+01 -1.075000000000000000e+01 -1.075000000000000000e+01 6.341332561839585935e+00 6.341332561839586823e+00 4.936011324071691853e+00 -5.376656083755666060e+00 -5.376656083755666060e+00 -5.376656083755666060e+00 1.953643572180960281e-07 1.953643572180962134e-07 1.824016235791144552e-14 6.441974920086693146e+01 1.172268927911737701e-13
-1.050000000000000000e+01 -1.050000000000000000e+01 -1.050000000000000000e+01 3.465752636349140658e+00 3.465752636349142879e+00 4.936038288876771318e+00 -5.251617570179952565e+00 -5.251617570179952565e+00 -5.251617570179952565e+00 2.365324738193495666e-07 2.365324738193492754e-07 1.947843521508612893e-14 6.454478771444263430e+01 1.406481868860263518e-13
-1.025000000000000000e+01 -1.025000000000000000e+01 -1.025000000000000000e+01 5.401347297321436258e+00 5.401347297321437146e+00 4.936064191381284161e+00 -5.126579056604239071e+00 -5.126579056604239071e+00 -5.126579056604239071e+00 1.943319305205710243e-07 1.943319305205706008e-07 1.990361121984440722e-14 6.466982622801835134e+01 1.956647188414594166e-13
-1.000000000000000000e+01 -1.000000000000000000e+01 -1.000000000000000000e+01 4.436330450257076841e+00 4.436330450257075064e+00 4.936089415523420065e+00 -5.001540543028525576e+00 -5.001540543028525576e+00 -5.001540543028525576e+00 1.081665408056920921e-07 1.081665408056920921e-07 2.124719410883500359e-14 6.479486474159406839e+01 4.036416764336040087e-13
-9.750000000000000000e+00 -9.750000000000000000e+00 -9.750000000000000000e+00 3.725719103945366761e+00 3.725719103945368538e+00 4.936120300676984485e+00 -4.876502029452812970e+00 -4.876502029452812970e+00 -4.876502029452812970e+00 4.084569719857297782e-08 4.084569719857311678e-08 2.174062070446195754e-14 6.491990325516978544e+01 1.059425809727887613e-12
-9.500000000000000000e+00 -9.500000000000000000e+00 -9.500000000000000000e+00 3.864760753650275937e+00 3.864760753650275049e+00 4.936145477163275785e+00 -4.751463515877100363e+00 -4.751463515877100363e+00 -4.751463515877100363e+00 1.060482972248323556e-08 1.060482972248376661e-08 2.321386665306056504e-14 6.504494176874548828e+01 2.839714868316908756e-12
-9.250000000000000000e+00 -9.250000000000000000e+00 -9.250000000000000000e+00 1.291404919350199965e+00 1.291404919350200631e+00 4.936178624023393802e+00 -4.626425002301386868e+00 -4.626425002301386868e+00 -4.626425002301386868e+00 2.105915740937570501e-09 2.105915740937517562e-09 2.376985153135847765e-14 6.516998028232120532e+01 6.481535067335614904e-12
-9.000000000000000000e+00 -9.000000000000000000e+00 -9.000000000000000000e+00 4.816620734398060932e+00 4.816620734398061821e+00 4.936207441586281774e+00 -4.501386488725673374e+00 -4.501386488725673374e+00 -4.501386488725673374e+00 5.880047887929240487e-10 5.880047887930657033e-10 2.540272847582771979e-14 6.529501879589692237e+01 1.181194648643888758e-11
-8.750000000000000000e+00 -8.750000000000000000e+00 -8.750000000000000000e+00 4.991228171854648288e+00 4.991228171854642071e+00 4.936239850428907339e+00 -4.376347975149959879e+00 -4.376347975149959879e+00 -4.376347975149959879e+00 4.323591913649899800e-10 4.323591913649908589e-10 2.602941102021965919e-14 6.542005730947263942e+01 1.736309687732598060e-11
-8.500000000000000000e+00 -8.500000000000000000e+00 -8.500000000000000000e+00 7.668457395917201325e+00 7.668457395917203101e+00 4.936274655192598892e+00 -4.251309461574247273e+00 -4.251309461574247273e+00 -4.251309461574247273e+00 4.324832994774062697e-10 4.324832994775693277e-10 2.786806942313964052e-14 6.554509582304834225e+01 2.260059741053742208e-11
-8.250000000000000000e+00 -8.250000000000000000e+00 -8.250000000000000000e+00 7.175174425816168267e+00 7.175174425816170931e+00 4.936306096653828135e+00 -4.126270947998534666e+00 -4.126270947998534666e+00 -4.126270947998534666e+00 4.304196944241535476e-10 4.304196944241662138e-10 2.857544413229094160e-14 6.567013433662405930e+01 2.941036596210889474e-11
-8.000000000000000000e+00 -8.000000000000000000e+00 -8.000000000000000000e+00 4.128553123365922062e+00 4.128553123365923838e+00 4.936345800762985903e+00 -4.001232434422821171e+00 -4.001232434422821171e+00 -4.001232434422821171e+00 4.001645623786359035e-10 4.001645623782295511e-10 3.063030140741896595e-14 6.579517285019977635e+01 4.077785074553807993e-11
-7.750000000000000000e+00 -7.750000000000000000e+00 -7.750000000000000000e+00 4.965911499045100541e+00 4.965911499045101429e+00 4.936379527669752854e+00 -3.876193920847107677e+00 -3.876193920847107677e+00 -3.876193920847107677e+00 3.449276091635990845e-10 3.449276091635878659e-10 3.144240942009188787e-14 6.592021136377547919e+01 6.325864668110800318e-11
-7.500000000000000000e+00 -7.500000000000000000e+00 -7.500000000000000000e+00 3.459629283679041212e+00 3.459629283679040324e+00 4.936420546020620748e+00 -3.751155407271394626e+00 -3.751155407271394626e+00 -3.751155407271394626e+00 3.065125775060185806e-10 3.065125775055242368e-10 3.376014202697232738e-14 6.604524987735119623e+01 1.281404073335738609e-10
-7.250000000000000000e+00 -7.250000000000000000e+00 -7.250000000000000000e+00 7.614730520315052154e+00 7.614730520315046824e+00 4.936460833657900338e+00 -3.626116893695682020e+00 -3.626116893695682020e+00 -3.626116893695682020e+00 3.084661880160230753e-10 3.084661880160071521e-10 3.472130169783827349e-14 6.617028839092691328e+01 3.372751105805947942e-10
-7.000000000000000000e+00 -7.000000000000000000e+00 -7.000000000000000000e+00 7.405469549583791888e+00 7.405469549583789224e+00 4.936500673861068833e+00 -3.501078380119968525e+00 -3.501078380119968525e+00 -3.501078380119968525e+00 3.071344044727156638e-10 3.071344044723214605e-10 3.734763207740911280e-14 6.629532690450263033e+01 8.689222634803601223e-10
-6.750000000000000000e+00 -6.750000000000000000e+00 -6.750000000000000000e+00 6.262646244537061868e+00 6.262646244537060092e+00 4.936548935478778155e+00 -3.376039866544255474e+00 -3.376039866544255474e+00 -3.376039866544255474e+00 2.618511293164938344e-10 2.618511293165256292e-10 3.848481835323669861e-14 6.642036541807833316e+01 1.779906482566111691e-09
-6.500000000000000000e+00 -6.500000000000000000e+00 -6.500000000000000000e+00 4.551743435841618890e+00 4.551743435841619778e+00 4.936589502174229871e+00 -3.251001352968541980e+00 -3.251001352968541980e+00 -3.251001352968541980e+00 2.058132215848239078e-10 2.058132215852172063e-10 4.147513301469676519e-14 6.654540393165405021e+01 2.691144689994866807e-09
-6.250000000000000000e+00 -6.250000000000000000e+00 -6.250000000000000000e+00 7.208485816344629704e-01 7.208485816344626373e-01 4.936642576743177635e+00 -3.125962839392828929e+00 -3.125962839392828929e+00 -3.125962839392828929e+00 2.314689960671164965e-10 2.314689960671459131e-10 4.282581219987334248e-14 6.667044244522976726e+01 2.993501074982503045e-09
-6.000000000000000000e+00 -6.000000000000000000e+00 -6.000000000000000000e+00 3.440659586720692609e+00 3.440659586720693053e+00 4.936689692019029962e+00 -3.000924325817115879e+00 -3.000924325817115879e+00 -3.000924325817115879e+00 5.481743849523455791e-10 5.481743849526019017e-10 4.625412146444374620e-14 6.679548095880548431e+01 2.791234946733014615e-09
-5.750000000000000000e+00 -5.750000000000000000e+00 -5.750000000000000000e+00 3.179677767780574538e+00 3.179677767780575870e+00 4.936742905566473105e+00 -2.875885812241402384e+00 -2.875885812241402384e+00 -2.875885812241402384e+00 2.322480378893870163e-09 2.322480378893916072e-09 4.786346650484771568e-14 6.692051947238118714e+01 4.149938042834998800e-09
-5.500000000000000000e+00 -5.500000000000000000e+00 -5.500000000000000000e+00 5.981625681310511311e+00 5.981625681310506870e+00 4.936801222076526052e+00 -2.750847298665689333e+00 -2.750847298665689333e+00 -2.750847298665689333e+00 1.103768447706700944e-08 1.103768447706746108e-08 5.182913102956066005e-14 6.704555798595690419e+01 1.723926344942735790e-08
-5.250000000000000000e+00 -5.250000000000000000e+00 -5.250000000000000000e+00 5.655573584239497187e+00 5.655573584239499851e+00 4.936854450421345852e+00 -2.625808785089976283e+00 -2.625808785089976283e+00 -2.625808785089976283e+00 4.137748301884451006e-08 4.137748301884445712e-08 5.378454141703074515e-14 6.717059649953262124e+01 8.645496026876585975e-08
-5.000000000000000000e+00 -5.000000000000000000e+00 -5.000000000000000000e+00 3.709601843518809616e+00 3.709601843518812281e+00 4.936922499997974612e+00 -2.500770271514262788e+00 -2.500770271514262788e+00 -2.500770271514262788e+00 1.087611896746647345e-07 1.087611896746649595e-07 5.843489021555866576e-14 6.729563501310832407e+01 3.290200099764932482e-07
-4.750000000000000000e+00 -4.750000000000000000e+00 -4.750000000000000000e+00 5.148882097515719458e+00 5.148882097515723011e+00 4.936982394921160200e+00 -2.375731757938550182e+00 -2.375731757938550182e+00 -2.375731757938550182e+00 1.949791529989327526e-07 1.949791529989326732e-07 6.084553991777687230e-14 6.742067352668404112e+01 8.673326141616141819e-07
-4.500000000000000000e+00 -4.500000000000000000e+00 -4.500000000000000000e+00 3.588090765711280827e+00 3.588090765711283048e+00 4.937054460739652484e+00 -2.250693244362836687e+00 -2.250693244362836687e+00 -2.250693244362836687e+00 2.369579460639266214e-07 2.369579460639264891e-07 6.634610727102185069e-14 6.754571204025975817e+01 1.555363587030384674e-06
-4.250000000000000000e+00 -4.250000000000000000e+00 -4.250000000000000000e+00 6.882721378011488866e+00 6.882721378011487978e+00 4.937129261152260362e+00 -2.125654730787123636e+00 -2.125654730787123636e+00 -2.125654730787123636e+00 1.950087856344300436e-07 1.950087856344302024e-07 6.933960001689076831e-14 6.767075055383547522e+01 1.889854631682514124e-06
-4.000000000000000000e+00 -4.000000000000000000e+00 -4.000000000000000000e+00 6.032394313647361450e+00 6.032394313647352568e+00 4.937202780110959033e+00 -2.000616217211410586e+00 -2.000616217211410586e+00 -2.000616217211410586e+00 1.087857756974668968e-07 1.087857756974663542e-07 7.595433180352886222e-14 6.779578906741117805e+01 1.554809168963647715e-06
-3.750000000000000000e+00 -3.750000000000000000e+00 -3.750000000000000000e+00 6.158523005529112915e+00 6.158523005529112915e+00 4.937295499670601551e+00 -1.875577703635697313e+00 -1.875577703635697313e+00 -1.875577703635697313e+00 4.138245671688294613e-08 4.138245671688257556e-08 7.973403950938720487e-14 6.792082758098689510e+01 8.672760634279787823e-07
-3.500000000000000000e+00 -3.500000000000000000e+00 -3.500000000000000000e+00 6.658330627969005988e+00 6.658330627969006876e+00 4.937376365991454463e+00 -1.750539190059984263e+00 -1.750539190059984263e+00 -1.750539190059984263e+00 1.103495541488743939e-08 1.103495541488684713e-08 8.785145382970709695e-14 6.804586609456261215e+01 3.310594158779913629e-07
-3.250000000000000000e+00 -3.250000000000000000e+00 -3.250000000000000000e+00 4.776334193936670580e+00 4.776334193936669692e+00 4.937483240814031227e+00 -1.625500676484270990e+00 -1.625500676484270990e+00 -1.625500676484270990e+00 2.320634295830047499e-09 2.320634295830023511e-09 9.276757075180927051e-14 6.817090460813832919e+01 9.151849569101766576e-08
-3.000000000000000000e+00 -3.000000000000000000e+00 -3.000000000000000000e+00 6.926129309757275365e+00 6.926129309757278918e+00 4.937584668684876554e+00 -1.500462162908557939e+00 -1.500462162908557939e+00 -1.500462162908557939e+00 5.437255191562952573e-10 5.437255191567142242e-10 1.029859366286518362e-13 6.829594312171403203e+01 2.414443145671428498e-08
-2.750000000000000000e+00 -2.750000000000000000e+00 -2.750000000000000000e+00 3.815071672418638649e+00 3.815071672418636872e+00 4.937701072261408974e+00 -1.375423649332844667e+00 -1.375423649332844667e+00 -1.375423649332844667e+00 2.127845755914725490e-10 2.127845755914704810e-10 1.096492109874249783e-13 6.842098163528974908e+01 1.004256545397653740e-08
-2.500000000000000000e+00 -2.500000000000000000e+00 -2.500000000000000000e+00 3.885946375129210928e+00 3.885946375129210928e+00 4.937836553099088199e+00 -1.250385135757131394e+00 -1.250385135757131394e+00 -1.250385135757131394e+00 1.728323246089078986e-10 1.728323246095053556e-10 1.229670708168791140e-13 6.854602014886546613e+01 5.774327530838166205e-09
-2.250000000000000000e+00 -2.250000000000000000e+00 -2.250000000000000000e+00 2.697236512913723239e+00 2.697236512913723683e+00 4.937967733048669317e+00 -1.125346622181418343e+00 -1.125346622181418343e+00 -1.125346622181418343e+00 2.786290107440700885e-10 2.786290107440715360e-10 1.325348073539651354e-13 6.867105866244116896e+01 3.591738258825254172e-09
-2.000000000000000000e+00 -2.000000000000000000e+00 -2.000000000000000000e+00 2.615922994376661315e+00 2.615922994376659538e+00 4.938144883190306977e+00 -1.000308108605705293e+00 -1.000308108605705293e+00 -1.000308108605705293e+00 5.152282025957945399e-10 5.152282025960638905e-10 1.515288695228855402e-13 6.879609717601688601e+01 2.635367952077521119e-09
-1.750000000000000000e+00 -1.750000000000000000e+00 -1.750000000000000000e+00 6.058699665995351147e+00 6.058699665995352923e+00 4.938315390388716253e+00 -8.752695950299921313e-01 -8.752695950299921313e-01 -8.752695950299921313e-01 7.923561428866902609e-10 7.923561428866719595e-10 1.828697263655586419e-13 6.892113568959260306e+01 2.299191677254801204e-09
-1.500000000000000000e+00 -1.500000000000000000e+00 -1.500000000000000000e+00 4.719316987825815879e+00 4.719316987825817655e+00 4.938538102318732470e+00 -7.502310814542789696e-01 -7.502310814542789696e-01 -7.502310814542789696e-01 9.377177878319263442e-10 9.377177878322179253e-10 5.086031130132556273e-13 6.904617420316832010e+01 2.244936736149192862e-09
-1.250000000000000000e+00 -1.250000000000000000e+00 -1.250000000000000000e+00 6.197650754173913867e+00 6.197650754173915644e+00 4.938804000321719734e+00 -6.251925678785656970e-01 -6.251925678785656970e-01 -6.251925678785656970e-01 8.770739750085456828e-10 8.770739750085513697e-10 4.232548562934185157e-12 6.917121271674402294e+01 2.477098117139564730e-09
-1.000000000000000000e+00 -1.000000000000000000e+00 -1.000000000000000000e+00 2.979060508790397410e+00 2.979060508790397410e+00 4.939089849326216530e+00 -5.001540543028526464e-01 -5.001540543028526464e-01 -5.001540543028526464e-01 7.108159935924814403e-10 7.108159935924013072e-10 3.507828053895958902e-11 6.929625123031973999e+01 3.225587102385455845e-09
-7.500000000000000000e-01 -7.500000000000000000e-01 -7.500000000000000000e-01 3.046292313986597389e+00 3.046292313986598721e+00 4.939578474351438153e+00 -3.751155407271394848e-01 -3.751155407271394848e-01 -3.751155407271394848e-01 5.481413284740138573e-10 5.481413284740769298e-10 2.061407849038372093e-10 6.942128974389545704e+01 4.600354134963337345e-09
-5.000000000000000000e-01 -5.000000000000000000e-01 -5.000000000000000000e-01 5.367737303669322557e+00 5.367737303669322557e+00 4.940054434337772804e+00 -2.500770271514263232e-01 -2.500770271514263232e-01 -2.500770271514263232e-01 4.004934661932230342e-10 4.004934661930312834e-10 8.320424726769480524e-10 6.954632825747117408e+01 5.947443697144940858e-09
-2.500000000000000000e-01 -2.500000000000000000e-01 -2.500000000000000000e-01 6.302514263412107631e+00 6.302514263412109408e+00 4.941362466730500280e+00 -1.250385135757131616e-01 -1.250385135757131616e-01 -1.250385135757131616e-01 2.757225744165072602e-10 2.757225744162608121e-10 2.308870471808933090e-09 6.967136677104687692e+01 6.021988114208775464e-09
0.000000000000000000e+00 0.000000000000000000e+00 0.000000000000000000e+00 9.955348329128044682e+00 9.955348329128050011e+00 4.943991794863523914e+00 0.000000000000000000e+00 0.000000000000000000e+00 0.000000000000000000e+00 2.239068936854998137e-10 2.239068936843391759e-10 4.441885563980330163e-09 6.979640528462259397e+01 4.441885563980330163e-09
2.500000000000000000e-01 2.500000000000000000e-01 2.500000000000000000e-01 6.302514263412104967e+00 6.302514263412104967e+00 4.941362466730502945e+00 1.250385135757131616e-01 1.250385135757131616e-01 1.250385135757131616e-01 2.757225744166890331e-10 2.757225744163461151e-10 6.021988114208775464e-09 6.992144379819831101e+01 2.308870471808933090e-09
5.000000000000000000e-01 5.000000000000000000e-01 5.000000000000000000e-01 5.367737303669322557e+00 5.367737303669324334e+00 4.940054434337780798e+00 2.500770271514263232e-01 2.500770271514263232e-01 2.500770271514263232e-01 4.004934661932816090e-10 4.004934661930012464e-10 5.947443697144940858e-09 7.004648231177401385e+01 8.320424726769480524e-10
7.500000000000000000e-01 7.500000000000000000e-01 7.500000000000000000e-01 3.046292313986597389e+00 3.046292313986598721e+00 4.939578474351437265e+00 3.751155407271394848e-01 3.751155407271394848e-01 3.751155407271394848e-01 5.481413284740134437e-10 5.481413284740783774e-10 4.600354134963337345e-09 7.017152082534973090e+01 2.061407849038372093e-10
1.000000000000000000e+00 1.000000000000000000e+00 1.000000000000000000e+00 2.979060508790395634e+00 2.979060508790396522e+00 4.939089849326215642e+00 5.001540543028526464e-01 5.001540543028526464e-01 5.001540543028526464e-01 7.108159935921773481e-10 7.108159935924929175e-10 3.225587102385455845e-09 7.029655933892544795e+01 3.507828053895958902e-11
1.250000000000000000e+00 1.250000000000000000e+00 1.250000000000000000e+00 6.197650754173909426e+00 6.197650754173913867e+00 4.938804000321717069e+00 6.251925678785656970e-01 6.251925678785656970e-01 6.251925678785656970e-01 8.770739750084939840e-10 8.770739750086442207e-10 2.477098117139564730e-09 7.042159785250116499e+01 4.232548562934185157e-12
1.500000000000000000e+00 1.500000000000000000e+00 1.500000000000000000e+00 4.719316987825815879e+00 4.719316987825817655e+00 4.938538102318732470e+00 7.502310814542789696e-01 7.502310814542789696e-01 7.502310814542789696e-01 9.377177878317927545e-10 9.377177878318696823e-10 2.244936736149192862e-09 7.054663636607686783e+01 5.086031130132556273e-13
1.750000000000000000e+00 1.750000000000000000e+00 1.750000000000000000e+00 6.058699665995353811e+00 6.058699665995352035e+00 4.938315390388720694e+00 8.752695950299921313e-01 8.752695950299921313e-01 8.752695950299921313e-01 7.923561428865543965e-10 7.923561428866474543e-10 2.299191677254801204e-09 7.067167487965258488e+01 1.828697263655586419e-13
2.000000000000000000e+00 2.000000000000000000e+00 2.000000000000000000e+00 2.615922994376660426e+00 2.615922994376659094e+00 4.938144883190304313e+00 1.000308108605705293e+00 1.000308108605705293e+00 1.000308108605705293e+00 5.152282025958661944e-10 5.152282025960606852e-10 2.635367952077521119e-09 7.079671339322830192e+01 1.515288695228855402e-13
2.250000000000000000e+00 2.250000000000000000e+00 2.250000000000000000e+00 2.697236512913723239e+00 2.697236512913723683e+00 4.937967733048670205e+00 1.125346622181418343e+00 1.125346622181418343e+00 1.125346622181418343e+00 2.786290107440682790e-10 2.786290107440695715e-10 3.591738258825254172e-09 7.092175190680401897e+01 1.325348073539651354e-13
2.500000000000000000e+00 2.500000000000000000e+00 2.500000000000000000e+00 3.885946375129214481e+00 3.885946375129215813e+00 4.937836553099084647e+00 1.250385135757131394e+00 1.250385135757131394e+00 1.250385135757131394e+00 1.728323246095105513e-10 1.728323246095661792e-10 5.774327530838166205e-09 7.104679042037972181e+01 1.229670708168791140e-13
2.750000000000000000e+00 2.750000000000000000e+00 2.750000000000000000e+00 3.815071672418643534e+00 3.815071672418642645e+00 4.937701072261405422e+00 1.375423649332844667e+00 1.375423649332844667e+00 1.375423649332844667e+00 2.127845755915047832e-10 2.127845755915135461e-10 1.004256545397653740e-08 7.117182893395543886e+01 1.096492109874249783e-13
3.000000000000000000e+00 3.000000000000000000e+00 3.000000000000000000e+00 6.926129309757275365e+00 6.926129309757278918e+00 4.937584668684876554e+00 1.500462162908557939e+00 1.500462162908557939e+00 1.500462162908557939e+00 5.437255191570078734e-10 5.437255191568073855e-10 2.414443145671428498e-08 7.129686744753115590e+01 1.029859366286518362e-13
3.250000000000000000e+00 3.250000000000000000e+00 3.250000000000000000e+00 4.776334193936671468e+00 4.776334193936672357e+00 4.937483240814033891e+00 1.625500676484270990e+00 1.625500676484270990e+00 1.625500676484270990e+00 2.320634295830274147e-09 2.320634295830327500e-09 9.151849569101766576e-08 7.142190596110685874e+01 9.276757075180927051e-14
3.500000000000000000e+00 3.500000000000000000e+00 3.500000000000000000e+00 6.658330627969005988e+00 6.658330627969006876e+00 4.937376365991458016e+00 1.750539190059984263e+00 1.750539190059984263e+00 1.750539190059984263e+00 1.103495541488759656e-08 1.103495541488686367e-08 3.310594158779913629e-07 7.154694447468257579e+01 8.785145382970709695e-14
3.750000000000000000e+00 3.750000000000000000e+00 3.750000000000000000e+00 6.158523005529111138e+00 6.158523005529112915e+00 4.937295499670600663e+00 1.875577703635697313e+00 1.875577703635697313e+00 1.875577703635697313e+00 4.138245671688298584e-08 4.138245671688231748e-08 8.672760634279787823e-07 7.167198298825829283e+01 7.973403950938720487e-14
4.000000000000000000e+00 4.000000000000000000e+00 4.000000000000000000e+00 6.032394313647351680e+00 6.032394313647346351e+00 4.937202780110960809e+00 2.000616217211410586e+00 2.000616217211410586e+00 2.000616217211410586e+00 1.087857756974669101e-07 1.087857756974662483e-07 1.554809168963647715e-06 7.179702150183400988e+01 7.595433180352886222e-14
4.250000000000000000e+00 4.250000000000000000e+00 4.250000000000000000e+00 6.882721378011487090e+00 6.882721378011485314e+00 4.937129261152259474e+00 2.125654730787123636e+00 2.125654730787123636e+00 2.125654730787123636e+00 1.950087856344301495e-07 1.950087856344300436e-07 1.889854631682514124e-06 7.192206001540971272e+01 6.933960001689076831e-14
4.500000000000000000e+00 4.500000000000000000e+00 4.500000000000000000e+00 3.588090765711280827e+00 3.588090765711283048e+00 4.937054460739651596e+00 2.250693244362836687e+00 2.250693244362836687e+00 2.250693244362836687e+00 2.369579460639260920e-07 2.369579460639266479e-07 1.555363587030384674e-06 7.204709852898542977e+01 6.634610727102185069e-14
4.750000000000000000e+00 4.750000000000000000e+00 4.750000000000000000e+00 5.148882097515723011e+00 5.148882097515721235e+00 4.936982394921161976e+00 2.375731757938550182e+00 2.375731757938550182e+00 2.375731757938550182e+00 1.949791529989322762e-07 1.949791529989326468e-07 8.673326141616141819e-07 7.217213704256114681e+01 6.084553991777687230e-14
5.000000000000000000e+00 5.000000000000000000e+00 5.000000000000000000e+00 3.709601843518804287e+00 3.709601843518807840e+00 4.936922499997973723e+00 2.500770271514262788e+00 2.500770271514262788e+00 2.500770271514262788e+00 1.087611896746647081e-07 1.087611896746648537e-07 3.290200099764932482e-07 7.229717555613686386e+01 5.843489021555866576e-14
5.250000000000000000e+00 5.250000000000000000e+00 5.250000000000000000e+00 5.655573584239497187e+00 5.655573584239499851e+00 4.936854450421348517e+00 2.625808785089976283e+00 2.625808785089976283e+00 2.625808785089976283e+00 4.137748301884435124e-08 4.137748301884446374e-08 8.645496026876585975e-08 7.242221406971256670e+01 5.378454141703074515e-14
5.500000000000000000e+00 5.500000000000000000e+00 5.500000000000000000e+00 5.981625681310511311e+00 5.981625681310510423e+00 4.936801222076526052e+00 2.750847298665689333e+00 2.750847298665689333e+00 2.750847298665689333e+00 1.103768447706721954e-08 1.103768447706767614e-08 1.723926344942735790e-08 7.254725258328828374e+01 5.182913102956066005e-14
5.750000000000000000e+00 5.750000000000000000e+00 5.750000000000000000e+00 3.179677767780579867e+00 3.179677767780580311e+00 4.936742905566469553e+00 2.875885812241402384e+00 2.875885812241402384e+00 2.875885812241402384e+00 2.322480378894014093e-09 2.322480378893962394e-09 4.149938042834998800e-09 7.267229109686400079e+01 4.786346650484771568e-14
6.000000000000000000e+00 6.000000000000000000e+00 6.000000000000000000e+00 3.440659586720692609e+00 3.440659586720693053e+00 4.936689692019029074e+00 3.000924325817115879e+00 3.000924325817115879e+00 3.000924325817115879e+00 5.481743849525283860e-10 5.481743849525431719e-10 2.791234946733014615e-09 7.279732961043970363e+01 4.625412146444374620e-14
6.250000000000000000e+00 6.250000000000000000e+00 6.250000000000000000e+00 7.208485816344690766e-01 7.208485816344691877e-01 4.936642576743179411e+00 3.125962839392828929e+00 3.125962839392828929e+00 3.125962839392828929e+00 2.314689960670924565e-10 2.314689960670715444e-10 2.993501074982503045e-09 7.292236812401542068e+01 4.282581219987334248e-14
6.500000000000000000e+00 6.500000000000000000e+00 6.500000000000000000e+00 4.551743435841619778e+00 4.551743435841618890e+00 4.936589502174228095e+00 3.251001352968541980e+00 3.251001352968541980e+00 3.251001352968541980e+00 2.058132215855071073e-10 2.058132215852303120e-10 2.691144689994866807e-09 7.304740663759113772e+01 4.147513301469676519e-14
6.750000000000000000e+00 6.750000000000000000e+00 6.750000000000000000e+00 6.262646244537061868e+00 6.262646244537060092e+00 4.936548935478778155e+00 3.376039866544255474e+00 3.376039866544255474e+00 3.376039866544255474e+00 2.618511293166207033e-10 2.618511293165779484e-10 1.779906482566111691e-09 7.317244515116685477e+01 3.848481835323669861e-14
7.000000000000000000e+00 7.000000000000000000e+00 7.000000000000000000e+00 7.405469549583791888e+00 7.405469549583787447e+00 4.936500673861065280e+00 3.501078380119968525e+00 3.501078380119968525e+00 3.501078380119968525e+00 3.071344044728831678e-10 3.071344044723686098e-10 8.689222634803601223e-10 7.329748366474255761e+01 3.734763207740911280e-14
7.250000000000000000e+00 7.250000000000000000e+00 7.250000000000000000e+00 7.614730520315048601e+00 7.614730520315045048e+00 4.936460833657896785e+00 3.626116893695682020e+00 3.626116893695682020e+00 3.626116893695682020e+00 3.084661880160938509e-10 3.084661880160754462e-10 3.372751105805947942e-10 7.342252217831827465e+01 3.472130169783827349e-14
7.500000000000000000e+00 7.500000000000000000e+00 7.500000000000000000e+00 3.459629283679041212e+00 3.459629283679040324e+00 4.936420546020620748e+00 3.751155407271394626e+00 3.751155407271394626e+00 3.751155407271394626e+00 3.065125775056898797e-10 3.065125775054756916e-10 1.281404073335738609e-10 7.354756069189399170e+01 3.376014202697232738e-14
7.750000000000000000e+00 7.750000000000000000e+00 7.750000000000000000e+00 4.965911499045097877e+00 4.965911499045096100e+00 4.936379527669757294e+00 3.876193920847107677e+00 3.876193920847107677e+00 3.876193920847107677e+00 3.449276091635531760e-10 3.449276091636153696e-10 6.325864668110800318e-11 7.367259920546970875e+01 3.144240942009188787e-14
8.000000000000000000e+00 8.000000000000000000e+00 8.000000000000000000e+00 4.128553123365916733e+00 4.128553123365918509e+00 4.936345800762992120e+00 4.001232434422821171e+00 4.001232434422821171e+00 4.001232434422821171e+00 4.001645623780983395e-10 4.001645623783976238e-10 4.077785074553807993e-11 7.379763771904541159e+01 3.063030140741896595e-14
8.250000000000000000e+00 8.250000000000000000e+00 8.250000000000000000e+00 7.175174425816168267e+00 7.175174425816170931e+00 4.936306096653829023e+00 4.126270947998534666e+00 4.126270947998534666e+00 4.126270947998534666e+00 4.304196944241546850e-10 4.304196944241641976e-10 2.941036596210889474e-11 7.392267623262112863e+01 2.857544413229094160e-14
8.500000000000000000e+00 8.500000000000000000e+00 8.500000000000000000e+00 7.668457395917194219e+00 7.668457395917194219e+00 4.936274655192595340e+00 4.251309461574247273e+00 4.251309461574247273e+00 4.251309461574247273e+00 4.324832994770692970e-10 4.324832994775935227e-10 2.260059741053742208e-11 7.404771474619684568e+01 2.786806942313964052e-14
8.750000000000000000e+00 8.750000000000000000e+00 8.750000000000000000e+00 4.991228171854642959e+00 4.991228171854639406e+00 4.936239850428907339e+00 4.376347975149959879e+00 4.376347975149959879e+00 4.376347975149959879e+00 4.323591913650123139e-10 4.323591913650159328e-10 1.736309687732598060e-11 7.417275325977254852e+01 2.602941102021965919e-14
9.000000000000000000e+00 9.000000000000000000e+00 9.000000000000000000e+00 4.816620734398060932e+00 4.816620734398061821e+00 4.936207441586281774e+00 4.501386488725673374e+00 4.501386488725673374e+00 4.501386488725673374e+00 5.880047887929746101e-10 5.880047887931357035e-10 1.181194648643888758e-11 7.429779177334826556e+01 2.540272847582771979e-14
9.250000000000000000e+00 9.250000000000000000e+00 9.250000000000000000e+00 1.291404919350195524e+00 1.291404919350195968e+00 4.936178624023395578e+00 4.626425002301386868e+00 4.626425002301386868e+00 4.626425002301386868e+00 2.105915740937569674e-09 2.105915740937651151e-09 6.481535067335614904e-12 7.442283028692398261e+01 2.376985153135847765e-14
9.500000000000000000e+00 9.500000000000000000e+00 9.500000000000000000e+00 3.864760753650275937e+00 3.864760753650275049e+00 4.936145477163274897e+00 4.751463515877100363e+00 4.751463515877100363e+00 4.751463515877100363e+00 1.060482972248420667e-08 1.060482972248397837e-08 2.839714868316908756e-12 7.454786880049969966e+01 2.321386665306056504e-14
9.750000000000000000e+00 9.750000000000000000e+00 9.750000000000000000e+00 3.725719103945366761e+00 3.725719103945368538e+00 4.936120300676984485e+00 4.876502029452812970e+00 4.876502029452812970e+00 4.876502029452812970e+00 4.084569719857317634e-08 4.084569719857310355e-08 1.059425809727887613e-12 7.467290731407540250e+01 2.174062070446195754e-14
1.000000000000000000e+01 1.000000000000000000e+01 1.000000000000000000e+01 4.436330450257081282e+00 4.436330450257079505e+00 4.936089415523424506e+00 5.001540543028525576e+00 5.001540543028525576e+00 5.001540543028525576e+00 1.081665408056921450e-07 1.081665408056921186e-07 4.036416764336040087e-13 7.479794582765111954e+01 2.124719410883500359e-14
1.025000000000000000e+01 1.025000000000000000e+01 1.025000000000000000e+01 5.401347297321446916e+00 5.401347297321447805e+00 4.936064191381277944e+00 5.126579056604239071e+00 5.126579056604239071e+00 5.126579056604239071e+00 1.943319305205708126e-07 1.943319305205704155e-07 1.956647188414594166e-13 7.492298434122683659e+01 1.990361121984440722e-14
1.050000000000000000e+01 1.050000000000000000e+01 1.050000000000000000e+01 3.465752636349140658e+00 3.465752636349142435e+00 4.936038288876770430e+00 5.251617570179952565e+00 5.251617570179952565e+00 5.251617570179952565e+00 2.365324738193493284e-07 2.365324738193491431e-07 1.406481868860263518e-13 7.504802285480255364e+01 1.947843521508612893e-14
1.075000000000000000e+01 1.075000000000000000e+01 1.075000000000000000e+01 6.341332561839589488e+00 6.341332561839589488e+00 4.936011324071696293e+00 5.376656083755666060e+00 5.376656083755666060e+00 5.376656083755666060e+00 1.953643572180959487e-07 1.953643572180961869e-07 1.172268927911737701e-13 7.517306136837825647e+01 1.824016235791144552e-14
1.100000000000000000e+01 1.100000000000000000e+01 1.100000000000000000e+01 4.878237819637069705e+00 4.878237819637072370e+00 4.935989969537293298e+00 5.501694597331378667e+00 5.501694597331378667e+00 5.501694597331378667e+00 1.101959580346693590e-07 1.101959580346690811e-07 1.087822266470313456e-13 7.529809988195397352e+01 1.786437271366043049e-14
1.125000000000000000e+01 1.125000000000000000e+01 1.125000000000000000e+01 6.320405450557361249e+00 6.320405450557358584e+00 4.935963169289587782e+00 5.626733110907092161e+00 5.626733110907092161e+00 5.626733110907092161e+00 4.330727441197064025e-08 4.330727441197082554e-08 9.702587952053295568e-14 7.542313839552969057e+01 1.672905477198393141e-14
1.150000000000000000e+01 1.150000000000000000e+01 1.150000000000000000e+01 5.612187901823003422e+00 5.612187901823005198e+00 4.935942985621074364e+00 5.751771624482804768e+00 5.751771624482804768e+00 5.751771624482804768e+00 1.256248199799633699e-08 1.256248199799696234e-08 9.207416639687419239e-14 7.554817690910539341e+01 1.639079865410278024e-14
1.175000000000000000e+01 1.175000000000000000e+01 1.175000000000000000e+01 4.527215065478149114e+00 4.527215065478146450e+00 4.935919737071369440e+00 5.876810138058518262e+00 5.876810138058518262e+00 5.876810138058518262e+00 3.080554929557947150e-09 3.080554929558098524e-09 8.337302000158783307e-14 7.567321542268111045e+01 1.536515188689286195e-14
1.200000000000000000e+01 1.200000000000000000e+01 1.200000000000000000e+01 7.105868704063038166e+00 7.105868704063039942e+00 4.935897860087857580e+00 6.001848651634231757e+00 6.001848651634231757e+00 6.001848651634231757e+00 8.067123237551534750e-10 8.067123237555890890e-10 7.992155390777694704e-14 7.579825393625682750e+01 1.504208577563367206e-14
1.225000000000000000e+01 1.225000000000000000e+01 1.225000000000000000e+01 5.631727424621345790e+00 5.631727424621345790e+00 4.935879261021830722e+00 6.126887165209944364e+00 6.126887165209944364e+00 6.126887165209944364e+00 3.218148877342574513e-10 3.218148877342371337e-10 7.289952485500240608e-14 7.592329244983254455e+01 1.410914521956251843e-14
1.250000000000000000e+01 1.250000000000000000e+01 1.250000000000000000e+01 7.453200942835477072e+00 7.453200942835473519e+00 4.935856240946749018e+00 6.251925678785657858e+00 6.251925678785657858e+00 6.251925678785657858e+00 2.381114712451960776e-10 2.381114712457186490e-10 7.024448749400905160e-14 7.604833096340824738e+01 1.380847252958319791e-14
1.275000000000000000e+01 1.275000000000000000e+01 1.275000000000000000e+01 4.157533883524012097e+00 4.157533883524011209e+00 4.935839945188933875e+00 6.376964192361371353e+00 6.376964192361371353e+00 6.376964192361371353e+00 2.388943333513372383e-10 2.388943333512078879e-10 6.434403121648013756e-14 7.617336947698396443e+01 1.294850517886789815e-14
1.300000000000000000e+01 1.300000000000000000e+01 1.300000000000000000e+01 2.295491151622705228e+00 2.295491151622707005e+00 4.935818841021734293e+00 6.502002705937083959e+00 6.502002705937083959e+00 6.502002705937083959e+00 2.615354346752688898e-10 2.615354346754143185e-10 6.225654619836005420e-14 7.629840799055968148e+01 1.268531200607279863e-14
1.325000000000000000e+01 1.325000000000000000e+01 1.325000000000000000e+01 2.595258955774778276e+00 2.595258955774777831e+00 4.935801663857369626e+00 6.627041219512798342e+00 6.627041219512798342e+00 6.627041219512798342e+00 2.911500126308226738e-10 2.911500126307585156e-10 5.720376643257884675e-14 7.642344650413539853e+01 1.187478018499103146e-14
1.350000000000000000e+01 1.350000000000000000e+01 1.350000000000000000e+01 2.360185996934114350e+00 2.360185996934114794e+00 4.935784580535374388e+00 6.752079733088510949e+00 6.752079733088510949e+00 6.752079733088510949e+00 3.238676562983944776e-10 3.238676562982812572e-10 5.552890233081874126e-14 7.654848501771110136e+01 1.163398282616817999e-14
1.375000000000000000e+01 1.375000000000000000e+01 1.375000000000000000e+01 6.826412986995458176e+00 6.826412986995456400e+00 4.935765755415636669e+00 6.877118246664223555e+00 6.877118246664223555e+00 6.877118246664223555e+00 3.704403758966998495e-10 3.704403758970544515e-10 5.115615655613677539e-14 7.667352353128681841e+01 1.087148234201148179e-14
1.400000000000000000e+01 1.400000000000000000e+01 1.400000000000000000e+01 5.318834578809022773e+00 5.318834578809027214e+00 4.935751723834947313e+00 7.002156760239937050e+00 7.002156760239937050e+00 7.002156760239937050e+00 4.186657943067272069e-10 4.186657943061588822e-10 4.980889775271274993e-14 7.679856204486253546e+01 1.065652915333894902e-14
1.425000000000000000e+01 1.425000000000000000e+01 1.425000000000000000e+01 5.486037710820278690e+00 5.486037710820274249e+00 4.935733329418777515e+00 7.127195273815649657e+00 7.127195273815649657e+00 7.127195273815649657e+00 4.377058852981909103e-10 4.377058852982666490e-10 4.600305340972112556e-14 7.692360055843823829e+01 9.952071833331243327e-15
1.450000000000000000e+01 1.450000000000000000e+01 1.450000000000000000e+01 3.286299478927233508e+00 3.286299478927231288e+00 4.935719583927364873e+00 7.252233787391364039e+00 7.252233787391364039e+00 7.252233787391364039e+00 4.277822805051767965e-10 4.277822805050600090e-10 4.490517365132952494e-14 7.704863907201395534e+01 9.751230305479101689e-15
1.475000000000000000e+01 1.475000000000000000e+01 1.475000000000000000e+01 2.412363318247754407e+00 2.412363318247755295e+00 4.935704053690791682e+00 7.377272300967076646e+00 7.377272300967076646e+00 7.377272300967076646e+00 4.073282837950512645e-10 4.073282837950411832e-10 4.155498693804159143e-14 7.717367758558967239e+01 9.087742102556095551e-15
1.500000000000000000e+01 1.500000000000000000e+01 1.500000000000000000e+01 6.222445001048305890e+00 6.222445001048310331e+00 4.935688910227291615e+00 7.502310814542789252e+00 7.502310814542789252e+00 7.502310814542789252e+00 3.744685124125615207e-10 3.744685124129349410e-10 4.064993283998954456e-14 7.729871609916538944e+01 8.895457452428627470e-15
1.525000000000000000e+01 1.525000000000000000e+01 1.525000000000000000e+01 6.311672821834173774e+00 6.311672821834171998e+00 4.935676610760589611e+00 7.627349328118502747e+00 7.627349328118502747e+00 7.627349328118502747e+00 3.281353694808276559e-10 3.281353694809214892e-10 3.767775174127895279e-14 7.742375461274109227e+01 8.266828790189985011e-15
1.550000000000000000e+01 1.550000000000000000e+01 1.550000000000000000e+01 9.268334079599400255e+00 9.268334079599393149e+00 4.935660832133087261e+00 7.752387841694215354e+00 7.752387841694215354e+00 7.752387841694215354e+00 2.844543672431334863e-10 2.844543672435076821e-10 3.693153082708347144e-14 7.754879312631680932e+01 8.086947401451862867e-15
1.575000000000000000e+01 1.575000000000000000e+01 1.575000000000000000e+01 6.236946349402832546e+00 6.236946349402828105e+00 4.935649955634064945e+00 7.877426355269929736e+00 7.877426355269929736e+00 7.877426355269929736e+00 2.979268136756234572e-10 2.979268136758343883e-10 3.429363149548479132e-14 7.767383163989252637e+01 7.507590768364401872e-15
1.600000000000000000e+01 1.600000000000000000e+01 1.600000000000000000e+01 4.617853992486947945e+00 4.617853992486952386e+00 4.935635743653665308e+00 8.002464868845642343e+00 8.002464868845642343e+00 8.002464868845642343e+00 5.079348238304778802e-10 5.079348238311891521e-10 3.367272837248237752e-14 7.779887015346824342e+01 7.333050826543184848e-15
1.625000000000000000e+01 1.625000000000000000e+01 1.625000000000000000e+01 4.274284392976004376e+00 4.274284392976004376e+00 4.935624082288550873e+00 8.127503382421354061e+00 8.127503382421354061e+00 8.127503382421354061e+00 1.053188403562559847e-09 1.053188403562562328e-09 3.132969841397147265e-14 7.792390866704394625e+01 6.809831356325633629e-15
1.650000000000000000e+01 1.650000000000000000e+01 1.650000000000000000e+01 3.048930467993564708e+00 3.048930467993563376e+00 4.935612947183372512e+00 8.252541895997069332e+00 8.252541895997069332e+00 8.252541895997069332e+00 1.766837122585966424e-09 1.766837122586179010e-09 3.080293939714851993e-14 7.804894718061966330e+01 6.630035581787944523e-15
1.675000000000000000e+01 1.675000000000000000e+01 1.675000000000000000e+01 6.152278551774512216e+00 6.152278551774508664e+00 4.935599944878484635e+00 8.377580409572781051e+00 8.377580409572781051e+00 8.377580409572781051e+00 2.108308219333565047e-09 2.108308219333521620e-09 2.867828780357118242e-14 7.817398569419538035e+01 6.121935898777909492e-15
1.700000000000000000e+01 1.700000000000000000e+01 1.700000000000000000e+01 3.871569641653686666e+00 3.871569641653685334e+00 4.935591182050653281e+00 8.502618923148494545e+00 8.502618923148494545e+00 8.502618923148494545e+00 1.756586260459607933e-09 1.756586260459471861e-09 2.822900248160160509e-14 7.829902420777108318e+01 5.937929483002533118e-15
1.725000000000000000e+01 1.725000000000000000e+01 1.725000000000000000e+01 4.804889636303063760e+00 4.804889636303062872e+00 4.935578507061055831e+00 8.627657436724208040e+00 8.627657436724208040e+00 8.627657436724208040e+00 1.057683811239813484e-09 1.057683811239579185e-09 2.629097561158290019e-14 7.842406272134680023e+01 5.442226213623572590e-15
1.750000000000000000e+01 1.750000000000000000e+01 1.750000000000000000e+01 3.499981956194495591e+00 3.499981956194495591e+00 4.935569817529465553e+00 8.752695950299919758e+00 8.752695950299919758e+00 8.752695950299919758e+00 5.244742503656236118e-10 5.244742503653901401e-10 2.592709216988598536e-14 7.854910123492251728e+01 5.276084361295728826e-15
1.775000000000000000e+01 1.775000000000000000e+01 1.775000000000000000e+01 3.125276890656247364e+00 3.125276890656247808e+00 4.935559639933714493e+00 8.877734463875635029e+00 8.877734463875635029e+00 8.877734463875635029e+00 2.767131218108186751e-10 2.767131218108094727e-10 2.417235957206512019e-14 7.867413974849823433e+01 4.814442306013191422e-15
1.800000000000000000e+01 1.800000000000000000e+01 1.800000000000000000e+01 5.335336788965688193e+00 5.335336788965689081e+00 4.935549481516559034e+00 9.002772977451346748e+00 9.002772977451346748e+00 9.002772977451346748e+00 1.729813075893421902e-10 1.729813075892179580e-10 2.386881418796962099e-14 7.879917826207393716e+01 4.651015426954923173e-15
1.825000000000000000e+01 1.825000000000000000e+01 1.825000000000000000e+01 3.385449756778941222e+00 3.385449756778941666e+00 4.935542196660943404e+00 9.127811491027060242e+00 9.127811491027060242e+00 9.127811491027060242e+00 1.120229472130167336e-10 1.120229472130214382e-10 2.227086849096278502e-14 7.892421677564965421e+01 4.217517930537161744e-15
1.850000000000000000e+01 1.850000000000000000e+01 1.850000000000000000e+01 5.720067983159578873e+00 5.720067983159579761e+00 4.935531312503307788e+00 9.252850004602773737e+00 9.252850004602773737e+00 9.252850004602773737e+00 8.092036484579372106e-11 8.092036484562690200e-11 2.200696441251440711e-14 7.904925528922537126e+01 4.044249004149392167e-15
1.875000000000000000e+01 1.875000000000000000e+01 1.875000000000000000e+01 4.385890156005296525e+00 4.385890156005295637e+00 4.935525165687570492e+00 9.377888518178485455e+00 9.377888518178485455e+00 9.377888518178485455e+00 9.717446979400861522e-11 9.717446979401640882e-11 2.054336166642231610e-14 7.917429380280107409e+01 3.631572357057162608e-15
1.900000000000000000e+01 1.900000000000000000e+01 1.900000000000000000e+01 6.323612878449869079e+00 6.323612878449870855e+00 4.935515754610377392e+00 9.502927031754200726e+00 9.502927031754200726e+00 9.502927031754200726e+00 1.761685144415218231e-10 1.761685144414606117e-10 2.031044647741512287e-14 7.929933231637679114e+01 3.448442752782944271e-15
1.925000000000000000e+01 1.925000000000000000e+01 1.925000000000000000e+01 7.883706003631869130e+00 7.883706003631869130e+00 4.935508614219254575e+00 9.627965545329912445e+00 9.627965545329912445e+00 9.627965545329912445e+00 3.299757399406724647e-10 3.299757399406930408e-10 1.895591550545498795e-14 7.942437082995250819e+01 3.046131338699185144e-15
1.950000000000000000e+01 1.950000000000000000e+01 1.950000000000000000e+01 6.289095196218174699e+00 6.289095196218173811e+00 4.935502085581923382e+00 9.753004058905625939e+00 9.753004058905625939e+00 9.753004058905625939e+00 5.661042393184967568e-10 5.661042393189052806e-10 1.876466732991905436e-14 7.954940934352822524e+01 2.868744629268748526e-15
1.975000000000000000e+01 1.975000000000000000e+01 1.975000000000000000e+01 6.807619012799687397e+00 6.807619012799690061e+00 4.935493573869566220e+00 9.878042572481339434e+00 9.878042572481339434e+00 9.878042572481339434e+00 8.607107332733294220e-10 8.607107332734686985e-10 1.751206617240532022e-14 7.967444785710392807e+01 2.487123411291994271e-15
2.000000000000000000e+01 2.000000000000000000e+01 2.000000000000000000e+01 2.625810042195845906e+00 2.625810042195846794e+00 4.935489113078025625e+00 1.000308108605705115e+01 1.000308108605705115e+01 1.000308108605705115e+01 1.265596375316946179e-09 1.265596375317301867e-09 1.735633792753852945e-14 7.979948637067964512e+01 2.307930618011678357e-15
2.025000000000000000e+01 2.025000000000000000e+01 2.025000000000000000e+01 4.053514300885307620e+00 4.053514300885308508e+00 4.935480923781252471e+00 1.012811959963276642e+01 1.012811959963276642e+01 1.012811959963276642e+01 2.915604970854954602e-09 2.915604970855160570e-09 1.619420498216192560e-14 7.992452488425536217e+01 1.945482677360903038e-15
2.050000000000000000e+01 2.050000000000000000e+01 2.050000000000000000e+01 4.502327034735047029e+00 4.502327034735047029e+00 4.935476383346458995e+00 1.025315811320847814e+01 1.025315811320847814e+01 1.025315811320847814e+01 1.144872054897841696e-08 1.144872054897887191e-08 1.605708139569514969e-14 8.004956339783106500e+01 1.747993780432114082e-15
2.075000000000000000e+01 2.075000000000000000e+01 2.075000000000000000e+01 5.650550972266372263e+00 5.650550972266366934e+00 4.935470477264504829e+00 1.037819662678419164e+01 1.037819662678419164e+01 1.037819662678419164e+01 4.165038556842381236e-08 4.165038556842385868e-08 1.496721432756138768e-14 8.017460191140678205e+01 1.414436864887177051e-15
2.100000000000000000e+01 2.100000000000000000e+01 2.100000000000000000e+01 6.841357702544780039e+00 6.841357702544781816e+00 4.935464523823553940e+00 1.050323514035990513e+01 1.050323514035990513e+01 1.050323514035990513e+01 1.088912052361341986e-07 1.088912052361343574e-07 1.484928511697364285e-14 8.029964042498249910e+01 1.371463507833342212e-15
2.125000000000000000e+01 2.125000000000000000e+01 2.125000000000000000e+01 2.614101811010632659e+00 2.614101811010633103e+00 4.935461245280554188e+00 1.062827365393561863e+01 1.062827365393561863e+01 1.062827365393561863e+01 1.949557081013818649e-07 1.949557081013816531e-07 1.383055673715537729e-14 8.042467893855821615e+01 1.638256648529000551e-15
2.150000000000000000e+01 2.150000000000000000e+01 2.150000000000000000e+01 2.907300994036625230e+00 2.907300994036623898e+00 4.935454545945009208e+00 1.075331216751133212e+01 1.075331216751133212e+01 1.075331216751133212e+01 2.368380480078076404e-07 2.368380480078070580e-07 1.374231324516460456e-14 8.054971745213393319e+01 1.765359856859071795e-15
2.175000000000000000e+01 2.175000000000000000e+01 2.175000000000000000e+01 1.136444456653892487e+00 1.136444456653893376e+00 4.935452327748087065e+00 1.087835068108704384e+01 1.087835068108704384e+01 1.087835068108704384e+01 1.948504154709326081e-07 1.948504154709322905e-07 1.280011018134676425e-14 8.067475596570963603e+01 2.070001206712174367e-15
2.200000000000000000e+01 2.200000000000000000e+01 2.200000000000000000e+01 4.364524274370735313e+00 4.364524274370737089e+00 4.935446937529865075e+00 1.100338919466275733e+01 1.100338919466275733e+01 1.100338919466275733e+01 1.087155700005075389e-07 1.087155700005078301e-07 1.272557866208429578e-14 8.079979447928535308e+01 2.197890032374102433e-15
2.225000000000000000e+01 2.225000000000000000e+01 2.225000000000000000e+01 7.186144364844745169e+00 7.186144364844741617e+00 4.935443718842426719e+00 1.112842770823847083e+01 1.112842770823847083e+01 1.112842770823847083e+01 4.272901694013841521e-08 4.272901694013865344e-08 1.184657544798215784e-14 8.092483299286107012e+01 2.514991696498150950e-15
2.250000000000000000e+01 2.250000000000000000e+01 2.250000000000000000e+01 6.629234649116975575e+00 6.629234649116974687e+00 4.935441100411503079e+00 1.125346622181418432e+01 1.125346622181418432e+01 1.125346622181418432e+01 2.086875360163774217e-08 2.086875360163746093e-08 1.177949936437524181e-14 8.104987150643677296e+01 2.645874348998601177e-15
2.275000000000000000e+01 2.275000000000000000e+01 2.275000000000000000e+01 7.499898770270993609e+00 7.499898770270991832e+00 4.935436425781806413e+00 1.137850473538989782e+01 1.137850473538989782e+01 1.137850473538989782e+01 4.255021245672055750e-08 4.255021245672055089e-08 1.095009451442895896e-14 8.117491002001249001e+01 2.964541060755805320e-15
2.300000000000000000e+01 2.300000000000000000e+01 2.300000000000000000e+01 3.554573484906188963e+00 3.554573484906189851e+00 4.935435834456762372e+00 1.150354324896560954e+01 1.150354324896560954e+01 1.150354324896560954e+01 1.083312598768698075e-07 1.083312598768696486e-07 1.088194759312763913e-14 8.129994853358820706e+01 3.090718309114479345e-15
2.325000000000000000e+01 2.325000000000000000e+01 2.325000000000000000e+01 5.217947497381278055e+00 5.217947497381278055e+00 4.935431423618650726e+00 1.162858176254132303e+01 1.162858176254132303e+01 1.162858176254132303e+01 1.943200834102092607e-07 1.943200834102087313e-07 1.008655909727265909e-14 8.142498704716390989e+01 3.405969902226468025e-15
2.350000000000000000e+01 2.350000000000000000e+01 2.350000000000000000e+01 5.244999785822509253e+00 5.244999785822506588e+00 4.935430634138141315e+00 1.175362027611703652e+01 1.175362027611703652e+01 1.175362027611703652e+01 2.363450599373736619e-07 2.363450599373732648e-07 1.002009109586111710e-14 8.155002556073962694e+01 3.540993384809775027e-15
2.375000000000000000e+01 2.375000000000000000e+01 2.375000000000000000e+01 6.176061254252115162e+00 6.176061254252111610e+00 4.935428561493409028e+00 1.187865878969275002e+01 1.187865878969275002e+01 1.187865878969275002e+01 1.946175312260189849e-07 1.946175312260187731e-07 9.278593720018394744e-15 8.167506407431534399e+01 3.863594657795166983e-15
2.400000000000000000e+01 2.400000000000000000e+01 2.400000000000000000e+01 7.282962844857703288e+00 7.282962844857705953e+00 4.935426208123471881e+00 1.200369730326846351e+01 1.200369730326846351e+01 1.200369730326846351e+01 1.085753342026364315e-07 1.085753342026364580e-07 9.211886077833674953e-15 8.180010258789106103e+01 4.028046677476630641e-15
2.425000000000000000e+01 2.425000000000000000e+01 2.425000000000000000e+01 3.924254700848330391e+00 3.924254700848327726e+00 4.935426740615126207e+00 1.212873581684417523e+01 1.212873581684417523e+01 1.212873581684417523e+01 4.112166007602256364e-08 4.112166007602225262e-08 8.495267339249746121e-15 8.192514110146676387e+01 4.379194395813323548e-15
2.450000000000000000e+01 2.450000000000000000e+01 2.450000000000000000e+01 5.091582499626976066e+00 5.091582499626976066e+00 4.935423720488201660e+00 1.225377433041988873e+01 1.225377433041988873e+01 1.225377433041988873e+01 1.063258431343154189e-08 1.063258431343146083e-08 8.333779083660198313e-15 8.205017961504248092e+01 4.628698982863439501e-15
2.475000000000000000e+01 2.475000000000000000e+01 2.475000000000000000e+01 2.692997592012671415e+00 2.692997592012670527e+00 4.935425016144931121e+00 1.237881284399560222e+01 1.237881284399560222e+01 1.237881284399560222e+01 1.917843329422246409e-09 1.917843329422478020e-09 7.441579802371343251e-15 8.217521812861819797e+01 5.255878057985001621e-15
2.500000000000000000e+01 2.500000000000000000e+01 2.500000000000000000e+01 3.982006561949605228e+00 3.982006561949605228e+00 4.935423603516064794e+00 1.250385135757131572e+01 1.250385135757131572e+01 1.250385135757131572e+01 2.922706444479220234e-10 2.922706444478895049e-10 6.900068527274911154e-15 8.230025664219391501e+01 5.839153658277350601e-15
