-2.500000000000000000e+01 -2.500000000000000000e+01 -2.500000000000000000e+01 1.926648035003452469e-02 1.926648035003451082e-02 4.056111491601877700e-02 -1.250385135757131572e+01 -1.250385135757131572e+01 -1.250385135757131572e+01 8.606191632661847188e-04 8.606191632662261353e-04 8.744337444783948201e-04 -1.166772101563824471e+01 8.953350110431364901e-04
-2.475000000000000000e+01 -2.475000000000000000e+01 -2.475000000000000000e+01 1.927411589630879246e-02 1.927411589630878552e-02 4.056118429997958297e-02 -1.237881284399560222e+01 -1.237881284399560222e+01 -1.237881284399560222e+01 8.669097529106810840e-04 8.669097529107201152e-04 8.614928458106143076e-04 -1.154268250206253121e+01 9.198650810981674232e-04
-2.450000000000000000e+01 -2.450000000000000000e+01 -2.450000000000000000e+01 1.928939406141594662e-02 1.928939406141595009e-02 4.056080810761220068e-02 -1.225377433041988873e+01 -1.225377433041988873e+01 -1.225377433041988873e+01 8.781186023953588531e-04 8.781186023953913792e-04 8.576677604122241814e-04 -1.141764398848681772e+01 9.444725276133178558e-04
-2.425000000000000000e+01 -2.425000000000000000e+01 -2.425000000000000000e+01 1.931243046081155754e-02 1.931243046081155754e-02 4.056109985155673808e-02 -1.212873581684417523e+01 -1.212873581684417523e+01 -1.212873581684417523e+01 8.925772196587975285e-04 8.925772196588221399e-04 8.606906521127852131e-04 -1.129260547491110422e+01 9.685327574536385783e-04
-2.400000000000000000e+01 -2.400000000000000000e+01 -2.400000000000000000e+01 1.934324584764151797e-02 1.934324584764152838e-02 4.056051057874605209e-02 -1.200369730326846351e+01 -1.200369730326846351e+01 -1.200369730326846351e+01 9.091856355376611975e-04 9.091856355376832068e-04 8.678144492439798623e-04 -1.116756696133539251e+01 9.929089472419689189e-04
-2.375000000000000000e+01 -2.375000000000000000e+01 -2.375000000000000000e+01 1.938207497672663621e-02 1.938207497672663968e-02 4.056127768953429746e-02 -1.187865878969275002e+01 -1.187865878969275002e+01 -1.187865878969275002e+01 9.274634856716680370e-04 9.274634856716838663e-04 8.775229126897068433e-04 -1.104252844775967901e+01 1.018302035045376116e-03
-2.350000000000000000e+01 -2.350000000000000000e+01 -2.350000000000000000e+01 1.942895087778821750e-02 1.942895087778821750e-02 4.056080594876086687e-02 -1.175362027611703652e+01 -1.175362027611703652e+01 -1.175362027611703652e+01 9.472473953572237582e-04 9.472473953572305887e-04 8.892633725042496141e-04 -1.091748993418396552e+01 1.044975694325293945e-03
-2.325000000000000000e+01 -2.325000000000000000e+01 -2.325000000000000000e+01 1.948423459930362714e-02 1.948423459930362367e-02 4.056247762493895431e-02 -1.162858176254132303e+01 -1.162858176254132303e+01 -1.162858176254132303e+01 9.684800541536856293e-04 9.684800541536900745e-04 9.028373156581804507e-04 -1.079245142060825202e+01 1.073004507699004163e-03
-2.300000000000000000e+01 -2.300000000000000000e+01 -2.300000000000000000e+01 1.954796907257806346e-02 1.954796907257806346e-02 4.056263047422186546e-02 -1.150354324896560954e+01 -1.150354324896560954e+01 -1.150354324896560954e+01 9.911360867184792860e-04 9.911360867184814544e-04 9.181348081547480123e-04 -1.066741290703253853e+01 1.102424072671044598e-03
-2.275000000000000000e+01 -2.275000000000000000e+01 -2.275000000000000000e+01 1.962065264201532863e-02 1.962065264201532863e-02 4.056582368815474932e-02 -1.137850473538989782e+01 -1.137850473538989782e+01 -1.137850473538989782e+01 1.015205019819687918e-03 1.015205019819694207e-03 9.350741971214889849e-04 -1.054237439345682681e+01 1.133269000425230931e-03
-2.250000000000000000e+01 -2.250000000000000000e+01 -2.250000000000000000e+01 1.970233474125244327e-02 1.970233474125244327e-02 4.056729847653812310e-02 -1.125346622181418432e+01 -1.125346622181418432e+01 -1.125346622181418432e+01 1.040687045172176105e-03 1.040687045172191067e-03 9.535932999267325138e-04 -1.041733587988111331e+01 1.165578757129618562e-03
-2.225000000000000000e+01 -2.225000000000000000e+01 -2.225000000000000000e+01 1.979366619918631817e-02 1.979366619918631123e-02 4.057283480850826241e-02 -1.112842770823847083e+01 -1.112842770823847083e+01 -1.112842770823847083e+01 1.067591626669408319e-03 1.067591626669426317e-03 9.736464424000061636e-04 -1.029229736630539982e+01 1.199397786779139068e-03
-2.200000000000000000e+01 -2.200000000000000000e+01 -2.200000000000000000e+01 1.989469845202644291e-02 1.989469845202644638e-02 4.057653846079810334e-02 -1.100338919466275733e+01 -1.100338919466275733e+01 -1.100338919466275733e+01 1.095936109704124736e-03 1.095936109704142734e-03 9.952027315276858015e-04 -1.016725885272968632e+01 1.234775905075752214e-03
-2.175000000000000000e+01 -2.175000000000000000e+01 -2.175000000000000000e+01 2.000625466219822443e-02 2.000625466219823137e-02 4.058546684317371894e-02 -1.087835068108704384e+01 -1.087835068108704384e+01 -1.087835068108704384e+01 1.125745280236680260e-03 1.125745280236695872e-03 1.018243701246585595e-03 -1.004222033915397283e+01 1.271767883588188980e-03
-2.150000000000000000e+01 -2.150000000000000000e+01 -2.150000000000000000e+01 2.012838256734253081e-02 2.012838256734253081e-02 4.059254134599502017e-02 -1.075331216751133212e+01 -1.075331216751133212e+01 -1.075331216751133212e+01 1.157050433179695852e-03 1.157050433179705393e-03 1.042762183993658229e-03 -9.917181825578261112e+00 1.310433989199676552e-03
-2.125000000000000000e+01 -2.125000000000000000e+01 -2.125000000000000000e+01 2.026210280457074048e-02 2.026210280457073354e-02 4.060616762231020194e-02 -1.062827365393561863e+01 -1.062827365393561863e+01 -1.062827365393561863e+01 1.189889377978881665e-03 1.189889377978888821e-03 1.068760489635694165e-03 -9.792143312002547617e+00 1.350839564769328906e-03
-2.100000000000000000e+01 -2.100000000000000000e+01 -2.100000000000000000e+01 2.040745238278466808e-02 2.040745238278466114e-02 4.061802273837113175e-02 -1.050323514035990513e+01 -1.050323514035990513e+01 -1.050323514035990513e+01 1.224305734463685368e-03 1.224305734463692523e-03 1.096249932917935706e-03 -9.667104798426834122e+00 1.393055751766022077e-03
-2.075000000000000000e+01 -2.075000000000000000e+01 -2.075000000000000000e+01 2.056568066572496065e-02 2.056568066572496759e-02 4.063794723875557846e-02 -1.037819662678419164e+01 -1.037819662678419164e+01 -1.037819662678419164e+01 1.260349240646858795e-03 1.260349240646865300e-03 1.125249432414448256e-03 -9.542066284851120628e+00 1.437159066156620032e-03
-2.050000000000000000e+01 -2.050000000000000000e+01 -2.050000000000000000e+01 2.073680541731834706e-02 2.073680541731835400e-02 4.065630179828212676e-02 -1.025315811320847814e+01 -1.025315811320847814e+01 -1.025315811320847814e+01 1.298075173150825155e-03 1.298075173150841635e-03 1.155785540356341588e-03 -9.417027771275407133e+00 1.483232302646491979e-03
-2.025000000000000000e+01 -2.025000000000000000e+01 -2.025000000000000000e+01 2.092234313573295909e-02 2.092234313573295909e-02 4.068446649710141805e-02 -1.012811959963276642e+01 -1.012811959963276642e+01 -1.012811959963276642e+01 1.337544888219669879e-03 1.337544888219696334e-03 1.187891304148717226e-03 -9.291989257699695415e+00 1.531364101674661648e-03
-2.000000000000000000e+01 -2.000000000000000000e+01 -2.000000000000000000e+01 2.112228214815196903e-02 2.112228214815196903e-02 4.071140001487151550e-02 -1.000308108605705115e+01 -1.000308108605705115e+01 -1.000308108605705115e+01 1.378825312810127166e-03 1.378825312810159909e-03 1.221606671468615382e-03 -9.166950744123980144e+00 1.581650037708392598e-03
-1.975000000000000000e+01 -1.975000000000000000e+01 -1.975000000000000000e+01 2.133845297427937326e-02 2.133845297427936286e-02 4.075014729206462294e-02 -9.878042572481339434e+00 -9.878042572481339434e+00 -9.878042572481339434e+00 1.421989684748840767e-03 1.421989684748876980e-03 1.256977503026887773e-03 -9.041912230548268425e+00 1.634192176858824267e-03
-1.950000000000000000e+01 -1.950000000000000000e+01 -1.950000000000000000e+01 2.157080241197013512e-02 2.157080241197012818e-02 4.078816416150399249e-02 -9.753004058905625939e+00 -9.753004058905625939e+00 -9.753004058905625939e+00 1.467117085372553632e-03 1.467117085372585941e-03 1.294056273017088346e-03 -8.916873716972554931e+00 1.689100357524964081e-03
-1.925000000000000000e+01 -1.925000000000000000e+01 -1.925000000000000000e+01 2.182153203902231775e-02 2.182153203902231775e-02 4.084030976651843031e-02 -9.627965545329912445e+00 -9.627965545329912445e+00 -9.627965545329912445e+00 1.514293364335283186e-03 1.514293364335312676e-03 1.332901162819435069e-03 -8.791835203396841436e+00 1.746491742360091340e-03
-1.900000000000000000e+01 -1.900000000000000000e+01 -1.900000000000000000e+01 2.209053286590368856e-02 2.209053286590368509e-02 4.089241892360388070e-02 -9.502927031754200726e+00 -9.502927031754200726e+00 -9.502927031754200726e+00 1.563610699177194656e-03 1.563610699177224797e-03 1.373577011598213016e-03 -8.666796689821129718e+00 1.806492305481425132e-03
-1.875000000000000000e+01 -1.875000000000000000e+01 -1.875000000000000000e+01 2.238044682104818606e-02 2.238044682104818606e-02 4.096134248074403267e-02 -9.377888518178485455e+00 -9.377888518178485455e+00 -9.377888518178485455e+00 1.615168702860430173e-03 1.615168702860462699e-03 1.416154448133865066e-03 -8.541758176245414447e+00 1.869236386790217074e-03
-1.850000000000000000e+01 -1.850000000000000000e+01 -1.850000000000000000e+01 2.269109239656088781e-02 2.269109239656087740e-02 4.103115625623111884e-02 -9.252850004602773737e+00 -9.252850004602773737e+00 -9.252850004602773737e+00 1.669074005185866702e-03 1.669074005185908552e-03 1.460711069382340972e-03 -8.416719662669702728e+00 1.934868406032746232e-03
-1.825000000000000000e+01 -1.825000000000000000e+01 -1.825000000000000000e+01 2.302563608109454638e-02 2.302563608109454291e-02 4.112091360743443808e-02 -9.127811491027060242e+00 -9.127811491027060242e+00 -9.127811491027060242e+00 1.725441550332946833e-03 1.725441550332993453e-03 1.507330585324134081e-03 -8.291681149093989234e+00 2.003542432046522340e-03
-1.800000000000000000e+01 -1.800000000000000000e+01 -1.800000000000000000e+01 2.338380429154070933e-02 2.338380429154071974e-02 4.121277055892574176e-02 -9.002772977451346748e+00 -9.002772977451346748e+00 -9.002772977451346748e+00 1.784394202168743246e-03 1.784394202168790517e-03 1.556104218833240585e-03 -8.166642635518275739e+00 2.075424150575220453e-03
-1.775000000000000000e+01 -1.775000000000000000e+01 -1.775000000000000000e+01 2.376939057520736920e-02 2.376939057520738308e-02 4.132823348879901409e-02 -8.877734463875635029e+00 -8.877734463875635029e+00 -8.877734463875635029e+00 1.846064246771057489e-03 1.846064246771099773e-03 1.607129850194542698e-03 -8.041604121942564021e+00 2.150690466267200871e-03
-1.750000000000000000e+01 -1.750000000000000000e+01 -1.750000000000000000e+01 2.418200649142907693e-02 2.418200649142908734e-02 4.144735140983803884e-02 -8.752695950299919758e+00 -8.752695950299919758e+00 -8.752695950299919758e+00 1.910593029804767088e-03 1.910593029804802433e-03 1.660513642901946052e-03 -7.916565608366848750e+00 2.229531758790244921e-03
-1.725000000000000000e+01 -1.725000000000000000e+01 -1.725000000000000000e+01 2.462619772378672398e-02 2.462619772378672744e-02 4.159438194034655034e-02 -8.627657436724208040e+00 -8.627657436724208040e+00 -8.627657436724208040e+00 1.978132686364514770e-03 1.978132686364541225e-03 1.716369182928842137e-03 -7.791527094791137031e+00 2.312151541792939208e-03
-1.700000000000000000e+01 -1.700000000000000000e+01 -1.700000000000000000e+01 2.510143452190479949e-02 2.510143452190479602e-02 4.174704909977170614e-02 -8.502618923148494545e+00 -8.502618923148494545e+00 -8.502618923148494545e+00 2.048845824654497560e-03 2.048845824654518810e-03 1.774819344177783025e-03 -7.666488581215423537e+00 2.398769051067100450e-03
-1.675000000000000000e+01 -1.675000000000000000e+01 -1.675000000000000000e+01 2.561316784940034785e-02 2.561316784940036520e-02 4.193271771924389490e-02 -8.377580409572781051e+00 -8.377580409572781051e+00 -8.377580409572781051e+00 2.122907513319673058e-03 2.122907513319691707e-03 1.835995424358180528e-03 -7.541450067639710042e+00 2.489618992728728081e-03
-1.650000000000000000e+01 -1.650000000000000000e+01 -1.650000000000000000e+01 2.616069604271291371e-02 2.616069604271294494e-02 4.212653285407354231e-02 -8.252541895997069332e+00 -8.252541895997069332e+00 -8.252541895997069332e+00 2.200505032372481601e-03 2.200505032372502418e-03 1.900039272119005782e-03 -7.416411554063998324e+00 2.584954518578409365e-03
-1.625000000000000000e+01 -1.625000000000000000e+01 -1.625000000000000000e+01 2.675056361409193159e-02 2.675056361409191771e-02 4.235939295417379125e-02 -8.127503382421354061e+00 -8.127503382421354061e+00 -8.127503382421354061e+00 2.281840157197510474e-03 2.281840157197532158e-03 1.967102427606120304e-03 -7.291373040488283053e+00 2.685047106123680891e-03
-1.600000000000000000e+01 -1.600000000000000000e+01 -1.600000000000000000e+01 2.738186173033018214e-02 2.738186173033018561e-02 4.260356785256023959e-02 -8.002464868845642343e+00 -8.002464868845642343e+00 -8.002464868845642343e+00 2.367129005687128220e-03 2.367129005687152073e-03 2.037348541800143836e-03 -7.166334526912571334e+00 2.790189990699981464e-03
-1.575000000000000000e+01 -1.575000000000000000e+01 -1.575000000000000000e+01 2.806246098611643244e-02 2.806246098611643244e-02 4.289400256481715190e-02 -7.877426355269929736e+00 -7.877426355269929736e+00 -7.877426355269929736e+00 2.456604669026969927e-03 2.456604669026995948e-03 2.110952536322813124e-03 -7.041296013336858728e+00 2.900698233506570582e-03
-1.550000000000000000e+01 -1.550000000000000000e+01 -1.550000000000000000e+01 2.879120498038727216e-02 2.879120498038728257e-02 4.319974555646777237e-02 -7.752387841694215354e+00 -7.752387841694215354e+00 -7.752387841694215354e+00 2.550517194061757524e-03 2.550517194061778774e-03 2.188103354978665222e-03 -6.916257499761144345e+00 3.016912698537744207e-03
-1.525000000000000000e+01 -1.525000000000000000e+01 -1.525000000000000000e+01 2.957757911085081085e-02 2.957757911085081085e-02 4.356040850119111130e-02 -7.627349328118502747e+00 -7.627349328118502747e+00 -7.627349328118502747e+00 2.649136624642886313e-03 2.649136624642903226e-03 2.269003164882057999e-03 -6.791218986185431739e+00 3.139200382701996372e-03
-1.500000000000000000e+01 -1.500000000000000000e+01 -1.500000000000000000e+01 3.042013345230425159e-02 3.042013345230425159e-02 4.394141328459925944e-02 -7.502310814542789252e+00 -7.502310814542789252e+00 -7.502310814542789252e+00 2.752753171238132325e-03 2.752753171238147504e-03 2.353870491447101858e-03 -6.666180472609718244e+00 3.267959049609618465e-03
-1.475000000000000000e+01 -1.475000000000000000e+01 -1.475000000000000000e+01 3.133032878419580308e-02 3.133032878419581002e-02 4.438779203567810167e-02 -7.377272300967076646e+00 -7.377272300967076646e+00 -7.377272300967076646e+00 2.861680744120413417e-03 2.861680744120425560e-03 2.442939492162665097e-03 -6.541141959034005637e+00 3.403617919678411392e-03
-1.450000000000000000e+01 -1.450000000000000000e+01 -1.450000000000000000e+01 3.230636990197201935e-02 3.230636990197200548e-02 4.486086468329297111e-02 -7.252233787391364039e+00 -7.252233787391364039e+00 -7.252233787391364039e+00 2.976257379326579210e-03 2.976257379326595690e-03 2.536463540167962528e-03 -6.416103445458293031e+00 3.546643104293588453e-03
-1.425000000000000000e+01 -1.425000000000000000e+01 -1.425000000000000000e+01 3.336214617984310099e-02 3.336214617984308711e-02 4.541200583400511331e-02 -7.127195273815649657e+00 -7.127195273815649657e+00 -7.127195273815649657e+00 3.096849367712742676e-03 3.096849367712761324e-03 2.634714613898976598e-03 -6.291064931882578648e+00 3.697538785786240543e-03
-1.400000000000000000e+01 -1.400000000000000000e+01 -1.400000000000000000e+01 3.449545968875470520e-02 3.449545968875471907e-02 4.599787450395820959e-02 -7.002156760239937050e+00 -7.002156760239937050e+00 -7.002156760239937050e+00 3.223852029142753456e-03 3.223852029142770803e-03 2.737987412012277914e-03 -6.166026418306866042e+00 3.856853637149527080e-03
-1.375000000000000000e+01 -1.375000000000000000e+01 -1.375000000000000000e+01 3.572320204224268408e-02 3.572320204224269796e-02 4.667732329710500699e-02 -6.877118246664223555e+00 -6.877118246664223555e+00 -6.877118246664223555e+00 3.357694571381536746e-03 3.357694571381549323e-03 2.846598917796649541e-03 -6.040987904731152547e+00 4.025182665008711705e-03
-1.350000000000000000e+01 -1.350000000000000000e+01 -1.350000000000000000e+01 3.704271020192342889e-02 3.704271020192344971e-02 4.740169158309617131e-02 -6.752079733088510949e+00 -6.752079733088510949e+00 -6.752079733088510949e+00 3.498841335057369800e-03 3.498841335057377173e-03 2.960893150997602041e-03 -5.915949391155439940e+00 4.203174855768038523e-03
-1.325000000000000000e+01 -1.325000000000000000e+01 -1.325000000000000000e+01 3.847460965714262493e-02 3.847460965714261799e-02 4.823871893321225734e-02 -6.627041219512798342e+00 -6.627041219512798342e+00 -6.627041219512798342e+00 3.647797556231688679e-03 3.647797556231691281e-03 3.081240986870544332e-03 -5.790910877579727334e+00 4.391535913567076385e-03
-1.300000000000000000e+01 -1.300000000000000000e+01 -1.300000000000000000e+01 4.001570681158161252e-02 4.001570681158159865e-02 4.913364705349738959e-02 -6.502002705937083959e+00 -6.502002705937083959e+00 -6.502002705937083959e+00 3.805111246337393536e-03 3.805111246337386597e-03 3.208045680352666212e-03 -5.665872364004012951e+00 4.591037448872102751e-03
-1.275000000000000000e+01 -1.275000000000000000e+01 -1.275000000000000000e+01 4.169130195560746127e-02 4.169130195560746127e-02 5.016486513075819192e-02 -6.376964192361371353e+00 -6.376964192361371353e+00 -6.376964192361371353e+00 3.971380085898547872e-03 3.971380085898536597e-03 3.341743048050471905e-03 -5.540833850428300345e+00 4.802520924222709008e-03
-1.250000000000000000e+01 -1.250000000000000000e+01 -1.250000000000000000e+01 4.349760622861597453e-02 4.349760622861597453e-02 5.127059654742744527e-02 -6.251925678785657858e+00 -6.251925678785657858e+00 -6.251925678785657858e+00 4.147254160745761711e-03 4.147254160745747834e-03 3.482807939916224369e-03 -5.415795336852586850e+00 5.026908803641252574e-03
-1.225000000000000000e+01 -1.225000000000000000e+01 -1.225000000000000000e+01 4.546581580502984804e-02 4.546581580502984804e-02 5.254210501311856740e-02 -6.126887165209944364e+00 -6.126887165209944364e+00 -6.126887165209944364e+00 4.333444287271887366e-03 4.333444287271876090e-03 3.631754931322540413e-03 -5.290756823276873355e+00 5.265210130822988929e-03
-1.200000000000000000e+01 -1.200000000000000000e+01 -1.200000000000000000e+01 4.759148967227691540e-02 4.759148967227690846e-02 5.390950457828143361e-02 -6.001848651634231757e+00 -6.001848651634231757e+00 -6.001848651634231757e+00 4.530725905196083224e-03 4.530725905196073683e-03 3.789145970744521065e-03 -5.165718309701160749e+00 5.518534198573617905e-03
-1.175000000000000000e+01 -1.175000000000000000e+01 -1.175000000000000000e+01 4.991332026871102973e-02 4.991332026871098115e-02 5.547976940076627256e-02 -5.876810138058518262e+00 -5.876810138058518262e+00 -5.876810138058518262e+00 4.739949234916228209e-03 4.739949234916227341e-03 3.955591782689462342e-03 -5.040679796125447254e+00 5.788098340280508833e-03
-1.150000000000000000e+01 -1.150000000000000000e+01 -1.150000000000000000e+01 5.242617795431938482e-02 5.242617795431938482e-02 5.717361052527791809e-02 -5.751771624482804768e+00 -5.751771624482804768e+00 -5.751771624482804768e+00 4.962044737341224192e-03 4.962044737341221590e-03 4.131760992340713888e-03 -4.915641282549733759e+00 6.075244874403289835e-03
-1.125000000000000000e+01 -1.125000000000000000e+01 -1.125000000000000000e+01 5.517837168602586495e-02 5.517837168602585107e-02 5.911736601983828832e-02 -5.626733110907092161e+00 -5.626733110907092161e+00 -5.626733110907092161e+00 5.198035643044643730e-03 5.198035643044633322e-03 4.318382514721317601e-03 -4.790602768974021153e+00 6.381451910246338163e-03
-1.100000000000000000e+01 -1.100000000000000000e+01 -1.100000000000000000e+01 5.816408904423666509e-02 5.816408904423663734e-02 6.122081096529007060e-02 -5.501694597331378667e+00 -5.501694597331378667e+00 -5.501694597331378667e+00 5.449045545136771244e-03 5.449045545136753897e-03 4.516256556747723187e-03 -4.665564255398307658e+00 6.708354597776983001e-03
-1.075000000000000000e+01 -1.075000000000000000e+01 -1.075000000000000000e+01 6.144409793396144598e-02 6.144409793396143210e-02 6.363440918987266215e-02 -5.376656083755666060e+00 -5.376656083755666060e+00 -5.376656083755666060e+00 5.716314035418806894e-03 5.716314035418782608e-03 4.726258372777648702e-03 -4.540525741822595052e+00 7.057760062306538129e-03
-1.050000000000000000e+01 -1.050000000000000000e+01 -1.050000000000000000e+01 6.501198905913165016e-02 6.501198905913163628e-02 6.625518822669211605e-02 -5.251617570179952565e+00 -5.251617570179952565e+00 -5.251617570179952565e+00 6.001207217793741097e-03 6.001207217793708137e-03 4.949351682664394902e-03 -4.415487228246881557e+00 7.431674381324800821e-03
-1.025000000000000000e+01 -1.025000000000000000e+01 -1.025000000000000000e+01 6.894484972775484499e-02 6.894484972775481724e-02 6.926402398290186502e-02 -5.126579056604239071e+00 -5.126579056604239071e+00 -5.126579056604239071e+00 6.305237464606222413e-03 6.305237464606192055e-03 5.186594322333161131e-03 -4.290448714671168062e+00 7.832323214235733730e-03
-1.000000000000000000e+01 -1.000000000000000000e+01 -1.000000000000000000e+01 7.323590456381638691e-02 7.323590456381637304e-02 7.254306838724886020e-02 -5.001540543028525576e+00 -5.001540543028525576e+00 -5.001540543028525576e+00 6.630077957369873327e-03 6.630077957369844704e-03 5.439154810437857313e-03 -4.165410201095454568e+00 8.262186491338932570e-03
-9.750000000000000000e+00 -9.750000000000000000e+00 -9.750000000000000000e+00 7.798387912877004224e-02 7.798387912877008388e-02 7.631202570444918509e-02 -4.876502029452812970e+00 -4.876502029452812970e+00 -4.876502029452812970e+00 6.977587976798031721e-03 6.977587976798011772e-03 5.708320635142653116e-03 -4.040371687519741961e+00 8.724026962668262122e-03
-9.500000000000000000e+00 -9.500000000000000000e+00 -9.500000000000000000e+00 8.318211951177893748e-02 8.318211951177895136e-02 8.043570092661364579e-02 -4.751463515877100363e+00 -4.751463515877100363e+00 -4.751463515877100363e+00 7.349833043394705424e-03 7.349833043394693281e-03 5.995518977666920539e-03 -3.915333173944029355e+00 9.220935405968504889e-03
-9.250000000000000000e+00 -9.250000000000000000e+00 -9.250000000000000000e+00 8.895843512005316422e-02 8.895843512005321974e-02 8.518407072845257666e-02 -4.626425002301386868e+00 -4.626425002301386868e+00 -4.626425002301386868e+00 7.749117738937522960e-03 7.749117738937508215e-03 6.302328683784903102e-03 -3.790294660368315860e+00 9.756370289469476487e-03
-9.000000000000000000e+00 -9.000000000000000000e+00 -9.000000000000000000e+00 9.530723247831292266e-02 9.530723247831310307e-02 9.040178303698805096e-02 -4.501386488725673374e+00 -4.501386488725673374e+00 -4.501386488725673374e+00 8.178013707810283944e-03 8.178013707810277005e-03 6.630506549033339178e-03 -3.665256146792602365e+00 1.033421752080517647e-02
-8.750000000000000000e+00 -8.750000000000000000e+00 -8.750000000000000000e+00 1.023960135244185582e-01 1.023960135244185721e-01 9.642491785265527859e-02 -4.376347975149959879e+00 -4.376347975149959879e+00 -4.376347975149959879e+00 8.639402872564190192e-03 8.639402872564179783e-03 6.982004472700179334e-03 -3.540217633216888871e+00 1.095884587074325532e-02
-8.500000000000000000e+00 -8.500000000000000000e+00 -8.500000000000000000e+00 1.102219789142738077e-01 1.102219789142737938e-01 1.030748945987449705e-01 -4.251309461574247273e+00 -4.251309461574247273e+00 -4.251309461574247273e+00 9.136516588283703777e-03 9.136516588283693369e-03 7.359003286805576062e-03 -3.415179119641176264e+00 1.163518710851410565e-02
-8.250000000000000000e+00 -8.250000000000000000e+00 -8.250000000000000000e+00 1.190077405985895398e-01 1.190077405985895120e-01 1.107762194561978664e-01 -4.126270947998534666e+00 -4.126270947998534666e+00 -4.126270947998534666e+00 9.672993414434489720e-03 9.672993414434489720e-03 7.763937254476824430e-03 -3.290140606065463658e+00 1.236881403795407446e-02
-8.000000000000000000e+00 -8.000000000000000000e+00 -8.000000000000000000e+00 1.287564376551994239e-01 1.287564376551993406e-01 1.193239865025711027e-01 -4.001232434422821171e+00 -4.001232434422821171e+00 -4.001232434422821171e+00 1.025293428306632039e-02 1.025293428306633600e-02 8.199538276225640590e-03 -3.165102092489750163e+00 1.316604964479270272e-02
-7.750000000000000000e+00 -7.750000000000000000e+00 -7.750000000000000000e+00 1.397687019095359418e-01 1.397687019095359418e-01 1.292632878680448627e-01 -3.876193920847107677e+00 -3.876193920847107677e+00 -3.876193920847107677e+00 1.088098097322764447e-02 1.088098097322765662e-02 8.668870887886467869e-03 -3.040063578914036668e+00 1.403407799610198632e-02
-7.500000000000000000e+00 -7.500000000000000000e+00 -7.500000000000000000e+00 1.520592942219468058e-01 1.520592942219467503e-01 1.403603403042771591e-01 -3.751155407271394626e+00 -3.751155407271394626e+00 -3.751155407271394626e+00 1.156239457702924571e-02 1.156239457702926306e-02 9.175390949670554283e-03 -2.915025065338323618e+00 1.498109533510538945e-02
-7.250000000000000000e+00 -7.250000000000000000e+00 -7.250000000000000000e+00 1.660417762947211939e-01 1.660417762947213327e-01 1.533282885858821554e-01 -3.626116893695682020e+00 -3.626116893695682020e+00 -3.626116893695682020e+00 1.230316390342080408e-02 1.230316390342082490e-02 9.722995802395096449e-03 -2.789986551762611011e+00 1.601646942572272289e-02
-7.000000000000000000e+00 -7.000000000000000000e+00 -7.000000000000000000e+00 1.817528738344312833e-01 1.817528738344312556e-01 1.679037379465309066e-01 -3.501078380119968525e+00 -3.501078380119968525e+00 -3.501078380119968525e+00 1.311011833338127618e-02 1.311011833338127271e-02 1.031610347033956945e-02 -2.664948038186897517e+00 1.715095233141239461e-02
-6.750000000000000000e+00 -6.750000000000000000e+00 -6.750000000000000000e+00 1.997738169765587712e-01 1.997738169765588823e-01 1.850398998624239455e-01 -3.376039866544255474e+00 -3.376039866544255474e+00 -3.376039866544255474e+00 1.399108024912333950e-02 1.399108024912333256e-02 1.095972493904357609e-02 -2.539909524611184466e+00 1.839691229499838127e-02
-6.500000000000000000e+00 -6.500000000000000000e+00 -6.500000000000000000e+00 2.201824039512799425e-01 2.201824039512799702e-01 2.044476174813891767e-01 -3.251001352968541980e+00 -3.251001352968541980e+00 -3.251001352968541980e+00 1.495502946043644928e-02 1.495502946043643713e-02 1.165957285808691402e-02 -2.414871011035470971e+00 1.976863886746347415e-02
-6.250000000000000000e+00 -6.250000000000000000e+00 -6.250000000000000000e+00 2.438162158719461847e-01 2.438162158719460737e-01 2.274329293099281724e-01 -3.125962839392828929e+00 -3.125962839392828929e+00 -3.125962839392828929e+00 1.601232160132009738e-02 1.601232160132008350e-02 1.242216648328189031e-02 -2.289832497459757921e+00 2.128268523954298871e-02
-6.000000000000000000e+00 -6.000000000000000000e+00 -6.000000000000000000e+00 2.708302194934069096e-01 2.708302194934069096e-01 2.536953599663028247e-01 -3.000924325817115879e+00 -3.000924325817115879e+00 -3.000924325817115879e+00 1.717493124669410356e-02 1.717493124669407928e-02 1.325498346794359503e-02 -2.164793983884044870e+00 2.295831427205276276e-02
-5.750000000000000000e+00 -5.750000000000000000e+00 -5.750000000000000000e+00 3.024675295314995793e-01 3.024675295314996348e-01 2.850769142578063464e-01 -2.875885812241402384e+00 -2.875885812241402384e+00 -2.875885812241402384e+00 1.845677113001998118e-02 1.845677113001995689e-02 1.416661365694947723e-02 -2.039755470308331375e+00 2.481801205374652153e-02
-5.500000000000000000e+00 -5.500000000000000000e+00 -5.500000000000000000e+00 3.390305072220426430e-01 3.390305072220426430e-01 3.213041342122753274e-01 -2.750847298665689333e+00 -2.750847298665689333e+00 -2.750847298665689333e+00 1.987405764486980739e-02 1.987405764486976575e-02 1.516697484969605110e-02 -1.914716956732618325e+00 2.688815313537451512e-02
-5.250000000000000000e+00 -5.250000000000000000e+00 -5.250000000000000000e+00 3.824299142031055698e-01 3.824299142031057919e-01 3.650654541580297674e-01 -2.625808785089976283e+00 -2.625808785089976283e+00 -2.625808785089976283e+00 2.144578750811667114e-02 2.144578750811665033e-02 1.626754071153052594e-02 -1.789678443156905274e+00 2.919978440490229865e-02
-5.000000000000000000e+00 -5.000000000000000000e+00 -5.000000000000000000e+00 4.332572615304387531e-01 4.332572615304386976e-01 4.162070409010416028e-01 -2.500770271514262788e+00 -2.500770271514262788e+00 -2.500770271514262788e+00 2.319429773718771626e-02 2.319429773718771626e-02 1.748165323861613357e-02 -1.664639929581191780e+00 3.178963783899840106e-02
-4.750000000000000000e+00 -4.750000000000000000e+00 -4.750000000000000000e+00 4.945753717219844026e-01 4.945753717219851242e-01 4.788174314570526890e-01 -2.375731757938550182e+00 -2.375731757938550182e+00 -2.375731757938550182e+00 2.514599424206727732e-02 2.514599424206726344e-02 1.882486510505984936e-02 -1.539601416005479173e+00 3.470134830068931364e-02
-4.500000000000000000e+00 -4.500000000000000000e+00 -4.500000000000000000e+00 5.675641981311017048e-01 5.675641981311018158e-01 5.530818532870853677e-01 -2.250693244362836687e+00 -2.250693244362836687e+00 -2.250693244362836687e+00 2.733222880984605835e-02 2.733222880984604794e-02 2.031540159582170130e-02 -1.414562902429765678e+00 3.798702578979800543e-02
-4.250000000000000000e+00 -4.250000000000000000e+00 -4.250000000000000000e+00 6.573883374088225207e-01 6.573883374088227427e-01 6.455379611441207643e-01 -2.125654730787123636e+00 -2.125654730787123636e+00 -2.125654730787123636e+00 2.979044293731235304e-02 2.979044293731232876e-02 2.197468406592885740e-02 -1.289524388854052628e+00 4.170917714756343375e-02
-4.000000000000000000e+00 -4.000000000000000000e+00 -4.000000000000000000e+00 7.664832371077797690e-01 7.664832371077797690e-01 7.572396836417251142e-01 -2.000616217211410586e+00 -2.000616217211410586e+00 -2.000616217211410586e+00 3.256557910673775480e-02 3.256557910673772704e-02 2.382803059398947917e-02 -1.164485875278339577e+00 4.594318323911616292e-02
-3.750000000000000000e+00 -3.750000000000000000e+00 -3.750000000000000000e+00 9.041109781262876011e-01 9.041109781262877121e-01 8.993111670165720994e-01 -1.875577703635697313e+00 -1.875577703635697313e+00 -1.875577703635697313e+00 3.571193767948049186e-02 3.571193767948044329e-02 2.590547821763499944e-02 -1.039447361702626305e+00 5.078035349892523476e-02
-3.500000000000000000e+00 -3.500000000000000000e+00 -3.500000000000000000e+00 1.075549011012647993e+00 1.075549011012647549e+00 1.075011350922121967e+00 -1.750539190059984263e+00 -1.750539190059984263e+00 -1.750539190059984263e+00 3.929553527158546888e-02 3.929553527158538562e-02 2.824288722723644618e-02 -9.144088481269132540e-01 5.633182706007969914e-02
-3.250000000000000000e+00 -3.250000000000000000e+00 -3.250000000000000000e+00 1.298709538859882384e+00 1.298709538859882828e+00 1.304804064187689683e+00 -1.625500676484270990e+00 -1.625500676484270990e+00 -1.625500676484270990e+00 4.339726943036981838e-02 4.339726943036979756e-02 3.088329592146144692e-02 -7.893703345511999814e-01 6.273333364834095260e-02
-3.000000000000000000e+00 -3.000000000000000000e+00 -3.000000000000000000e+00 1.585792644744932867e+00 1.585792644744932867e+00 1.597755415941539914e+00 -1.500462162908557939e+00 -1.500462162908557939e+00 -1.500462162908557939e+00 4.811710774382056688e-02 4.811710774382050443e-02 3.387878379986725835e-02 -6.643318209754869308e-01 7.015103909427555795e-02
-2.750000000000000000e+00 -2.750000000000000000e+00 -2.750000000000000000e+00 1.974819656397904133e+00 1.974819656397905021e+00 1.995414523678281427e+00 -1.375423649332844667e+00 -1.375423649332844667e+00 -1.375423649332844667e+00 5.357994728569340226e-02 5.357994728569340920e-02 3.729292029465610531e-02 -5.392933073997736582e-01 7.878814665735556222e-02
-2.500000000000000000e+00 -2.500000000000000000e+00 -2.500000000000000000e+00 2.496460598356386562e+00 2.496460598356385230e+00 2.523254503418859596e+00 -1.250385135757131394e+00 -1.250385135757131394e+00 -1.250385135757131394e+00 5.994393650802985057e-02 5.994393650802982976e-02 4.120434448316633719e-02 -4.142547938240603855e-01 8.889159156500760217e-02
-2.250000000000000000e+00 -2.250000000000000000e+00 -2.250000000000000000e+00 3.241378526679632444e+00 3.241378526679635108e+00 3.276893003219466749e+00 -1.125346622181418343e+00 -1.125346622181418343e+00 -1.125346622181418343e+00 6.741314998550269888e-02 6.741314998550272664e-02 4.571204390015872615e-02 -2.892162802483473349e-01 1.007559653798752036e-01
-2.000000000000000000e+00 -2.000000000000000000e+00 -2.000000000000000000e+00 4.295537750095258289e+00 4.295537750095260066e+00 4.333131798740311069e+00 -1.000308108605705293e+00 -1.000308108605705293e+00 -1.000308108605705293e+00 7.625805643913745324e-02 7.625805643913742549e-02 5.094408376010235717e-02 -1.641777666726342844e-01 1.147174966348691871e-01
-1.750000000000000000e+00 -1.750000000000000000e+00 -1.750000000000000000e+00 5.909945149337675119e+00 5.909945149337663572e+00 5.950315517634319207e+00 -8.752695950299921313e-01 -8.752695950299921313e-01 -8.752695950299921313e-01 8.685202156244678506e-02 8.685202156244672955e-02 5.707321794698405615e-02 -3.913925309692112275e-02 1.311177378515539782e-01
-1.500000000000000000e+00 -1.500000000000000000e+00 -1.500000000000000000e+00 8.363353381481870130e+00 8.363353381481870130e+00 8.390302598965254433e+00 -7.502310814542789696e-01 -7.502310814542789696e-01 -7.502310814542789696e-01 9.974031395086606355e-02 9.974031395086604967e-02 6.434947282267088065e-02 8.589926047879203885e-02 1.501818298201630653e-01
-1.250000000000000000e+00 -1.250000000000000000e+00 -1.250000000000000000e+00 1.250844533217878585e+01 1.250844533217878407e+01 1.251860223425754803e+01 -6.251925678785656970e-01 -6.251925678785656970e-01 -6.251925678785656970e-01 1.157539318725008398e-01 1.157539318725007566e-01 7.317780478706192859e-02 2.109377740545053115e-01 1.716594018888302209e-01
-1.000000000000000000e+00 -1.000000000000000000e+00 -1.000000000000000000e+00 1.946417923334916011e+01 1.946417923334916011e+01 1.942243622586922669e+01 -5.001540543028526464e-01 -5.001540543028526464e-01 -5.001540543028526464e-01 1.360454853217658022e-01 1.360454853217657467e-01 8.430963254084208880e-02 3.359762876302183621e-01 1.939175712159996179e-01
-7.500000000000000000e-01 -7.500000000000000000e-01 -7.500000000000000000e-01 3.325626552109531531e+01 3.325626552109528689e+01 3.315915164694576589e+01 -3.751155407271394848e-01 -3.751155407271394848e-01 -3.751155407271394848e-01 1.614352150012011711e-01 1.614352150012011433e-01 9.920282451934213375e-02 4.610148012059315237e-01 2.124371022133077491e-01
-5.000000000000000000e-01 -5.000000000000000000e-01 -5.000000000000000000e-01 6.051209861276761615e+01 6.051209861276758062e+01 6.029583290578127475e+01 -2.500770271514263232e-01 -2.500770271514263232e-01 -2.500770271514263232e-01 1.901075953683437070e-01 1.901075953683436237e-01 1.201517142121079768e-01 5.860533147816446853e-01 2.195080606613220298e-01
-2.500000000000000000e-01 -2.500000000000000000e-01 -2.500000000000000000e-01 1.444358241129327212e+02 1.444358241129326927e+02 1.441581382858685174e+02 -1.250385135757131616e-01 -1.250385135757131616e-01 -1.250385135757131616e-01 2.148132690031789582e-01 2.148132690031788472e-01 1.486940675895456754e-01 7.110918283573578469e-01 2.085951008515708471e-01
0.000000000000000000e+00 0.000000000000000000e+00 0.000000000000000000e+00 3.731863504899009740e+02 3.731863504899008603e+02 3.727617842679558748e+02 0.000000000000000000e+00 0.000000000000000000e+00 0.000000000000000000e+00 2.248590314424367131e-01 2.248590314424366299e-01 1.815257434531548641e-01 8.361303419330710085e-01 1.815257434531548641e-01
2.500000000000000000e-01 2.500000000000000000e-01 2.500000000000000000e-01 1.444358241129328064e+02 1.444358241129327496e+02 1.441581382858686311e+02 1.250385135757131616e-01 1.250385135757131616e-01 1.250385135757131616e-01 2.148132690031789027e-01 2.148132690031787362e-01 2.085951008515708471e-01 9.611688555087841701e-01 1.486940675895456754e-01
5.000000000000000000e-01 5.000000000000000000e-01 5.000000000000000000e-01 6.051209861276771562e+01 6.051209861276769431e+01 6.029583290578140264e+01 2.500770271514263232e-01 2.500770271514263232e-01 2.500770271514263232e-01 1.901075953683435404e-01 1.901075953683433739e-01 2.195080606613220298e-01 1.086207369084497332e+00 1.201517142121079768e-01
7.500000000000000000e-01 7.500000000000000000e-01 7.500000000000000000e-01 3.325626552109531531e+01 3.325626552109528689e+01 3.315915164694576589e+01 3.751155407271394848e-01 3.751155407271394848e-01 3.751155407271394848e-01 1.614352150012011156e-01 1.614352150012011156e-01 2.124371022133077491e-01 1.211245882660210604e+00 9.920282451934213375e-02
1.000000000000000000e+00 1.000000000000000000e+00 1.000000000000000000e+00 1.946417923334922406e+01 1.946417923334922051e+01 1.942243622586927998e+01 5.001540543028526464e-01 5.001540543028526464e-01 5.001540543028526464e-01 1.360454853217656357e-01 1.360454853217656357e-01 1.939175712159996179e-01 1.336284396235923655e+00 8.430963254084208880e-02
1.250000000000000000e+00 1.250000000000000000e+00 1.250000000000000000e+00 1.250844533217883026e+01 1.250844533217882848e+01 1.251860223425758178e+01 6.251925678785656970e-01 6.251925678785656970e-01 6.251925678785656970e-01 1.157539318725006594e-01 1.157539318725006178e-01 1.716594018888302209e-01 1.461322909811636706e+00 7.317780478706192859e-02
1.500000000000000000e+00 1.500000000000000000e+00 1.500000000000000000e+00 8.363353381481870130e+00 8.363353381481870130e+00 8.390302598965254433e+00 7.502310814542789696e-01 7.502310814542789696e-01 7.502310814542789696e-01 9.974031395086602192e-02 9.974031395086600804e-02 1.501818298201630653e-01 1.586361423387349978e+00 6.434947282267088065e-02
1.750000000000000000e+00 1.750000000000000000e+00 1.750000000000000000e+00 5.909945149337699100e+00 5.909945149337687553e+00 5.950315517634336082e+00 8.752695950299921313e-01 8.752695950299921313e-01 8.752695950299921313e-01 8.685202156244690996e-02 8.685202156244686833e-02 1.311177378515539782e-01 1.711399936963063251e+00 5.707321794698405615e-02
2.000000000000000000e+00 2.000000000000000000e+00 2.000000000000000000e+00 4.295537750095273388e+00 4.295537750095275165e+00 4.333131798740320839e+00 1.000308108605705293e+00 1.000308108605705293e+00 1.000308108605705293e+00 7.625805643913757814e-02 7.625805643913755039e-02 1.147174966348691871e-01 1.836438450538776301e+00 5.094408376010235717e-02
2.250000000000000000e+00 2.250000000000000000e+00 2.250000000000000000e+00 3.241378526679632444e+00 3.241378526679635108e+00 3.276893003219468081e+00 1.125346622181418343e+00 1.125346622181418343e+00 1.125346622181418343e+00 6.741314998550269888e-02 6.741314998550271276e-02 1.007559653798752036e-01 1.961476964114489352e+00 4.571204390015872615e-02
2.500000000000000000e+00 2.500000000000000000e+00 2.500000000000000000e+00 2.496460598356399885e+00 2.496460598356398553e+00 2.523254503418868033e+00 1.250385135757131394e+00 1.250385135757131394e+00 1.250385135757131394e+00 5.994393650802964935e-02 5.994393650802962159e-02 8.889159156500760217e-02 2.086515477690202403e+00 4.120434448316633719e-02
2.750000000000000000e+00 2.750000000000000000e+00 2.750000000000000000e+00 1.974819656397912127e+00 1.974819656397913015e+00 1.995414523678284091e+00 1.375423649332844667e+00 1.375423649332844667e+00 1.375423649332844667e+00 5.357994728569321491e-02 5.357994728569319409e-02 7.878814665735556222e-02 2.211553991265915897e+00 3.729292029465610531e-02
3.000000000000000000e+00 3.000000000000000000e+00 3.000000000000000000e+00 1.585792644744932867e+00 1.585792644744932867e+00 1.597755415941539914e+00 1.500462162908557939e+00 1.500462162908557939e+00 1.500462162908557939e+00 4.811710774382055300e-02 4.811710774382049749e-02 7.015103909427555795e-02 2.336592504841628948e+00 3.387878379986725835e-02
3.250000000000000000e+00 3.250000000000000000e+00 3.250000000000000000e+00 1.298709538859890378e+00 1.298709538859890156e+00 1.304804064187695900e+00 1.625500676484270990e+00 1.625500676484270990e+00 1.625500676484270990e+00 4.339726943037000573e-02 4.339726943036997797e-02 6.273333364834095260e-02 2.461631018417341998e+00 3.088329592146144692e-02
3.500000000000000000e+00 3.500000000000000000e+00 3.500000000000000000e+00 1.075549011012652878e+00 1.075549011012651990e+00 1.075011350922124631e+00 1.750539190059984263e+00 1.750539190059984263e+00 1.750539190059984263e+00 3.929553527158564236e-02 3.929553527158558685e-02 5.633182706007969914e-02 2.586669531993055493e+00 2.824288722723644618e-02
3.750000000000000000e+00 3.750000000000000000e+00 3.750000000000000000e+00 9.041109781262876011e-01 9.041109781262877121e-01 8.993111670165720994e-01 1.875577703635697313e+00 1.875577703635697313e+00 1.875577703635697313e+00 3.571193767948047798e-02 3.571193767948042941e-02 5.078035349892523476e-02 2.711708045568768100e+00 2.590547821763499944e-02
4.000000000000000000e+00 4.000000000000000000e+00 4.000000000000000000e+00 7.664832371077839879e-01 7.664832371077842099e-01 7.572396836417274457e-01 2.000616217211410586e+00 2.000616217211410586e+00 2.000616217211410586e+00 3.256557910673760214e-02 3.256557910673756051e-02 4.594318323911616292e-02 2.836746559144481594e+00 2.382803059398947917e-02
4.250000000000000000e+00 4.250000000000000000e+00 4.250000000000000000e+00 6.573883374088250742e-01 6.573883374088252962e-01 6.455379611441220966e-01 2.125654730787123636e+00 2.125654730787123636e+00 2.125654730787123636e+00 2.979044293731220386e-02 2.979044293731217263e-02 4.170917714756343375e-02 2.961785072720194645e+00 2.197468406592885740e-02
4.500000000000000000e+00 4.500000000000000000e+00 4.500000000000000000e+00 5.675641981311017048e-01 5.675641981311018158e-01 5.530818532870854787e-01 2.250693244362836687e+00 2.250693244362836687e+00 2.250693244362836687e+00 2.733222880984605835e-02 2.733222880984604447e-02 3.798702578979800543e-02 3.086823586295907695e+00 2.031540159582170130e-02
4.750000000000000000e+00 4.750000000000000000e+00 4.750000000000000000e+00 4.945753717219871781e-01 4.945753717219877887e-01 4.788174314570541323e-01 2.375731757938550182e+00 2.375731757938550182e+00 2.375731757938550182e+00 2.514599424206744385e-02 2.514599424206740569e-02 3.470134830068931364e-02 3.211862099871621190e+00 1.882486510505984936e-02
5.000000000000000000e+00 5.000000000000000000e+00 5.000000000000000000e+00 4.332572615304403074e-01 4.332572615304401964e-01 4.162070409010421579e-01 2.500770271514262788e+00 2.500770271514262788e+00 2.500770271514262788e+00 2.319429773718787932e-02 2.319429773718786891e-02 3.178963783899840106e-02 3.336900613447333797e+00 1.748165323861613357e-02
5.250000000000000000e+00 5.250000000000000000e+00 5.250000000000000000e+00 3.824299142031055698e-01 3.824299142031057919e-01 3.650654541580297674e-01 2.625808785089976283e+00 2.625808785089976283e+00 2.625808785089976283e+00 2.144578750811667461e-02 2.144578750811664339e-02 2.919978440490229865e-02 3.461939127023047291e+00 1.626754071153052594e-02
5.500000000000000000e+00 5.500000000000000000e+00 5.500000000000000000e+00 3.390305072220448079e-01 3.390305072220446969e-01 3.213041342122761046e-01 2.750847298665689333e+00 2.750847298665689333e+00 2.750847298665689333e+00 1.987405764486965126e-02 1.987405764486961657e-02 2.688815313537451512e-02 3.586977640598760342e+00 1.516697484969605110e-02
5.750000000000000000e+00 5.750000000000000000e+00 5.750000000000000000e+00 3.024675295315009671e-01 3.024675295315009671e-01 2.850769142578065685e-01 2.875885812241402384e+00 2.875885812241402384e+00 2.875885812241402384e+00 1.845677113001982853e-02 1.845677113001980424e-02 2.481801205374652153e-02 3.712016154174473392e+00 1.416661365694947723e-02
6.000000000000000000e+00 6.000000000000000000e+00 6.000000000000000000e+00 2.708302194934069096e-01 2.708302194934069096e-01 2.536953599663028247e-01 3.000924325817115879e+00 3.000924325817115879e+00 3.000924325817115879e+00 1.717493124669410010e-02 1.717493124669407928e-02 2.295831427205276276e-02 3.837054667750186887e+00 1.325498346794359503e-02
6.250000000000000000e+00 6.250000000000000000e+00 6.250000000000000000e+00 2.438162158719479333e-01 2.438162158719478501e-01 2.274329293099289218e-01 3.125962839392828929e+00 3.125962839392828929e+00 3.125962839392828929e+00 1.601232160132026391e-02 1.601232160132023616e-02 2.128268523954298871e-02 3.962093181325899938e+00 1.242216648328189031e-02
6.500000000000000000e+00 6.500000000000000000e+00 6.500000000000000000e+00 2.201824039512810804e-01 2.201824039512811915e-01 2.044476174813892877e-01 3.251001352968541980e+00 3.251001352968541980e+00 3.251001352968541980e+00 1.495502946043661754e-02 1.495502946043659499e-02 1.976863886746347415e-02 4.087131694901612988e+00 1.165957285808691402e-02
6.750000000000000000e+00 6.750000000000000000e+00 6.750000000000000000e+00 1.997738169765587990e-01 1.997738169765589378e-01 1.850398998624239455e-01 3.376039866544255474e+00 3.376039866544255474e+00 3.376039866544255474e+00 1.399108024912333777e-02 1.399108024912333430e-02 1.839691229499838127e-02 4.212170208477326483e+00 1.095972493904357609e-02
7.000000000000000000e+00 7.000000000000000000e+00 7.000000000000000000e+00 1.817528738344325046e-01 1.817528738344324490e-01 1.679037379465312396e-01 3.501078380119968525e+00 3.501078380119968525e+00 3.501078380119968525e+00 1.311011833338112526e-02 1.311011833338112352e-02 1.715095233141239461e-02 4.337208722053039978e+00 1.031610347033956945e-02
7.250000000000000000e+00 7.250000000000000000e+00 7.250000000000000000e+00 1.660417762947219988e-01 1.660417762947221099e-01 1.533282885858825995e-01 3.626116893695682020e+00 3.626116893695682020e+00 3.626116893695682020e+00 1.230316390342064969e-02 1.230316390342067051e-02 1.601646942572272289e-02 4.462247235628753472e+00 9.722995802395096449e-03
7.500000000000000000e+00 7.500000000000000000e+00 7.500000000000000000e+00 1.520592942219468058e-01 1.520592942219467780e-01 1.403603403042771314e-01 3.751155407271394626e+00 3.751155407271394626e+00 3.751155407271394626e+00 1.156239457702924224e-02 1.156239457702925091e-02 1.498109533510538945e-02 4.587285749204465191e+00 9.175390949670554283e-03
7.750000000000000000e+00 7.750000000000000000e+00 7.750000000000000000e+00 1.397687019095368854e-01 1.397687019095369132e-01 1.292632878680449460e-01 3.876193920847107677e+00 3.876193920847107677e+00 3.876193920847107677e+00 1.088098097322779366e-02 1.088098097322781101e-02 1.403407799610198632e-02 4.712324262780178685e+00 8.668870887886467869e-03
8.000000000000000000e+00 8.000000000000000000e+00 8.000000000000000000e+00 1.287564376552000345e-01 1.287564376552000345e-01 1.193239865025711444e-01 4.001232434422821171e+00 4.001232434422821171e+00 4.001232434422821171e+00 1.025293428306646784e-02 1.025293428306647998e-02 1.316604964479270272e-02 4.837362776355892180e+00 8.199538276225640590e-03
8.250000000000000000e+00 8.250000000000000000e+00 8.250000000000000000e+00 1.190077405985895398e-01 1.190077405985895259e-01 1.107762194561978664e-01 4.126270947998534666e+00 4.126270947998534666e+00 4.126270947998534666e+00 9.672993414434486251e-03 9.672993414434486251e-03 1.236881403795407446e-02 4.962401289931605675e+00 7.763937254476824430e-03
8.500000000000000000e+00 8.500000000000000000e+00 8.500000000000000000e+00 1.102219789142744599e-01 1.102219789142744460e-01 1.030748945987450538e-01 4.251309461574247273e+00 4.251309461574247273e+00 4.251309461574247273e+00 9.136516588283526835e-03 9.136516588283518162e-03 1.163518710851410565e-02 5.087439803507318281e+00 7.359003286805576062e-03
8.750000000000000000e+00 8.750000000000000000e+00 8.750000000000000000e+00 1.023960135244188774e-01 1.023960135244189606e-01 9.642491785265538962e-02 4.376347975149959879e+00 4.376347975149959879e+00 4.376347975149959879e+00 8.639402872564009780e-03 8.639402872563999372e-03 1.095884587074325532e-02 5.212478317083030888e+00 6.982004472700179334e-03
9.000000000000000000e+00 9.000000000000000000e+00 9.000000000000000000e+00 9.530723247831292266e-02 9.530723247831310307e-02 9.040178303698806483e-02 4.501386488725673374e+00 4.501386488725673374e+00 4.501386488725673374e+00 8.178013707810277005e-03 8.178013707810273536e-03 1.033421752080517647e-02 5.337516830658744382e+00 6.630506549033339178e-03
9.250000000000000000e+00 9.250000000000000000e+00 9.250000000000000000e+00 8.895843512005380260e-02 8.895843512005383036e-02 8.518407072845257666e-02 4.626425002301386868e+00 4.626425002301386868e+00 4.626425002301386868e+00 7.749117738937687759e-03 7.749117738937684290e-03 9.756370289469476487e-03 5.462555344234457877e+00 6.302328683784903102e-03
9.500000000000000000e+00 9.500000000000000000e+00 9.500000000000000000e+00 8.318211951177933994e-02 8.318211951177935382e-02 8.043570092661360416e-02 4.751463515877100363e+00 4.751463515877100363e+00 4.751463515877100363e+00 7.349833043394862417e-03 7.349833043394850274e-03 9.220935405968504889e-03 5.587593857810171372e+00 5.995518977666920539e-03
9.750000000000000000e+00 9.750000000000000000e+00 9.750000000000000000e+00 7.798387912877004224e-02 7.798387912877008388e-02 7.631202570444918509e-02 4.876502029452812970e+00 4.876502029452812970e+00 4.876502029452812970e+00 6.977587976798024783e-03 6.977587976798003098e-03 8.724026962668262122e-03 5.712632371385883978e+00 5.708320635142653116e-03
1.000000000000000000e+01 1.000000000000000000e+01 1.000000000000000000e+01 7.323590456381692815e-02 7.323590456381691427e-02 7.254306838724894346e-02 5.001540543028525576e+00 5.001540543028525576e+00 5.001540543028525576e+00 6.630077957369729345e-03 6.630077957369700722e-03 8.262186491338932570e-03 5.837670884961596585e+00 5.439154810437857313e-03
1.025000000000000000e+01 1.025000000000000000e+01 1.025000000000000000e+01 6.894484972775517806e-02 6.894484972775515030e-02 6.926402398290189277e-02 5.126579056604239071e+00 5.126579056604239071e+00 5.126579056604239071e+00 6.305237464606080165e-03 6.305237464606047205e-03 7.832323214235733730e-03 5.962709398537310079e+00 5.186594322333161131e-03
1.050000000000000000e+01 1.050000000000000000e+01 1.050000000000000000e+01 6.501198905913165016e-02 6.501198905913163628e-02 6.625518822669210217e-02 5.251617570179952565e+00 5.251617570179952565e+00 5.251617570179952565e+00 6.001207217793735026e-03 6.001207217793700331e-03 7.431674381324800821e-03 6.087747912113023574e+00 4.949351682664394902e-03
1.075000000000000000e+01 1.075000000000000000e+01 1.075000000000000000e+01 6.144409793396186231e-02 6.144409793396187619e-02 6.363440918987242623e-02 5.376656083755666060e+00 5.376656083755666060e+00 5.376656083755666060e+00 5.716314035418945672e-03 5.716314035418919651e-03 7.057760062306538129e-03 6.212786425688737069e+00 4.726258372777648702e-03
1.100000000000000000e+01 1.100000000000000000e+01 1.100000000000000000e+01 5.816408904423691489e-02 5.816408904423692183e-02 6.122081096529009142e-02 5.501694597331378667e+00 5.501694597331378667e+00 5.501694597331378667e+00 5.449045545136900481e-03 5.449045545136882267e-03 6.708354597776983001e-03 6.337824939264449675e+00 4.516256556747723187e-03
1.125000000000000000e+01 1.125000000000000000e+01 1.125000000000000000e+01 5.517837168602586495e-02 5.517837168602585107e-02 5.911736601983828138e-02 5.626733110907092161e+00 5.626733110907092161e+00 5.626733110907092161e+00 5.198035643044635924e-03 5.198035643044622914e-03 6.381451910246338163e-03 6.462863452840163170e+00 4.318382514721317601e-03
1.150000000000000000e+01 1.150000000000000000e+01 1.150000000000000000e+01 5.242617795431967626e-02 5.242617795431969707e-02 5.717361052527783483e-02 5.751771624482804768e+00 5.751771624482804768e+00 5.751771624482804768e+00 4.962044737341091485e-03 4.962044737341094088e-03 6.075244874403289835e-03 6.587901966415875776e+00 4.131760992340713888e-03
1.175000000000000000e+01 1.175000000000000000e+01 1.175000000000000000e+01 4.991332026871118238e-02 4.991332026871116156e-02 5.547976940076632113e-02 5.876810138058518262e+00 5.876810138058518262e+00 5.876810138058518262e+00 4.739949234916092900e-03 4.739949234916090298e-03 5.788098340280508833e-03 6.712940479991589271e+00 3.955591782689462342e-03
1.200000000000000000e+01 1.200000000000000000e+01 1.200000000000000000e+01 4.759148967227691540e-02 4.759148967227690846e-02 5.390950457828144055e-02 6.001848651634231757e+00 6.001848651634231757e+00 6.001848651634231757e+00 4.530725905196071081e-03 4.530725905196062407e-03 5.518534198573617905e-03 6.837978993567302766e+00 3.789145970744521065e-03
1.225000000000000000e+01 1.225000000000000000e+01 1.225000000000000000e+01 4.546581580503020192e-02 4.546581580503020192e-02 5.254210501311854659e-02 6.126887165209944364e+00 6.126887165209944364e+00 6.126887165209944364e+00 4.333444287272027011e-03 4.333444287272017470e-03 5.265210130822988929e-03 6.963017507143015372e+00 3.631754931322540413e-03
1.250000000000000000e+01 1.250000000000000000e+01 1.250000000000000000e+01 4.349760622861615494e-02 4.349760622861613413e-02 5.127059654742750772e-02 6.251925678785657858e+00 6.251925678785657858e+00 6.251925678785657858e+00 4.147254160745891816e-03 4.147254160745877070e-03 5.026908803641252574e-03 7.088056020718728867e+00 3.482807939916224369e-03
1.275000000000000000e+01 1.275000000000000000e+01 1.275000000000000000e+01 4.169130195560746127e-02 4.169130195560745433e-02 5.016486513075816417e-02 6.376964192361371353e+00 6.376964192361371353e+00 6.376964192361371353e+00 3.971380085898535729e-03 3.971380085898524454e-03 4.802520924222709008e-03 7.213094534294442361e+00 3.341743048050471905e-03
1.300000000000000000e+01 1.300000000000000000e+01 1.300000000000000000e+01 4.001570681158186926e-02 4.001570681158186926e-02 4.913364705349731326e-02 6.502002705937083959e+00 6.502002705937083959e+00 6.502002705937083959e+00 3.805111246337271238e-03 3.805111246337260830e-03 4.591037448872102751e-03 7.338133047870154968e+00 3.208045680352666212e-03
1.325000000000000000e+01 1.325000000000000000e+01 1.325000000000000000e+01 3.847460965714279146e-02 3.847460965714279146e-02 4.823871893321222959e-02 6.627041219512798342e+00 6.627041219512798342e+00 6.627041219512798342e+00 3.647797556231563779e-03 3.647797556231562911e-03 4.391535913567076385e-03 7.463171561445869351e+00 3.081240986870544332e-03
1.350000000000000000e+01 1.350000000000000000e+01 1.350000000000000000e+01 3.704271020192342889e-02 3.704271020192344277e-02 4.740169158309617131e-02 6.752079733088510949e+00 6.752079733088510949e+00 6.752079733088510949e+00 3.498841335057355489e-03 3.498841335057364162e-03 4.203174855768038523e-03 7.588210075021581957e+00 2.960893150997602041e-03
1.375000000000000000e+01 1.375000000000000000e+01 1.375000000000000000e+01 3.572320204224282286e-02 3.572320204224283674e-02 4.667732329710493760e-02 6.877118246664223555e+00 6.877118246664223555e+00 6.877118246664223555e+00 3.357694571381647768e-03 3.357694571381659478e-03 4.025182665008711705e-03 7.713248588597294564e+00 2.846598917796649541e-03
1.400000000000000000e+01 1.400000000000000000e+01 1.400000000000000000e+01 3.449545968875476071e-02 3.449545968875476765e-02 4.599787450395825816e-02 7.002156760239937050e+00 7.002156760239937050e+00 7.002156760239937050e+00 3.223852029142857973e-03 3.223852029142873152e-03 3.856853637149527080e-03 7.838287102173008059e+00 2.737987412012277914e-03
1.425000000000000000e+01 1.425000000000000000e+01 1.425000000000000000e+01 3.336214617984310099e-02 3.336214617984308711e-02 4.541200583400509944e-02 7.127195273815649657e+00 7.127195273815649657e+00 7.127195273815649657e+00 3.096849367712722727e-03 3.096849367712736171e-03 3.697538785786240543e-03 7.963325615748720665e+00 2.634714613898976598e-03
1.450000000000000000e+01 1.450000000000000000e+01 1.450000000000000000e+01 3.230636990197215813e-02 3.230636990197213038e-02 4.486086468329283927e-02 7.252233787391364039e+00 7.252233787391364039e+00 7.252233787391364039e+00 2.976257379326448672e-03 2.976257379326464284e-03 3.546643104293588453e-03 8.088364129324435936e+00 2.536463540167962528e-03
1.475000000000000000e+01 1.475000000000000000e+01 1.475000000000000000e+01 3.133032878419585165e-02 3.133032878419586553e-02 4.438779203567817799e-02 7.377272300967076646e+00 7.377272300967076646e+00 7.377272300967076646e+00 2.861680744120272471e-03 2.861680744120286782e-03 3.403617919678411392e-03 8.213402642900147654e+00 2.442939492162665097e-03
1.500000000000000000e+01 1.500000000000000000e+01 1.500000000000000000e+01 3.042013345230425159e-02 3.042013345230425159e-02 4.394141328459925944e-02 7.502310814542789252e+00 7.502310814542789252e+00 7.502310814542789252e+00 2.752753171238103702e-03 2.752753171238117146e-03 3.267959049609618465e-03 8.338441156475859373e+00 2.353870491447101858e-03
1.525000000000000000e+01 1.525000000000000000e+01 1.525000000000000000e+01 2.957757911085094615e-02 2.957757911085093575e-02 4.356040850119097946e-02 7.627349328118502747e+00 7.627349328118502747e+00 7.627349328118502747e+00 2.649136624642986493e-03 2.649136624643002539e-03 3.139200382701996372e-03 8.463479670051572867e+00 2.269003164882057999e-03
1.550000000000000000e+01 1.550000000000000000e+01 1.550000000000000000e+01 2.879120498038732073e-02 2.879120498038733461e-02 4.319974555646776543e-02 7.752387841694215354e+00 7.752387841694215354e+00 7.752387841694215354e+00 2.550517194061844260e-03 2.550517194061861174e-03 3.016912698537744207e-03 8.588518183627286362e+00 2.188103354978665222e-03
1.575000000000000000e+01 1.575000000000000000e+01 1.575000000000000000e+01 2.806246098611643244e-02 2.806246098611643244e-02 4.289400256481715190e-02 7.877426355269929736e+00 7.877426355269929736e+00 7.877426355269929736e+00 2.456604669026927427e-03 2.456604669026952147e-03 2.900698233506570582e-03 8.713556697202999857e+00 2.110952536322813124e-03
1.600000000000000000e+01 1.600000000000000000e+01 1.600000000000000000e+01 2.738186173033024112e-02 2.738186173033025847e-02 4.260356785256019796e-02 8.002464868845642343e+00 8.002464868845642343e+00 8.002464868845642343e+00 2.367129005686982937e-03 2.367129005687004621e-03 2.790189990699981464e-03 8.838595210778713351e+00 2.037348541800143836e-03
1.625000000000000000e+01 1.625000000000000000e+01 1.625000000000000000e+01 2.675056361409195588e-02 2.675056361409195588e-02 4.235939295417379125e-02 8.127503382421354061e+00 8.127503382421354061e+00 8.127503382421354061e+00 2.281840157197353915e-03 2.281840157197376900e-03 2.685047106123680891e-03 8.963633724354425070e+00 1.967102427606120304e-03
1.650000000000000000e+01 1.650000000000000000e+01 1.650000000000000000e+01 2.616069604271291371e-02 2.616069604271294494e-02 4.212653285407354231e-02 8.252541895997069332e+00 8.252541895997069332e+00 8.252541895997069332e+00 2.200505032372436064e-03 2.200505032372457315e-03 2.584954518578409365e-03 9.088672237930140341e+00 1.900039272119005782e-03
1.675000000000000000e+01 1.675000000000000000e+01 1.675000000000000000e+01 2.561316784940041377e-02 2.561316784940043112e-02 4.193271771924396429e-02 8.377580409572781051e+00 8.377580409572781051e+00 8.377580409572781051e+00 2.122907513319722932e-03 2.122907513319742881e-03 2.489618992728728081e-03 9.213710751505852059e+00 1.835995424358180528e-03
1.700000000000000000e+01 1.700000000000000000e+01 1.700000000000000000e+01 2.510143452190479949e-02 2.510143452190479949e-02 4.174704909977185185e-02 8.502618923148494545e+00 8.502618923148494545e+00 8.502618923148494545e+00 2.048845824654556107e-03 2.048845824654571719e-03 2.398769051067100450e-03 9.338749265081565554e+00 1.774819344177783025e-03
1.725000000000000000e+01 1.725000000000000000e+01 1.725000000000000000e+01 2.462619772378672398e-02 2.462619772378672744e-02 4.159438194034656422e-02 8.627657436724208040e+00 8.627657436724208040e+00 8.627657436724208040e+00 1.978132686364500025e-03 1.978132686364519974e-03 2.312151541792939208e-03 9.463787778657279048e+00 1.716369182928842137e-03
1.750000000000000000e+01 1.750000000000000000e+01 1.750000000000000000e+01 2.418200649142913938e-02 2.418200649142913591e-02 4.144735140983794169e-02 8.752695950299919758e+00 8.752695950299919758e+00 8.752695950299919758e+00 1.910593029804693145e-03 1.910593029804719600e-03 2.229531758790244921e-03 9.588826292232990767e+00 1.660513642901946052e-03
1.775000000000000000e+01 1.775000000000000000e+01 1.775000000000000000e+01 2.376939057520739348e-02 2.376939057520742818e-02 4.132823348879906961e-02 8.877734463875635029e+00 8.877734463875635029e+00 8.877734463875635029e+00 1.846064246770980077e-03 1.846064246771013688e-03 2.150690466267200871e-03 9.713864805808706038e+00 1.607129850194542698e-03
1.800000000000000000e+01 1.800000000000000000e+01 1.800000000000000000e+01 2.338380429154070933e-02 2.338380429154071974e-02 4.121277055892574176e-02 9.002772977451346748e+00 9.002772977451346748e+00 9.002772977451346748e+00 1.784394202168737608e-03 1.784394202168777289e-03 2.075424150575220453e-03 9.838903319384417756e+00 1.556104218833240585e-03
1.825000000000000000e+01 1.825000000000000000e+01 1.825000000000000000e+01 2.302563608109461576e-02 2.302563608109460883e-02 4.112091360743434093e-02 9.127811491027060242e+00 9.127811491027060242e+00 9.127811491027060242e+00 1.725441550333006897e-03 1.725441550333046145e-03 2.003542432046522340e-03 9.963941832960131251e+00 1.507330585324134081e-03
1.850000000000000000e+01 1.850000000000000000e+01 1.850000000000000000e+01 2.269109239656091209e-02 2.269109239656091903e-02 4.103115625623112578e-02 9.252850004602773737e+00 9.252850004602773737e+00 9.252850004602773737e+00 1.669074005185920478e-03 1.669074005185956690e-03 1.934868406032746232e-03 1.008898034653584475e+01 1.460711069382340972e-03
1.875000000000000000e+01 1.875000000000000000e+01 1.875000000000000000e+01 2.238044682104818606e-02 2.238044682104818606e-02 4.096134248074403267e-02 9.377888518178485455e+00 9.377888518178485455e+00 9.377888518178485455e+00 1.615168702860424318e-03 1.615168702860453592e-03 1.869236386790217074e-03 1.021401886011155646e+01 1.416154448133865066e-03
1.900000000000000000e+01 1.900000000000000000e+01 1.900000000000000000e+01 2.209053286590372672e-02 2.209053286590372325e-02 4.089241892360371416e-02 9.502927031754200726e+00 9.502927031754200726e+00 9.502927031754200726e+00 1.563610699177129170e-03 1.563610699177154758e-03 1.806492305481425132e-03 1.033905737368727173e+01 1.373577011598213016e-03
1.925000000000000000e+01 1.925000000000000000e+01 1.925000000000000000e+01 2.182153203902232122e-02 2.182153203902232122e-02 4.084030976651845113e-02 9.627965545329912445e+00 9.627965545329912445e+00 9.627965545329912445e+00 1.514293364335214014e-03 1.514293364335240685e-03 1.746491742360091340e-03 1.046409588726298345e+01 1.332901162819435069e-03
1.950000000000000000e+01 1.950000000000000000e+01 1.950000000000000000e+01 2.157080241197013512e-02 2.157080241197012124e-02 4.078816416150399249e-02 9.753004058905625939e+00 9.753004058905625939e+00 9.753004058905625939e+00 1.467117085372550379e-03 1.467117085372581387e-03 1.689100357524964081e-03 1.058913440083869695e+01 1.294056273017088346e-03
1.975000000000000000e+01 1.975000000000000000e+01 1.975000000000000000e+01 2.133845297427943224e-02 2.133845297427942878e-02 4.075014729206452579e-02 9.878042572481339434e+00 9.878042572481339434e+00 9.878042572481339434e+00 1.421989684748891508e-03 1.421989684748926203e-03 1.634192176858824267e-03 1.071417291441441044e+01 1.256977503026887773e-03
2.000000000000000000e+01 2.000000000000000000e+01 2.000000000000000000e+01 2.112228214815199331e-02 2.112228214815200025e-02 4.071140001487157101e-02 1.000308108605705115e+01 1.000308108605705115e+01 1.000308108605705115e+01 1.378825312810172486e-03 1.378825312810204144e-03 1.581650037708392598e-03 1.083921142799012216e+01 1.221606671468615382e-03
2.025000000000000000e+01 2.025000000000000000e+01 2.025000000000000000e+01 2.092234313573295909e-02 2.092234313573295909e-02 4.068446649710141805e-02 1.012811959963276642e+01 1.012811959963276642e+01 1.012811959963276642e+01 1.337544888219665976e-03 1.337544888219691346e-03 1.531364101674661648e-03 1.096424994156583743e+01 1.187891304148717226e-03
2.050000000000000000e+01 2.050000000000000000e+01 2.050000000000000000e+01 2.073680541731838523e-02 2.073680541731838523e-02 4.065630179828205043e-02 1.025315811320847814e+01 1.025315811320847814e+01 1.025315811320847814e+01 1.298075173150769861e-03 1.298075173150785907e-03 1.483232302646491979e-03 1.108928845514154915e+01 1.155785540356341588e-03
2.075000000000000000e+01 2.075000000000000000e+01 2.075000000000000000e+01 2.056568066572497105e-02 2.056568066572497452e-02 4.063794723875560622e-02 1.037819662678419164e+01 1.037819662678419164e+01 1.037819662678419164e+01 1.260349240646803067e-03 1.260349240646810656e-03 1.437159066156620032e-03 1.121432696871726264e+01 1.125249432414448256e-03
2.100000000000000000e+01 2.100000000000000000e+01 2.100000000000000000e+01 2.040745238278466808e-02 2.040745238278466114e-02 4.061802273837113175e-02 1.050323514035990513e+01 1.050323514035990513e+01 1.050323514035990513e+01 1.224305734463682765e-03 1.224305734463688186e-03 1.393055751766022077e-03 1.133936548229297614e+01 1.096249932917935706e-03
2.125000000000000000e+01 2.125000000000000000e+01 2.125000000000000000e+01 2.026210280457077170e-02 2.026210280457077170e-02 4.060616762231015336e-02 1.062827365393561863e+01 1.062827365393561863e+01 1.062827365393561863e+01 1.189889377978913974e-03 1.189889377978919612e-03 1.350839564769328906e-03 1.146440399586868963e+01 1.068760489635694165e-03
2.150000000000000000e+01 2.150000000000000000e+01 2.150000000000000000e+01 2.012838256734253775e-02 2.012838256734254122e-02 4.059254134599506181e-02 1.075331216751133212e+01 1.075331216751133212e+01 1.075331216751133212e+01 1.157050433179723607e-03 1.157050433179732931e-03 1.310433989199676552e-03 1.158944250944440313e+01 1.042762183993658229e-03
2.175000000000000000e+01 2.175000000000000000e+01 2.175000000000000000e+01 2.000625466219822443e-02 2.000625466219823137e-02 4.058546684317371894e-02 1.087835068108704384e+01 1.087835068108704384e+01 1.087835068108704384e+01 1.125745280236677007e-03 1.125745280236691969e-03 1.271767883588188980e-03 1.171448102302011485e+01 1.018243701246585595e-03
2.200000000000000000e+01 2.200000000000000000e+01 2.200000000000000000e+01 1.989469845202645679e-02 1.989469845202646719e-02 4.057653846079806170e-02 1.100338919466275733e+01 1.100338919466275733e+01 1.100338919466275733e+01 1.095936109704092861e-03 1.095936109704110208e-03 1.234775905075752214e-03 1.183951953659582834e+01 9.952027315276858015e-04
2.225000000000000000e+01 2.225000000000000000e+01 2.225000000000000000e+01 1.979366619918631817e-02 1.979366619918631470e-02 4.057283480850826241e-02 1.112842770823847083e+01 1.112842770823847083e+01 1.112842770823847083e+01 1.067591626669374925e-03 1.067591626669393140e-03 1.199397786779139068e-03 1.196455805017154184e+01 9.736464424000061636e-04
2.250000000000000000e+01 2.250000000000000000e+01 2.250000000000000000e+01 1.970233474125244327e-02 1.970233474125244327e-02 4.056729847653813004e-02 1.125346622181418432e+01 1.125346622181418432e+01 1.125346622181418432e+01 1.040687045172173503e-03 1.040687045172187597e-03 1.165578757129618562e-03 1.208959656374725533e+01 9.535932999267325138e-04
2.275000000000000000e+01 2.275000000000000000e+01 2.275000000000000000e+01 1.962065264201534945e-02 1.962065264201535639e-02 4.056582368815452727e-02 1.137850473538989782e+01 1.137850473538989782e+01 1.137850473538989782e+01 1.015205019819700929e-03 1.015205019819707434e-03 1.133269000425230931e-03 1.221463507732296883e+01 9.350741971214889849e-04
2.300000000000000000e+01 2.300000000000000000e+01 2.300000000000000000e+01 1.954796907257806693e-02 1.954796907257807040e-02 4.056263047422188628e-02 1.150354324896560954e+01 1.150354324896560954e+01 1.150354324896560954e+01 9.911360867184918627e-04 9.911360867184942480e-04 1.102424072671044598e-03 1.233967359089868054e+01 9.181348081547480123e-04
2.325000000000000000e+01 2.325000000000000000e+01 2.325000000000000000e+01 1.948423459930362714e-02 1.948423459930362367e-02 4.056247762493895431e-02 1.162858176254132303e+01 1.162858176254132303e+01 1.162858176254132303e+01 9.684800541536833524e-04 9.684800541536874724e-04 1.073004507699004163e-03 1.246471210447439404e+01 9.028373156581804507e-04
2.350000000000000000e+01 2.350000000000000000e+01 2.350000000000000000e+01 1.942895087778823138e-02 1.942895087778823138e-02 4.056080594876081830e-02 1.175362027611703652e+01 1.175362027611703652e+01 1.175362027611703652e+01 9.472473953572076036e-04 9.472473953572149762e-04 1.044975694325293945e-03 1.258975061805010753e+01 8.892633725042496141e-04
2.375000000000000000e+01 2.375000000000000000e+01 2.375000000000000000e+01 1.938207497672662927e-02 1.938207497672663968e-02 4.056127768953435297e-02 1.187865878969275002e+01 1.187865878969275002e+01 1.187865878969275002e+01 9.274634856716540508e-04 9.274634856716696633e-04 1.018302035045376116e-03 1.271478913162582103e+01 8.775229126897068433e-04
2.400000000000000000e+01 2.400000000000000000e+01 2.400000000000000000e+01 1.934324584764151797e-02 1.934324584764152838e-02 4.056051057874605209e-02 1.200369730326846351e+01 1.200369730326846351e+01 1.200369730326846351e+01 9.091856355376592459e-04 9.091856355376808215e-04 9.929089472419689189e-04 1.283982764520153452e+01 8.678144492439798623e-04
2.425000000000000000e+01 2.425000000000000000e+01 2.425000000000000000e+01 1.931243046081156448e-02 1.931243046081156448e-02 4.056109985155680053e-02 1.212873581684417523e+01 1.212873581684417523e+01 1.212873581684417523e+01 8.925772196587977454e-04 8.925772196588231157e-04 9.685327574536385783e-04 1.296486615877724624e+01 8.606906521127852131e-04
2.450000000000000000e+01 2.450000000000000000e+01 2.450000000000000000e+01 1.928939406141593621e-02 1.928939406141594315e-02 4.056080810761214517e-02 1.225377433041988873e+01 1.225377433041988873e+01 1.225377433041988873e+01 8.781186023953591784e-04 8.781186023953913792e-04 9.444725276133178558e-04 1.308990467235295974e+01 8.576677604122241814e-04
2.475000000000000000e+01 2.475000000000000000e+01 2.475000000000000000e+01 1.927411589630879246e-02 1.927411589630878552e-02 4.056118429997958297e-02 1.237881284399560222e+01 1.237881284399560222e+01 1.237881284399560222e+01 8.669097529106803250e-04 8.669097529107187058e-04 9.198650810981674232e-04 1.321494318592867323e+01 8.614928458106143076e-04
2.500000000000000000e+01 2.500000000000000000e+01 2.500000000000000000e+01 1.926648035003454551e-02 1.926648035003453857e-02 4.056111491601870761e-02 1.250385135757131572e+01 1.250385135757131572e+01 1.250385135757131572e+01 8.606191632661841766e-04 8.606191632662283037e-04 8.953350110431364901e-04 1.333998169950438673e+01 8.744337444783948201e-04
