2.417258808211302235e+00 5.000000000000000278e-02 7.291092567811091607e-02 4.091609814520855842e-02 1.721688270298569190e+00 3.951785662080339878e-02 9.778301564535728518e-01 -7.142110500947917995e-02
2.417258808211302235e+00 5.256355481880120584e-02 7.584140766583907789e-02 4.520681740549396116e-02 1.790328847085036479e+00 4.227678411922491941e-02 9.762690028191316483e-01 -7.418390327564237940e-02
2.417258808211302235e+00 5.525854590378238840e-02 7.886763991380658922e-02 4.952134711155976171e-02 1.856701383477198153e+00 4.516416342500319259e-02 9.746319528312357150e-01 -7.702669286516210245e-02
2.417258808211302235e+00 5.809171213641415449e-02 8.199422955427157489e-02 5.377515605446573504e-02 1.921013133037749343e+00 4.818549617751424069e-02 9.729154971404143648e-01 -7.995271242715094873e-02
2.417258808211302235e+00 6.107013790800849828e-02 8.522577705029260597e-02 5.788826606747659448e-02 1.983701395922132349e+00 5.134788035198331602e-02 9.711153121143190070e-01 -8.296502471641238607e-02
2.417258808211302235e+00 6.420127083438707805e-02 8.856660406086368231e-02 6.179801465499434876e-02 2.045406772958918040e+00 5.465995988590986732e-02 9.692263143800106118e-01 -8.606623676258440270e-02
2.417258808211302235e+00 6.749294037880015917e-02 9.202047492217302338e-02 6.547417360338053660e-02 2.106910998217236930e+00 5.813163531507151843e-02 9.672428375949736479e-01 -8.925822693304351352e-02
2.417258808211302235e+00 7.095337742966287276e-02 9.559036401708818909e-02 6.893444184818221798e-02 2.169040408635747763e+00 6.177352512631684167e-02 9.651589306177000838e-01 -9.254193321718506837e-02
2.417258808211302235e+00 7.459123488206352570e-02 9.927833364565809282e-02 7.225699107176040970e-02 2.232544673749735864e+00 6.559621701512809155e-02 9.629687494239307366e-01 -9.591726624092160314e-02
2.417258808211302235e+00 7.841560927450845486e-02 1.030855834781692626e-01 7.558555431091273924e-02 2.297971663063436587e+00 6.960942962542909784e-02 9.606669743798571526e-01 -9.938320165227043645e-02
2.417258808211302235e+00 8.243606353500641803e-02 1.070127066447164599e-01 7.912202270626662870e-02 2.365569191531842197e+00 7.382127873584129474e-02 9.582491506864564412e-01 -1.029380748870575152e-01
2.417258808211302235e+00 8.666265089336977478e-02 1.110601321861428847e-01 8.310241425303076246e-02 2.435249329965307297e+00 7.823790129661309378e-02 9.557118275319332890e-01 -1.065800412636364464e-01
2.417258808211302235e+00 9.110594001952546095e-02 1.152286550065921428e-01 8.775515355153935826e-02 2.506643543997103762e+00 8.286366521759903903e-02 9.530523951948567385e-01 -1.103075865958990237e-01
2.417258808211302235e+00 9.577704145069482200e-02 1.195198724612550195e-01 9.324633796380536743e-02 2.579251983396655845e+00 8.770204825215513478e-02 9.502686031008431566e-01 -1.141199013775017479e-01
2.417258808211302235e+00 1.006876353735238344e-01 1.239363059234844799e-01 9.962423443528431455e-02 2.652650427722601290e+00 9.275702200728909441e-02 9.473578712735225560e-01 -1.180169093806138353e-01
2.417258808211302235e+00 1.058500008306337420e-01 1.284810377462561881e-01 1.067825258877913852e-01 2.726671056996213593e+00 9.803442906603973550e-02 9.443166721375292338e-01 -1.219988194180079422e-01
2.417258808211302235e+00 1.112770464246233965e-01 1.331568769768555760e-01 1.144644994152966555e-01 2.801445741987486748e+00 1.035425881150450617e-01 9.411403564308464809e-01 -1.260652702951115811e-01
2.417258808211302235e+00 1.169823425962995683e-01 1.379653613814881552e-01 1.223233560131479630e-01 2.877222642557822674e+00 1.092913755873670678e-01 9.378237429804044956e-01 -1.302144281972647533e-01
2.417258808211302235e+00 1.229801555578474981e-01 1.429061892826678226e-01 1.300337336076665962e-01 2.953970328018183267e+00 1.152896124197967387e-01 9.343624615375498710e-01 -1.344426310687094062e-01
2.417258808211302235e+00 1.292854829657923144e-01 1.479777403373027100e-01 1.374198187034678664e-01 3.030949014952317278e+00 1.215416494789109819e-01 9.307545073814812442e-01 -1.387451501859458813e-01
2.417258808211302235e+00 1.359140914229522712e-01 1.531789617263883407e-01 1.445393311588490937e-01 3.106578644099097009e+00 1.280452128652578292e-01 9.270009655286221006e-01 -1.431181653762168549e-01
2.417258808211302235e+00 1.428825559031582093e-01 1.585120043130311129e-01 1.516628440518650589e-01 3.178923387467476047e+00 1.347929449065907170e-01 9.231048395272712925e-01 -1.475611499997805109e-01
2.417258808211302235e+00 1.502083011973216753e-01 1.639839487922144790e-01 1.591335502696274440e-01 3.246802724290605013e+00 1.417785851052932311e-01 9.190678259608272560e-01 -1.520779842963668194e-01
2.417258808211302235e+00 1.579096454844884090e-01 1.696056375519666148e-01 1.671757140754537019e-01 3.310976892044674269e+00 1.490053448007676307e-01 9.148865601062481367e-01 -1.566751165085069897e-01
2.417258808211302235e+00 1.660058461368274230e-01 1.753869806316033786e-01 1.757867823670100360e-01 3.374392191710236411e+00 1.564904401713845816e-01 9.105513164656244829e-01 -1.613567251014236814e-01
2.417258808211302235e+00 1.745171478730920822e-01 1.813310849549710779e-01 1.848169413542267436e-01 3.440721187924012270e+00 1.642598155387138270e-01 9.060495500881337039e-01 -1.661196765707232958e-01
2.417258808211302235e+00 1.834648333809622278e-01 1.874320592211990710e-01 1.941794806479265612e-01 3.511710585314217870e+00 1.723336613028987052e-01 9.013730739140085602e-01 -1.709528174289027258e-01
2.417258808211302235e+00 1.928712765348487290e-01 1.936800083415956830e-01 2.039603372053842290e-01 3.585413280329551089e+00 1.807133024325830450e-01 8.965232314988220708e-01 -1.758428814677893415e-01
2.417258808211302235e+00 2.027599983422337937e-01 2.000704851763102921e-01 2.142399066249108253e-01 3.657436659375813193e+00 1.893832521194931950e-01 8.915081589811609808e-01 -1.807830717112550167e-01
2.417258808211302235e+00 2.131557257584409393e-01 2.066095439513271625e-01 2.247990072724415089e-01 3.724715985794588846e+00 1.983296888968750504e-01 8.863333128795080063e-01 -1.857759116947436395e-01
2.417258808211302235e+00 2.240844535169032314e-01 2.133082418313349271e-01 2.351938730628997387e-01 3.788031304648460829e+00 2.075565534381259847e-01 8.809951780727357518e-01 -1.908265788941881924e-01
2.417258808211302235e+00 2.355735091295371175e-01 2.201727251033843702e-01 2.453413467298431183e-01 3.850180589750199722e+00 2.170794656251064936e-01 8.754859777505530349e-01 -1.959344542069993422e-01
2.417258808211302235e+00 2.476516212197557576e-01 2.272027353848550535e-01 2.558699049972177342e-01 3.912396578617227672e+00 2.269072526774356113e-01 8.698022998545260620e-01 -2.010936526956006165e-01
2.417258808211302235e+00 2.603489913589924765e-01 2.343983615966356293e-01 2.674259849495270180e-01 3.974511374818331166e+00 2.370420051687428808e-01 8.639437606327261543e-01 -2.062991164916963271e-01
2.417258808211302235e+00 2.736973695863600398e-01 2.417596710507702029e-01 2.796853663003880386e-01 4.037554685791459264e+00 2.474950245309307795e-01 8.579061420934676052e-01 -2.115446921514858303e-01
2.417258808211302235e+00 2.877301338002865583e-01 2.492794286681387361e-01 2.917856286674103683e-01 4.101601774473255801e+00 2.582766496341933338e-01 8.516874514296385312e-01 -2.168179156768253457e-01
2.417258808211302235e+00 3.024823732206473603e-01 2.569518639705856144e-01 3.036881594880320723e-01 4.162240449843552348e+00 2.693698415419708558e-01 8.452973291242878995e-01 -2.221106061356832584e-01
2.417258808211302235e+00 3.179909761300916404e-01 2.647889754938093643e-01 3.159855167598660808e-01 4.217115164698657992e+00 2.807575151519994816e-01 8.387414038494108715e-01 -2.274297651568613354e-01
2.417258808211302235e+00 3.342947221139635494e-01 2.728023525823032314e-01 3.287380613964998033e-01 4.272407724602392598e+00 2.924675891242245473e-01 8.320062967608689020e-01 -2.327766287704758075e-01
2.417258808211302235e+00 3.514343790294647274e-01 2.809772451255800330e-01 3.419126308448828810e-01 4.331370342768734893e+00 3.045256422740639790e-01 8.250861013569663616e-01 -2.381303064540838121e-01
2.417258808211302235e+00 3.694528049465325426e-01 2.892999201329065073e-01 3.555307120035914314e-01 4.387812303015392601e+00 3.169092664027896022e-01 8.179950830608578860e-01 -2.434766647575219711e-01
2.417258808211302235e+00 3.883950553153387442e-01 2.977783902443206232e-01 3.689219775528956857e-01 4.440206260511323499e+00 3.296100088119858218e-01 8.107365377822102204e-01 -2.488180627215812735e-01
2.417258808211302235e+00 4.083084956283826172e-01 3.064150112773794676e-01 3.824495581318955173e-01 4.491456135976984676e+00 3.426399578900635179e-01 8.033067720714250903e-01 -2.541495369742250987e-01
2.417258808211302235e+00 4.292429198588946782e-01 3.152041533032162168e-01 3.968909701480605179e-01 4.542831245502450876e+00 3.560061971059065855e-01 7.957064068325283568e-01 -2.594601963141122125e-01
2.417258808211302235e+00 4.512506749717061227e-01 3.241304799054137709e-01 4.112448610545286209e-01 4.594873513510123963e+00 3.697202043872732102e-01 7.879372558222312861e-01 -2.647310012064148510e-01
2.417258808211302235e+00 4.743867918179263121e-01 3.331885130729020372e-01 4.256275675926729507e-01 4.641657558228855507e+00 3.837539154168293498e-01 7.800145256029136220e-01 -2.699562994206509692e-01
2.417258808211302235e+00 4.987091227407361993e-01 3.423867547466309391e-01 4.404249773830575254e-01 4.688484782967677234e+00 3.981263874355561172e-01 7.719311804617787764e-01 -2.751352322330310463e-01
2.417258808211302235e+00 5.242784862363788490e-01 3.516977680276922036e-01 4.556195130268164140e-01 4.736094302611978613e+00 4.128496533917347389e-01 7.636931951024322762e-01 -2.802400270137062610e-01
2.417258808211302235e+00 5.511588190320803049e-01 3.611157798138011632e-01 4.706481604371172134e-01 4.779685365498821170e+00 4.279014659978301882e-01 7.553141932718226981e-01 -2.852649873232495081e-01
2.417258808211302235e+00 5.794173359611696217e-01 3.706361023266665500e-01 4.861194202391296293e-01 4.822586746419707637e+00 4.432933882947983073e-01 7.467947148767350996e-01 -2.902007956810865319e-01
2.417258808211302235e+00 6.091246980351736617e-01 3.802352367211532247e-01 5.017770036731142858e-01 4.865856062351371136e+00 4.590349705473282249e-01 7.381419901481566237e-01 -2.950246587050441294e-01
2.417258808211302235e+00 6.403551891331518142e-01 3.898997653323890700e-01 5.174550413021165030e-01 4.904826792847411632e+00 4.751038347333241263e-01 7.293725891896549740e-01 -2.997267300177956506e-01
2.417258808211302235e+00 6.731869017500846653e-01 3.996161704604695997e-01 5.334915168870585367e-01 4.945371214327908049e+00 4.915242417460768398e-01 7.204862510460353642e-01 -3.042907767469130720e-01
2.417258808211302235e+00 7.077019322687904124e-01 4.093546536131630331e-01 5.494948259103917820e-01 4.982463201352248738e+00 5.082765134583775435e-01 7.115041183630281818e-01 -3.086961398908069087e-01
2.417258808211302235e+00 7.439865862436418897e-01 4.191018268126048829e-01 5.658453076857836717e-01 5.019184909751726487e+00 5.253693824120371225e-01 7.024324330848242814e-01 -3.129306177444764470e-01
2.417258808211302235e+00 7.821315942094085871e-01 4.288216283655684746e-01 5.821027235000723055e-01 5.054338203492271475e+00 5.428002057683646298e-01 6.932889707294714876e-01 -3.169686467127479368e-01
2.417258808211302235e+00 8.222323385548527819e-01 4.384952614688383821e-01 5.986589150307106699e-01 5.088427723020773286e+00 5.605651406392463398e-01 6.840868954316902117e-01 -3.207981625450492813e-01
2.417258808211302235e+00 8.643890920283819890e-01 4.480802508924246474e-01 6.151882696326038680e-01 5.120353462305258674e+00 5.786606949463172223e-01 6.748470996121130883e-01 -3.243919478072183060e-01
2.417258808211302235e+00 9.087072684721534399e-01 4.575483690673624038e-01 6.319631705855982551e-01 5.151948786667547964e+00 5.970892457414992416e-01 6.655842970025117600e-01 -3.277330661416404944e-01
2.417258808211302235e+00 9.552976864115825251e-01 4.668557083166384181e-01 6.486510788800221583e-01 5.181197698586553990e+00 6.158403572271948789e-01 6.563228621083249115e-01 -3.307976048076412545e-01
2.417258808211302235e+00 1.004276846159383396e+00 4.759588311065920396e-01 6.654791725499669131e-01 5.210003644781625809e+00 6.349178705201791173e-01 6.470825240820849977e-01 -3.335614193195065025e-01
2.417258808211302235e+00 1.055767221127030808e+00 4.848129818400652158e-01 6.823817523427893050e-01 5.237296836183464421e+00 6.543117316513205051e-01 6.378881506767573040e-01 -3.360035839175374850e-01
2.417258808211302235e+00 1.109897564072081844e+00 4.933618972198377528e-01 6.992417172719420648e-01 5.262787715154669144e+00 6.740166963512388421e-01 6.287668772311869603e-01 -3.380969332890905177e-01
2.417258808211302235e+00 1.166803229047136181e+00 5.015485959428576113e-01 7.161494310938328889e-01 5.287329751157338720e+00 6.940303181445679481e-01 6.197451343110035316e-01 -3.398155302971555547e-01
2.417258808211302235e+00 1.226626509855467617e+00 5.093120802399362379e-01 7.330976989584470083e-01 5.310787170989049955e+00 7.143450911076303367e-01 6.108520529150768263e-01 -3.411339362206551873e-01
2.417258808211302235e+00 1.289516995859653292e+00 5.165837945773187334e-01 7.500199257830346689e-01 5.332881243664703952e+00 7.349528648029906019e-01 6.021190558457049091e-01 -3.420244197119852170e-01
2.417258808211302235e+00 1.355631946032894719e+00 5.232890403731409457e-01 7.668948586264950906e-01 5.353637789767267563e+00 7.558460989598172475e-01 5.935787870081176143e-01 -3.424577799397394151e-01
2.417258808211302235e+00 1.425136682188364201e+00 5.293476398015171114e-01 7.837364979318457436e-01 5.373068756165041648e+00 7.770162605646125931e-01 5.852651089218351421e-01 -3.424041037051082648e-01
2.417258808211302235e+00 1.498205002369851435e+00 5.346733965305029423e-01 8.005254408411697220e-01 5.391302304563934555e+00 7.984545952939984259e-01 5.772127367007627852e-01 -3.418323458079405297e-01
2.417258808211302235e+00 1.575019615437396991e+00 5.391727696580990159e-01 8.172275783439622021e-01 5.408484673583141777e+00 8.201519082977563047e-01 5.694573881967921469e-01 -3.407096086004109958e-01
2.417258808211302235e+00 1.655772597934615620e+00 5.427451888529521984e-01 8.338612365546780314e-01 5.424388768960889173e+00 8.420965410053357081e-01 5.620358084825280987e-01 -3.390016559300936816e-01
2.417258808211302235e+00 1.740665874380101563e+00 5.452826595562643153e-01 8.503688252489538524e-01 5.439221920567159252e+00 8.642781931682954610e-01 5.549842990352762406e-01 -3.366719591089065156e-01
2.417258808211302235e+00 1.829911722183899414e+00 5.466694499477294800e-01 8.667653328987103833e-01 5.452794777640610491e+00 8.866840932138879694e-01 5.483393153127044117e-01 -3.336820408087770584e-01
2.417258808211302235e+00 1.923733302451607008e+00 5.467815175825927465e-01 8.830398476768916982e-01 5.465339289078586127e+00 9.093026949405424997e-01 5.421359377458565554e-01 -3.299903469790156918e-01
2.417258808211302235e+00 2.022365218003370213e+00 5.454854433392962720e-01 8.991753985406136795e-01 5.476985617539586571e+00 9.321216270761213396e-01 5.364079985520949778e-01 -3.255517792931749699e-01
2.417258808211302235e+00 2.126054100003139435e+00 5.426393220058842726e-01 9.151289317158961545e-01 5.487448804815732828e+00 9.551261738092015063e-01 5.311872498897578510e-01 -3.203181230532740620e-01
2.417258808211302235e+00 2.235059224665041810e+00 5.380925570982951767e-01 9.309305264145751879e-01 5.496996241292805507e+00 9.783032430763310971e-01 5.265012969541360555e-01 -3.142369097123136057e-01
2.417258808211302235e+00 2.349653161578964422e+00 5.316829705294204844e-01 9.465311756598616677e-01 5.505524508826170837e+00 1.001638204571356550e+00 5.223741127914335314e-01 -3.072499943804095079e-01
2.417258808211302235e+00 2.470122455276509754e+00 5.232398004227098998e-01 9.619484689953490264e-01 5.513211409537802865e+00 1.025116863754671259e+00 5.188231010980227653e-01 -2.992943823743491882e-01
2.417258808211302235e+00 2.596768341741572339e+00 5.125805067965832906e-01 9.771456790411835458e-01 5.519954998946269953e+00 1.048723842292649922e+00 5.158588219767640259e-01 -2.903003371119647347e-01
2.417258808211302235e+00 2.729907501657212077e+00 4.995114372954611581e-01 9.921231754449443274e-01 5.525855789741935808e+00 1.072444325600716120e+00 5.134823330558304644e-01 -2.801910248646624080e-01
2.417258808211302235e+00 2.869872852272309594e+00 4.838275567306950520e-01 1.006872373007908772e+00 5.530970568111263752e+00 1.096263144219565167e+00 5.116832062446170504e-01 -2.688821273296397307e-01
2.417258808211302235e+00 3.017014379868100171e+00 4.653114358449130794e-01 1.021382536175182487e+00 5.535320674703712918e+00 1.120164963624187715e+00 5.104370793034830323e-01 -2.562810231699384489e-01
2.417258808211302235e+00 3.171700014906167375e+00 4.437328531583558111e-01 1.035645000815369254e+00 5.538944079489158234e+00 1.144134534278706594e+00 5.097025691239434053e-01 -2.422864831673028074e-01
2.417258808211302235e+00 3.334316552046257875e+00 4.188482601673876871e-01 1.049650815707761975e+00 5.541880357378968114e+00 1.168156713332391794e+00 5.094177846031344714e-01 -2.267886347070928177e-01
2.417258808211302235e+00 3.505270617334392824e+00 3.904002327918337234e-01 1.063392759041716040e+00 5.544174796720054310e+00 1.192216543416810604e+00 5.094962721792556382e-01 -2.096693583706208952e-01
2.417258808211302235e+00 3.684989684979789626e+00 3.581167134390220164e-01 1.076864980436424313e+00 5.545857701295236808e+00 1.216299249019603845e+00 5.098224182280953753e-01 -1.908032135286969744e-01
2.417258808211302235e+00 3.873923146263045236e+00 3.217105790809981491e-01 1.090068699580988731e+00 5.546971708234157639e+00 1.240390400793700332e+00 5.102460931755412599e-01 -1.700593677509028290e-01
2.417258808211302235e+00 4.072543433248407396e+00 2.808785871824135971e-01 1.102985488708036144e+00 5.547572050935979604e+00 1.264476043631994173e+00 5.105767729997101601e-01 -1.473043612342254394e-01
2.417258808211302235e+00 4.281347200110029227e+00 2.353008774960239358e-01 1.115621996076286759e+00 5.547678338931852693e+00 1.288542468989129386e+00 5.105770224388700429e-01 -1.224066807172834587e-01
2.417258808211302235e+00 4.500856565026090550e+00 1.846401469672713791e-01 1.127976649192419245e+00 5.547342915528482798e+00 1.312576609204010314e+00 5.099553829188845366e-01 -9.524304627365230702e-02
2.417258808211302235e+00 4.731620415746203179e+00 1.285406416924245177e-01 1.140046519544516412e+00 5.546628768211816052e+00 1.336566000198541548e+00 5.083590960778399115e-01 -6.570708977281562724e-02
2.417258808211302235e+00 4.974215782096693239e+00 6.662737089379344724e-02 1.151828662453039165e+00 5.545434848122322791e+00 1.360498076188844996e+00 5.053670482351297899e-01 -3.372119097778875779e-02
2.417258808211302235e+00 5.229249278855711225e+00 -1.494236249641083545e-03 1.163316774808619281e+00 5.544063961040459176e+00 1.384362552815664449e+00 5.004826266690765024e-01 7.478398396624011662e-04
2.417258808211302235e+00 5.497358622606176581e+00 -7.624107614148413481e-02 1.174515715973359908e+00 5.542231109906629705e+00 1.408147414710065881e+00 4.931297878646988542e-01 3.766976169945265851e-02
2.417258808211302235e+00 5.779214226359383311e+00 -1.580514983598859668e-01 1.185432543747530820e+00 5.540170791305405018e+00 1.431843443621738876e+00 4.826496696635477202e-01 7.692510956267258060e-02
2.417258808211302235e+00 6.075520875936748944e+00 -2.473883601274148858e-01 1.196010895857489320e+00 5.537724921308509352e+00 1.455440607052887136e+00 4.683037642517820509e-01 1.182756656903464487e-01
2.417258808211302235e+00 6.387019492301446277e+00 -3.447462147331202265e-01 1.206125882796030169e+00 5.535856535592093230e+00 1.478934823654999287e+00 4.492803475949773140e-01 1.613302857942191526e-01
2.417258808211302235e+00 6.714488984246776759e+00 -4.506303609083194273e-01 1.215916374105954434e+00 5.534865960258369633e+00 1.502321493683011822e+00 4.247182166587252228e-01 2.054925841137384968e-01
2.417258808211302235e+00 7.058748196073842962e+00 -5.655312275067660988e-01 1.226418523735074650e+00 5.528860413190055390e+00 1.525555383971812340e+00 3.937574028611684485e-01 2.499106537682839191e-01
