1.768725957227782197e-01 5.000000000000000278e-02 -7.282307032483932574e-02 2.837525729102220468e-03 1.684816638899437669e+00 3.941238691888362955e-02 9.778879948242051867e-01 7.133895907030110561e-02
1.768725957227782197e-01 5.256355481880120584e-02 -7.740599339165499249e-02 3.144331415920464078e-03 1.741369106945792833e+00 4.207777934164252942e-02 9.762488751347293547e-01 7.571880222727388199e-02
1.768725957227782197e-01 5.525854590378238840e-02 -8.227765077532711580e-02 3.448718728968715175e-03 1.793499485304266505e+00 4.484589675024298894e-02 9.745186909646863516e-01 8.036253147015268161e-02
1.768725957227782197e-01 5.809171213641415449e-02 -8.745107112535104033e-02 3.742428825384527119e-03 1.841516493417593381e+00 4.771976265978341430e-02 9.726912058234774561e-01 8.528039808914888997e-02
1.768725957227782197e-01 6.107013790800849828e-02 -9.293987225222297144e-02 4.017253245219324156e-03 1.886168631529862694e+00 5.070510580031930420e-02 9.707583635545420364e-01 9.048283324898487301e-02
1.768725957227782197e-01 6.420127083438707805e-02 -9.875876374445927142e-02 4.266226676697281242e-03 1.928663134913986887e+00 5.381077814668212833e-02 9.687100056198966191e-01 9.598084879398459390e-02
1.768725957227782197e-01 6.749294037880015917e-02 -1.049241936275055326e-01 4.485178712460863130e-03 1.970626091447532202e+00 5.704886042169377003e-02 9.665337093721608763e-01 1.017865702181361409e-01
1.768725957227782197e-01 7.095337742966287276e-02 -1.114550944956863715e-01 4.674517404178067312e-03 2.013983451665117386e+00 6.043429350622032958e-02 9.642148190200062752e-01 1.079138681810162537e-01
1.768725957227782197e-01 7.459123488206352570e-02 -1.183736398480023932e-01 4.840969061207206492e-03 2.060748926941418091e+00 6.398389340232843447e-02 9.617367354946664282e-01 1.143790160895052782e-01
1.768725957227782197e-01 7.841560927450845486e-02 -1.257058722512292837e-01 4.998819964382492098e-03 2.112718844648023175e+00 6.771467930588857820e-02 9.590815037598575676e-01 1.212012566001424430e-01
1.768725957227782197e-01 8.243606353500641803e-02 -1.334820187539617897e-01 5.170028442621133445e-03 2.171097405297695904e+00 7.164156785040687314e-02 9.562306875263959505e-01 1.284031152843355672e-01
1.768725957227782197e-01 8.666265089336977478e-02 -1.417362910601665804e-01 5.382487073955365305e-03 2.236108380355900316e+00 7.577468501480888463e-02 9.531664390155150102e-01 1.360102760869705274e-01
1.768725957227782197e-01 9.110594001952546095e-02 -1.505060025560588655e-01 5.665823249097396742e-03 2.306686340369338950e+00 8.011680548419213010e-02 9.498725598945408910e-01 1.440508507134058147e-01
1.768725957227782197e-01 9.577704145069482200e-02 -1.598299469418213159e-01 6.044573235109053887e-03 2.380370953578369253e+00 8.466166943759304009e-02 9.463352407760627916e-01 1.525539570787704247e-01
1.768725957227782197e-01 1.006876353735238344e-01 -1.697461970447152191e-01 6.529474539069105715e-03 2.453532655526002415e+00 8.939405045741841138e-02 9.425430980323613595e-01 1.615476945877593884e-01
1.768725957227782197e-01 1.058500008306337420e-01 -1.802897757828265390e-01 7.108943781233030036e-03 2.522018405648629447e+00 9.429235325288648495e-02 9.384861377529213344e-01 1.710568509505552837e-01
1.768725957227782197e-01 1.112770464246233965e-01 -1.914909626221343586e-01 7.744278920429317238e-03 2.582197114826069395e+00 9.933398168969810593e-02 9.341534664838035962e-01 1.811009610939120495e-01
1.768725957227782197e-01 1.169823425962995683e-01 -2.033751820479751393e-01 8.373000383789444903e-03 2.632208945247758169e+00 1.045027415234931062e-01 9.295299415696345324e-01 1.916935461630125404e-01
1.768725957227782197e-01 1.229801555578474981e-01 -2.159652783556595124e-01 8.923926570442377790e-03 2.673014792077196944e+00 1.097962369069761801e-01 9.245924915408153533e-01 2.028433297292029924e-01
1.768725957227782197e-01 1.292854829657923144e-01 -2.292863193897517193e-01 9.343866737523583155e-03 2.708688433564351961e+00 1.152299946786368157e-01 9.193074109464751675e-01 2.145577828689524957e-01
1.768725957227782197e-01 1.359140914229522712e-01 -2.433718645853949203e-01 9.628916073525343317e-03 2.745449609758617626e+00 1.208349035399153421e-01 9.136301546167227006e-01 2.268483927958285240e-01
1.768725957227782197e-01 1.428825559031582093e-01 -2.582692045395347247e-01 9.845088596322102911e-03 2.789322552740803651e+00 1.266461924782940618e-01 9.075087301784621197e-01 2.397357765885902159e-01
1.768725957227782197e-01 1.502083011973216753e-01 -2.740402309401734904e-01 1.011855640795573767e-02 2.843060536175227249e+00 1.326862041027288275e-01 9.008903433409172212e-01 2.532517361146046087e-01
1.768725957227782197e-01 1.579096454844884090e-01 -2.907554620751979790e-01 1.058285008527485964e-02 2.903843226422248236e+00 1.389485031706428342e-01 8.937287441597420168e-01 2.674355538425927659e-01
1.768725957227782197e-01 1.660058461368274230e-01 -3.084820835477602996e-01 1.129454942052302013e-02 2.963629006310385172e+00 1.453943550688836239e-01 8.859877682976124991e-01 2.823241202329334620e-01
1.768725957227782197e-01 1.745171478730920822e-01 -3.272718738585047027e-01 1.216456313272349342e-02 3.013165619044642973e+00 1.519695733985328423e-01 8.776367973842537085e-01 2.979397071723358659e-01
1.768725957227782197e-01 1.834648333809622278e-01 -3.471583756671963172e-01 1.297384754942482177e-02 3.048267592371152190e+00 1.586377196010976542e-01 8.686377392910015205e-01 3.142831791444514189e-01
1.768725957227782197e-01 1.928712765348487290e-01 -3.681698787713086340e-01 1.351141741806856020e-02 3.074139479658459795e+00 1.654089750827520411e-01 8.589299802617839097e-01 3.313401524077029814e-01
1.768725957227782197e-01 2.027599983422337937e-01 -3.903534066241957645e-01 1.377107557584898723e-02 3.102909514165900440e+00 1.723365013324610340e-01 8.484251156571094299e-01 3.490998665735549622e-01
1.768725957227782197e-01 2.131557257584409393e-01 -4.137908031124593045e-01 1.402844616704725447e-02 3.143753250133416444e+00 1.794699742004642884e-01 8.370200979978867917e-01 3.675736648161364584e-01
1.768725957227782197e-01 2.240844535169032314e-01 -4.385863651350296322e-01 1.463547761855926894e-02 3.192944588225101299e+00 1.867982208413411782e-01 8.246224803387997015e-01 3.867930747195949537e-01
1.768725957227782197e-01 2.355735091295371175e-01 -4.648287259067107602e-01 1.562650082628528822e-02 3.235418905372492215e+00 1.942433767198322170e-01 8.111641063569035026e-01 4.067803609558183764e-01
1.768725957227782197e-01 2.476516212197557576e-01 -4.925649050072601898e-01 1.656889403889880152e-02 3.260758427453418484e+00 2.017347118529417838e-01 7.965817021958304656e-01 4.275152792867750184e-01
1.768725957227782197e-01 2.603489913589924765e-01 -5.218271588824915375e-01 1.702121633663364331e-02 3.277651543919436250e+00 2.092922885590562387e-01 7.807764325112744874e-01 4.489390506411241044e-01
1.768725957227782197e-01 2.736973695863600398e-01 -5.526934304260440189e-01 1.720219459519603533e-02 3.304769541672642585e+00 2.170002570999016445e-01 7.636010695799357872e-01 4.710023024296062788e-01
1.768725957227782197e-01 2.877301338002865583e-01 -5.852972035350120228e-01 1.782504951090638223e-02 3.343532591836639423e+00 2.248719033157175473e-01 7.449039303617104313e-01 4.936969182835075354e-01
1.768725957227782197e-01 3.024823732206473603e-01 -6.197517532059370060e-01 1.896391580243786054e-02 3.373144310806182489e+00 2.328014786049683871e-01 7.245765958420894437e-01 5.170102564992425931e-01
1.768725957227782197e-01 3.179909761300916404e-01 -6.561010551440852323e-01 1.973430365113799240e-02 3.385087873737283815e+00 2.407219280539516504e-01 7.025214843077540738e-01 5.408546397783229320e-01
1.768725957227782197e-01 3.342947221139635494e-01 -6.944049046521614255e-01 1.987877183731162622e-02 3.401241986794189653e+00 2.487186448667975669e-01 6.785758129694496876e-01 5.650966369779163445e-01
1.768725957227782197e-01 3.514343790294647274e-01 -7.348165771619423747e-01 2.049065102148133616e-02 3.431466414961793721e+00 2.568418095182781746e-01 6.525357937678381015e-01 5.896504055662915578e-01
1.768725957227782197e-01 3.694528049465325426e-01 -7.774725602027126037e-01 2.170392886274171915e-02 3.450439308355131907e+00 2.649646508161620506e-01 6.242572110230354410e-01 6.144395861637714784e-01
1.768725957227782197e-01 3.883950553153387442e-01 -8.224169005857537851e-01 2.215295265714057119e-02 3.455764163579686077e+00 2.730466710668044694e-01 5.936168685721625593e-01 6.392779370446528553e-01
1.768725957227782197e-01 4.083084956283826172e-01 -8.697661861747834067e-01 2.239896520573820410e-02 3.475360539537837745e+00 2.812083216022881471e-01 5.604019423337713857e-01 6.639433154858213060e-01
1.768725957227782197e-01 4.292429198588946782e-01 -9.197087649515164332e-01 2.361613353537666063e-02 3.493121850997055411e+00 2.893746029909021744e-01 5.244123079803711951e-01 6.882756765830898571e-01
1.768725957227782197e-01 4.512506749717061227e-01 -9.723135084137860540e-01 2.411642552688159774e-02 3.494739914477905440e+00 2.974521720113573187e-01 4.855320892930384824e-01 7.120159372323389135e-01
1.768725957227782197e-01 4.743867918179263121e-01 -1.027707019460406324e+00 2.442175891292887313e-02 3.510388656686921127e+00 3.055677489045685036e-01 4.435629298483864669e-01 7.348176096466790819e-01
1.768725957227782197e-01 4.987091227407361993e-01 -1.086089906258088211e+00 2.566254642877198455e-02 3.518622929581759706e+00 3.136187201385760570e-01 3.983241033619238647e-01 7.563964054252741986e-01
1.768725957227782197e-01 5.242784862363788490e-01 -1.147533917292604455e+00 2.574643202534779296e-02 3.520465357217066771e+00 3.215827334989704300e-01 3.497302350194924081e-01 7.763307339138099117e-01
1.768725957227782197e-01 5.511588190320803049e-01 -1.212245361116324638e+00 2.673638590476822355e-02 3.532759637722078239e+00 3.295327869825244171e-01 2.976104387635479243e-01 7.941585038115257511e-01
1.768725957227782197e-01 5.794173359611696217e-01 -1.280362822749728791e+00 2.720004941023886416e-02 3.529835477889440742e+00 3.373332585938399464e-01 2.419206243402028111e-01 8.094105106834637020e-01
1.768725957227782197e-01 6.091246980351736617e-01 -1.352050732262945365e+00 2.782887804018061365e-02 3.539167112379065117e+00 3.450960322144476233e-01 1.826138239973608135e-01 8.214648720727903974e-01
1.768725957227782197e-01 6.403551891331518142e-01 -1.427503276858042458e+00 2.845402567282245831e-02 3.535172511023829678e+00 3.526931337111078313e-01 1.197158204984521274e-01 8.297354675068221441e-01
1.768725957227782197e-01 6.731869017500846653e-01 -1.506884703879516563e+00 2.905608619888837632e-02 3.541261298602710550e+00 3.602152893192768768e-01 5.334139743996982319e-02 8.334751557762102303e-01
1.768725957227782197e-01 7.077019322687904124e-01 -1.590404170476529933e+00 2.947799680627558039e-02 3.536117512254997486e+00 3.675547467453943451e-01 -1.631505370677785796e-02 8.319610788705499305e-01
1.768725957227782197e-01 7.439865862436418897e-01 -1.678263233311527491e+00 3.036811087845597834e-02 3.538830050668507532e+00 3.747851333173712884e-01 -8.893135585390611608e-02 8.243349951146767829e-01
1.768725957227782197e-01 7.821315942094085871e-01 -1.770661659864779747e+00 3.043113145793339969e-02 3.535005029642256158e+00 3.818281521840538040e-01 -1.640322655441762423e-01 8.097566081411807781e-01
1.768725957227782197e-01 8.222323385548527819e-01 -1.867850972650480390e+00 3.135681343646148922e-02 3.531298011817909810e+00 3.887048911883078106e-01 -2.410039337582033925e-01 7.873064262386559875e-01
1.768725957227782197e-01 8.643890920283819890e-01 -1.970040686851141976e+00 3.183116134056723084e-02 3.530491624079811874e+00 3.954146161671239224e-01 -3.189893594753633876e-01 7.560731228205594956e-01
1.768725957227782197e-01 9.087072684721534399e-01 -2.077487860670611752e+00 3.197622547529337805e-02 3.525002235189503175e+00 4.019140805090665181e-01 -3.969394324218756265e-01 7.151764213348982269e-01
1.768725957227782197e-01 9.552976864115825251e-01 -2.190461558258409269e+00 3.262430027166364488e-02 3.519123525572766642e+00 4.082135784309066096e-01 -4.735395299825080340e-01 6.637749485981648823e-01
1.768725957227782197e-01 1.004276846159383396e+00 -2.309226234414704759e+00 3.331217759189960409e-02 3.514938857466146871e+00 4.143129909053765991e-01 -5.471803417347892440e-01 6.011553625912872123e-01
1.768725957227782197e-01 1.055767221127030808e+00 -2.434066937399888442e+00 3.370048788387827038e-02 3.510304746212875138e+00 4.201947617495319087e-01 -6.159616485128146524e-01 5.267922856772560003e-01
1.768725957227782197e-01 1.109897564072081844e+00 -2.565288713945097054e+00 3.395659651824493169e-02 3.504476969789442897e+00 4.258486470612113384e-01 -6.776760293629010556e-01 4.404207078537938913e-01
1.768725957227782197e-01 1.166803229047136181e+00 -2.703210265200746143e+00 3.424145107263423804e-02 3.498028106844268237e+00 4.312709946831699837e-01 -7.298105252298280332e-01 3.421394797285662870e-01
1.768725957227782197e-01 1.226626509855467617e+00 -2.848164886443228294e+00 3.457215882931601036e-02 3.491414627518409475e+00 4.364584215982934556e-01 -7.695791525067077199e-01 2.325280593050708666e-01
1.768725957227782197e-01 1.289516995859653292e+00 -3.000502938467655145e+00 3.492446415912865698e-02 3.484754956271593596e+00 4.414069635315093221e-01 -7.939856954234476571e-01 1.127725052474634337e-01
1.768725957227782197e-01 1.355631946032894719e+00 -3.160593169666113589e+00 3.529503917708320948e-02 3.478020968340463259e+00 4.461129518782386838e-01 -7.999252472584588158e-01 -1.520082182934583831e-02
1.768725957227782197e-01 1.425136682188364201e+00 -3.328823433351937311e+00 3.568701772496594982e-02 3.471137645323911336e+00 4.505734549236609654e-01 -7.843359960351787841e-01 -1.485922298251527163e-01
1.768725957227782197e-01 1.498205002369851435e+00 -3.505601389015489566e+00 3.603371032081673780e-02 3.464102768311953628e+00 4.547868205096228245e-01 -7.444113314831839467e-01 -2.836106542772414141e-01
1.768725957227782197e-01 1.575019615437396991e+00 -3.691355935102099028e+00 3.619332807092884990e-02 3.457164722158029058e+00 4.587534721655458503e-01 -6.778800347129911863e-01 -4.153910294386523594e-01
1.768725957227782197e-01 1.655772597934615620e+00 -3.886539181855841463e+00 3.629368294674092249e-02 3.450448369246153391e+00 4.624741631297455413e-01 -5.833587331974112722e-01 -5.379742240969246359e-01
1.768725957227782197e-01 1.740665874380101563e+00 -4.091625932502625851e+00 3.664768837388619055e-02 3.443663527140884639e+00 4.659486607794908752e-01 -4.607727221592680111e-01 -6.443818736766926403e-01
1.768725957227782197e-01 1.829911722183899414e+00 -4.307115668586167345e+00 3.676300151274165817e-02 3.437180997795882931e+00 4.691808148330622874e-01 -3.118260225983126577e-01 -7.268280417446335573e-01
1.768725957227782197e-01 1.923733302451607008e+00 -4.533534169684251047e+00 3.695648600442429099e-02 3.430534320198593168e+00 4.721713693143697599e-01 -1.404921302656834126e-01 -7.771155584582110087e-01
1.768725957227782197e-01 2.022365218003370213e+00 -4.771434402973359745e+00 3.705229009023042197e-02 3.424453798041768415e+00 4.749273924039600914e-01 4.653767492665905614e-02 -7.872512029179059567e-01
1.768725957227782197e-01 2.126054100003139435e+00 -5.021397693087896741e+00 3.724209912630944280e-02 3.418223716302463799e+00 4.774502045692378682e-01 2.395300815261710015e-01 -7.503256067353141212e-01
1.768725957227782197e-01 2.235059224665041810e+00 -5.284037598711289085e+00 3.731412590232897203e-02 3.412210062485852013e+00 4.797468869190657514e-01 4.256347088714039772e-01 -6.616457726034827846e-01
1.768725957227782197e-01 2.349653161578964422e+00 -5.559997341783376790e+00 3.738171933443279471e-02 3.406609638378484739e+00 4.818243000954711142e-01 5.891970820310208357e-01 -5.200984260533219050e-01
1.768725957227782197e-01 2.470122455276509754e+00 -5.849954581171759926e+00 3.745270177527669497e-02 3.401217279047396236e+00 4.836882606582418309e-01 7.126392149112683594e-01 -3.296220719324313153e-01
1.768725957227782197e-01 2.596768341741572339e+00 -6.154622624422226629e+00 3.750906594646408881e-02 3.396005888985068388e+00 4.853460068699004260e-01 7.780534529698641677e-01 -1.005834105492227071e-01
1.768725957227782197e-01 2.729907501657212077e+00 -6.474751727414231439e+00 3.754670024800296768e-02 3.391033899439809929e+00 4.868056943781579049e-01 7.696148906704473047e-01 1.492627180582501989e-01
1.768725957227782197e-01 2.869872852272309594e+00 -6.811131351659806654e+00 3.756225497472362451e-02 3.386384298865787734e+00 4.880760794448916751e-01 6.767850276960125644e-01 3.946748022359277686e-01
1.768725957227782197e-01 3.017014379868100171e+00 -7.164592132125753743e+00 3.757245792773355325e-02 3.381951297844953075e+00 4.891655400125441977e-01 4.980596786095499717e-01 6.042138498026862203e-01
1.768725957227782197e-01 3.171700014906167375e+00 -7.536007515678776691e+00 3.756342160325935875e-02 3.377825323197975571e+00 4.900836420837207386e-01 2.446967655713113421e-01 7.434370503937167696e-01
1.768725957227782197e-01 3.334316552046257875e+00 -7.926296727028863565e+00 3.754423107245372787e-02 3.373820970270391406e+00 4.908390576910416914e-01 -5.652831164502739730e-02 7.803314237353558003e-01
1.768725957227782197e-01 3.505270617334392824e+00 -8.336426956061700366e+00 3.752176356089010484e-02 3.370181454846659097e+00 4.914425796423577131e-01 -3.628714211354399644e-01 6.928691079022974986e-01
1.768725957227782197e-01 3.684989684979789626e+00 -8.767414815177366094e+00 3.749082011886555044e-02 3.366818107131078541e+00 4.919036880412088752e-01 -6.190042759865234112e-01 4.778022188500642975e-01
1.768725957227782197e-01 3.873923146263045236e+00 -9.220330366581558579e+00 3.745090852495229494e-02 3.363627500614957189e+00 4.922319131775915735e-01 -7.655485794650273013e-01 1.587323611823272251e-01
1.768725957227782197e-01 4.072543433248407396e+00 -9.696298878424530088e+00 3.738433827488558958e-02 3.360648775167017099e+00 4.924374468153167039e-01 -7.531110635787656715e-01 -2.096632877263467643e-01
1.768725957227782197e-01 4.281347200110029227e+00 -1.019650413141287082e+01 3.727725565607486330e-02 3.357964199550495188e+00 4.925306292796072238e-01 -5.602612115624465705e-01 -5.451471349226103547e-01
1.768725957227782197e-01 4.500856565026090550e+00 -1.072219062524053612e+01 3.728235118735824527e-02 3.355456662553962577e+00 4.925208022641258121e-01 -2.110569802290570285e-01 -7.526878370845710986e-01
1.768725957227782197e-01 4.731620415746203179e+00 -1.127466829682388649e+01 3.717416767931245453e-02 3.353003332111616164e+00 4.924172129716962165e-01 2.153627788342809546e-01 -7.515092863912060661e-01
1.768725957227782197e-01 4.974215782096693239e+00 -1.185531350558350994e+01 3.708021287515712860e-02 3.350914086310863738e+00 4.922307454539359695e-01 5.923725358722304879e-01 -5.102509995439583612e-01
1.768725957227782197e-01 5.229249278855711225e+00 -1.246557340434151406e+01 3.702221523459896246e-02 3.348805233596403141e+00 4.919689836202505440e-01 7.779654564594903343e-01 -7.868340466855955340e-02
1.768725957227782197e-01 5.497358622606176581e+00 -1.310696951011012601e+01 3.692328626420937621e-02 3.347273345619708351e+00 4.916436019215563169e-01 6.705400744692304738e-01 4.024876592222406679e-01
1.768725957227782197e-01 5.779214226359383311e+00 -1.378110871144733984e+01 3.695163770712567991e-02 3.345912333399416738e+00 4.912612248387036029e-01 2.726650386073120047e-01 7.331493697224836792e-01
1.768725957227782197e-01 6.075520875936748944e+00 -1.448966406489397762e+01 3.670163998523216092e-02 3.345291095499559830e+00 4.908331715264506734e-01 -2.701102972523152790e-01 7.342728452084782420e-01
1.768725957227782197e-01 6.387019492301446277e+00 -1.523440975940339293e+01 3.594804006388133133e-02 3.342854711599742679e+00 4.903558726360875419e-01 -6.964465738563876407e-01 3.568901592462527250e-01
1.768725957227782197e-01 6.714488984246776759e+00 -1.601721794340290472e+01 3.562620268052480582e-02 3.337627765381036227e+00 4.898289760502931856e-01 -7.456373199325093681e-01 -2.382355222334253675e-01
1.768725957227782197e-01 7.058748196073842962e+00 -1.684003925270673463e+01 3.810920121839829477e-02 3.345106068282658551e+00 4.893392819641246838e-01 -3.325881410295092322e-01 -7.088133955342620363e-01
