8.779312478603354952e-01 1.000000000000000056e-01 -1.312485557391234736e-01 3.401144361856114212e-02 2.466825273919731387e+00 8.914893198574481981e-02 9.481785976501376778e-01 1.251666126018381175e-01
8.779312478603354952e-01 1.105170918075647768e-01 -1.488979633347705667e-01 3.995760664381767246e-02 2.599542728624879562e+00 9.914767663353218907e-02 9.411052042424096209e-01 1.411734940183237141e-01
8.779312478603354952e-01 1.221402758160169966e-01 -1.688497446027589222e-01 4.594627245817597960e-02 2.702106130149317664e+00 1.097413468623872901e-01 9.331455882512481592e-01 1.590760406300038565e-01
8.779312478603354952e-01 1.349858807576003183e-01 -1.912884790874811447e-01 4.997257936541470852e-02 2.787186311250767101e+00 1.209664198511539029e-01 9.241401615650770562e-01 1.789655693901983369e-01
8.779312478603354952e-01 1.491824697641270514e-01 -2.164920190233726727e-01 5.291264089605735021e-02 2.886538376381401871e+00 1.329937176797997833e-01 9.138245960879997076e-01 2.009855707822932880e-01
8.779312478603354952e-01 1.648721270700128361e-01 -2.448710068295793241e-01 5.852645824532616559e-02 3.001983002281812141e+00 1.458680954404900643e-01 9.019290227966387796e-01 2.253790914901342979e-01
8.779312478603354952e-01 1.822118800390509219e-01 -2.768203705001657244e-01 6.654377701619083874e-02 3.097554016296887980e+00 1.594001889003494876e-01 8.882389969922349637e-01 2.523619460448180418e-01
8.779312478603354952e-01 2.013752707470476688e-01 -3.126440203389390105e-01 7.155282819124371418e-02 3.171410710779318798e+00 1.735221161077699914e-01 8.724483854022113682e-01 2.820148449735258023e-01
8.779312478603354952e-01 2.225540928492467929e-01 -3.527672969820046522e-01 7.624448577703177299e-02 3.255531813401528751e+00 1.883591058032440813e-01 8.540743821233141020e-01 3.144426022420762634e-01
8.779312478603354952e-01 2.459603111156949962e-01 -3.977288677295618413e-01 8.491588419325918347e-02 3.332215954488616738e+00 2.037989563039450114e-01 8.326255014528454179e-01 3.498015231067506114e-01
8.779312478603354952e-01 2.718281828459045424e-01 -4.479989099168446010e-01 9.000701830689737670e-02 3.394743706605272138e+00 2.197475806827867140e-01 8.075312862563663874e-01 3.880909899691676879e-01
8.779312478603354952e-01 3.004166023946433506e-01 -5.041518752289703142e-01 9.752138714419267274e-02 3.455498792330702784e+00 2.361949626309307049e-01 7.780526295371111845e-01 4.292561203921457791e-01
8.779312478603354952e-01 3.320116922736548459e-01 -5.668199302447510801e-01 1.040456942366012327e-01 3.509005226984567738e+00 2.530534774455485691e-01 7.433498999564730481e-01 4.731355890755156168e-01
8.779312478603354952e-01 3.669296667619244556e-01 -6.366726835451371747e-01 1.115253509318750585e-01 3.552279224298315441e+00 2.702201309226047177e-01 7.024587475313841534e-01 5.193873096404332257e-01
8.779312478603354952e-01 4.055199966844675874e-01 -7.144732433009606254e-01 1.179150442259379039e-01 3.593126354180667281e+00 2.876551450281092936e-01 6.542377294098381535e-01 5.674444371533857723e-01
8.779312478603354952e-01 4.481689070338064629e-01 -8.010165361133352313e-01 1.254703221729958074e-01 3.626632733390773300e+00 3.052317223083905184e-01 5.974681285653602458e-01 6.164287644155055368e-01
8.779312478603354952e-01 4.953032424395115152e-01 -8.972291377319099315e-01 1.323555550265252123e-01 3.650090084347429098e+00 3.228518089017152759e-01 5.307912108144737795e-01 6.650878433112964450e-01
8.779312478603354952e-01 5.473947391727200795e-01 -1.004092458137832988e+00 1.392048949989462825e-01 3.670716252253602541e+00 3.404479493387640998e-01 4.528234886611797738e-01 7.116195930654628521e-01
8.779312478603354952e-01 6.049647464412947206e-01 -1.122685762411198329e+00 1.460679546555006258e-01 3.687058737741613079e+00 3.579128241226619545e-01 3.622698932903326008e-01 7.535877814740632452e-01
8.779312478603354952e-01 6.685894442279270988e-01 -1.254206603620682925e+00 1.526923046999159872e-01 3.698193935307762636e+00 3.751458678737491503e-01 2.580808073521782542e-01 7.877711149523025647e-01
8.779312478603354952e-01 7.389056098930650851e-01 -1.399972046577000029e+00 1.589753482272798779e-01 3.705027974319025308e+00 3.920574301730976874e-01 1.397337020985375267e-01 8.100245686203142448e-01
8.779312478603354952e-01 8.166169912567652345e-01 -1.561431200311660605e+00 1.650683428344321690e-01 3.707634745811400734e+00 4.085581420827589794e-01 7.634665704282972767e-03 8.151990809392947179e-01
8.779312478603354952e-01 9.025013499434122455e-01 -1.740175709683328131e+00 1.710830659051753300e-01 3.707009372108480250e+00 4.245685952073018909e-01 -1.363289379602001528e-01 7.971614052802891148e-01
8.779312478603354952e-01 9.974182454814723986e-01 -1.937972425586121483e+00 1.766013655754780087e-01 3.704560920286864345e+00 4.400211184724578395e-01 -2.880861137613296985e-01 7.490188323528527148e-01
8.779312478603354952e-01 1.102317638064160610e+00 -2.156755602370775460e+00 1.817529841023207693e-01 3.699088223128190300e+00 4.548427672978009872e-01 -4.405106431575150361e-01 6.637003126595971692e-01
8.779312478603354952e-01 1.218249396070347323e+00 -2.398674917572762855e+00 1.865694846615462144e-01 3.692039463542566402e+00 4.689843578665043311e-01 -5.825496244838651583e-01 5.350451423914913684e-01
8.779312478603354952e-01 1.346373803500169331e+00 -2.666095834713077206e+00 1.910634775049568357e-01 3.683800858542701118e+00 4.824015888531502649e-01 -6.985243240689995581e-01 3.596705161987601151e-01
8.779312478603354952e-01 1.487973172487283779e+00 -2.961635092758653887e+00 1.951595509868979950e-01 3.674508116281451464e+00 4.950606611485304231e-01 -7.681188138937657950e-01 1.397405413218212877e-01
8.779312478603354952e-01 1.644464677109705564e+00 -3.288187193832385002e+00 1.988685885401375031e-01 3.665027514249429963e+00 5.069421628001208324e-01 -7.677779095955925559e-01 -1.133652872783749155e-01
8.779312478603354952e-01 1.817414536944306880e+00 -3.648951622176782816e+00 2.021491525556889379e-01 3.655103168586945728e+00 5.180326964978558824e-01 -6.745860302991684154e-01 -3.749999857169967754e-01
8.779312478603354952e-01 2.008553692318766792e+00 -4.047465896477288716e+00 2.050897886670323966e-01 3.645246519838678090e+00 5.283323207417452982e-01 -4.737598754800625978e-01 -6.042673028705610738e-01
8.779312478603354952e-01 2.219795128144163687e+00 -4.487645024359464330e+00 2.076318755896983670e-01 3.635619773794853238e+00 5.378494774421953561e-01 -1.703073107568474354e-01 -7.449820360499923577e-01
8.779312478603354952e-01 2.453253019710935234e+00 -4.973819163649658925e+00 2.098499304193470472e-01 3.626396632617706395e+00 5.466009950757443336e-01 1.966547678531748722e-01 -7.350109553640351567e-01
8.779312478603354952e-01 2.711263892065789438e+00 -5.510779423078844275e+00 2.117266600008353983e-01 3.617610513429655672e+00 5.546105770464502260e-01 5.427785031031843177e-01 -5.288547609842959574e-01
8.779312478603354952e-01 2.996410004739702870e+00 -6.103825744055074054e+00 2.132957796321091337e-01 3.609474797238217736e+00 5.619086611870055536e-01 7.429502121037895312e-01 -1.347027891545685419e-01
8.779312478603354952e-01 3.311545195869231240e+00 -6.758821271685793164e+00 2.145818450972513114e-01 3.601966681340024845e+00 5.685293777747724153e-01 6.690337106838061265e-01 3.446035675765823925e-01
8.779312478603354952e-01 3.659823444367798828e+00 -7.482251574173231390e+00 2.156120426346358476e-01 3.595122128529882222e+00 5.745104569022393415e-01 2.725372100834515532e-01 6.990735824284076694e-01
8.779312478603354952e-01 4.044730436006740426e+00 -8.281290073874798097e+00 2.164198342445526058e-01 3.588958283514177783e+00 5.798916940967144829e-01 -3.101142456045764551e-01 6.810199445103022331e-01
8.779312478603354952e-01 4.470118449330083621e+00 -9.163870260089728603e+00 2.170145185573830737e-01 3.583434501919155579e+00 5.847136352187057851e-01 -7.212376755788335592e-01 1.925659250255491173e-01
8.779312478603354952e-01 4.940244910553019508e+00 -1.013876520923039060e+01 2.174405491084468178e-01 3.578539429200020550e+00 5.890169798785819255e-01 -5.629614666623897756e-01 -4.877979649214508884e-01
8.779312478603354952e-01 5.459815003314424153e+00 -1.121567558402058928e+01 2.177116464009769270e-01 3.574224615780153158e+00 5.928415447323907017e-01 1.623216614666674884e-01 -7.255384572733729609e-01
8.779312478603354952e-01 6.034028759736200342e+00 -1.240532614262708755e+01 2.179589708151008776e-01 3.570259921637375378e+00 5.962247968954783595e-01 7.326138646547564193e-01 -1.190140857349792636e-01
8.779312478603354952e-01 6.668633104092515751e+00 -1.371957907763346896e+01 2.180132115155384298e-01 3.567146506607728806e+00 5.992057096400962291e-01 3.005631910723340905e-01 6.774285890232973895e-01
8.779312478603354952e-01 7.369979369959579252e+00 -1.517153785360595464e+01 2.179139279663138973e-01 3.564035320416076402e+00 6.018158673287539173e-01 -6.361857728853627103e-01 3.782639734681076948e-01
8.779312478603354952e-01 8.145086866496814793e+00 -1.677568370413129628e+01 2.177496575228796694e-01 3.558880533103766730e+00 6.040707992901684920e-01 -3.564389827081559936e-01 -6.477139235864201039e-01
8.779312478603354952e-01 9.001713130052181100e+00 -1.854801819101582439e+01 2.177029839854895676e-01 3.561523710216902394e+00 6.060763843078301738e-01 7.052472561416393004e-01 -2.193473606610482907e-01
8.779312478603354952e-01 9.948431564193386478e+00 -2.050629667943763934e+01 2.174762583212784539e-01 3.553431090256239155e+00 6.077014373899367605e-01 -6.334644835239294780e-02 7.352472094575565054e-01
8.779312478603354952e-01 1.099471724521235316e+01 -2.267002074376550169e+01 2.173788587567696273e-01 3.552994772323772033e+00 6.091417359328092918e-01 -5.739356505899337879e-01 -4.630499722074038482e-01
8.779312478603354952e-01 1.215104175187349789e+01 -2.506094275756400691e+01 2.167072023177657458e-01 3.557296925597694059e+00 6.104327754364700098e-01 7.350651711146033440e-01 -5.286743094983058916e-02
8.779312478603354952e-01 1.342897796849355352e+01 -2.770280703832877478e+01 2.163837406531382290e-01 3.555109564728299976e+00 6.114263848453336259e-01 -6.195348184749684961e-01 3.984382045026901298e-01
8.779312478603354952e-01 1.484131591025766106e+01 -3.062191953100286312e+01 2.169389916657431527e-01 3.553034459761348351e+00 6.122141482095240228e-01 5.161468055555646917e-01 -5.251110508538096022e-01
8.779312478603354952e-01 1.640219072999018479e+01 -3.384781724183266505e+01 2.162952969577878748e-01 3.555988241646603321e+00 6.129973591379958009e-01 -5.583120907352631113e-01 4.795959748163251546e-01
8.779312478603354952e-01 1.812722418751512166e+01 -3.741247234257068754e+01 2.166910860023376351e-01 3.550479830517122792e+00 6.132689241526437796e-01 7.058936026361731786e-01 -2.080668593958562018e-01
8.779312478603354952e-01 2.003368099747918407e+01 -4.135195789709981540e+01 2.153913451145161306e-01 3.546777800557757931e+00 6.138105616431719369e-01 -6.416451594611505271e-01 -3.599664237935915057e-01
8.779312478603354952e-01 2.214064162041871953e+01 -4.570514013982027279e+01 2.151763438093591552e-01 3.539488523913846496e+00 6.138065019602835237e-01 -1.114335233362499233e-01 7.272338717653097362e-01
8.779312478603354952e-01 2.446919322642203909e+01 -5.051576989935865925e+01 2.128755956269682559e-01 3.558852376303551779e+00 6.142958039388357605e-01 7.126232543800542496e-01 1.821808000210832779e-01
8.779312478603354952e-01 2.704264074261527639e+01 -5.583161677154232194e+01 2.155425051904823752e-01 3.545212396479444195e+00 6.140880506110276693e-01 5.544700128142727724e-01 -4.834223435196173813e-01
8.779312478603354952e-01 2.988674009670603127e+01 -6.170682356621097853e+01 2.127505235429517083e-01 3.533946311850947541e+00 6.140058954096503374e-01 3.171747441619910401e-01 -6.637610999463118278e-01
8.779312478603354952e-01 3.302995599096489343e+01 -6.819888832916203114e+01 2.152092245656110348e-01 3.541027618946225974e+00 6.137451467504700942e-01 4.479790519978342767e-01 -5.836390280856375012e-01
8.779312478603354952e-01 3.650374678653289351e+01 -7.537382980678086142e+01 2.108593525986712791e-01 3.540069713094532666e+00 6.133287021883424561e-01 7.356786214288119075e-01 -1.794961606480685243e-02
8.779312478603354952e-01 4.034287934927351671e+01 -8.330301984936023985e+01 2.107090264622411002e-01 3.509553851470874619e+00 6.125432568307895842e-01 -3.739287970133436251e-02 7.352363678185399598e-01
8.779312478603354952e-01 4.458577700825171775e+01 -9.206530904852631636e+01 2.087757538957167591e-01 3.575984824861871303e+00 6.147588842366953354e-01 -4.222789588430389540e-01 -6.020396573206235891e-01
8.779312478603354952e-01 4.927490410932563236e+01 -1.017471641396023330e+02 2.124196937354930759e-01 3.534668678224679006e+00 6.119155367575476179e-01 2.556934822979142208e-01 6.906025628682815887e-01
8.779312478603354952e-01 5.445719101259294348e+01 -1.124484716844116576e+02 2.111163408514412920e-01 3.547304240301494715e+00 6.140711498553186320e-01 5.861241177971158178e-01 -4.445242642582002413e-01
8.779312478603354952e-01 6.018450378720822869e+01 -1.242743320909254408e+02 2.045524629683012074e-01 3.502497860235963323e+00 6.113118690111870590e-01 1.329109933206323590e-01 -7.245503427028366916e-01
8.779312478603354952e-01 6.651416330443618108e+01 -1.373406398231284982e+02 2.115797402045142550e-01 3.558999057903680985e+00 6.118415467568789623e-01 4.638494688789514542e-01 -5.720094877102304132e-01
8.779312478603354952e-01 7.350951892419732303e+01 -1.517827110201511971e+02 2.004328717706221619e-01 3.535146009920537402e+00 6.131885415558195884e-01 4.061038801584189173e-01 6.137595375267780318e-01
8.779312478603354952e-01 8.124058251675432984e+01 -1.677431127800253989e+02 2.018235225210671391e-01 3.563461831891898690e+00 6.145567491425842910e-01 -2.397726321940885086e-01 -6.952623050464469268e-01
8.779312478603354952e-01 8.978472916504183843e+01 -1.853781887713179799e+02 2.016348400510325212e-01 3.496489044107103261e+00 6.106568328517458788e-01 -7.366651714593989153e-01 -1.784714866503218228e-02
8.779312478603354952e-01 9.922747156050263584e+01 -2.048690970627557988e+02 2.072317303387374576e-01 3.558796696194864495e+00 6.131291947522169439e-01 -5.788868797656702148e-01 -4.544703029425697927e-01
8.779312478603354952e-01 1.096633158428458614e+02 -2.264103935579393578e+02 2.047461112071846667e-01 3.497470157145848191e+00 6.085651939039011804e-01 7.205550687642118257e-01 1.578968797957247261e-01
8.779312478603354952e-01 1.211967074492577581e+02 -2.502205396622914009e+02 2.071822966859827586e-01 3.501122251375859307e+00 6.131510854278801048e-01 3.293143531742938612e-01 -6.581743504486770036e-01
8.779312478603354952e-01 1.339430764394417963e+02 -2.765292181214014704e+02 2.080483732552366460e-01 3.552169241975254188e+00 6.143370421598191022e-01 7.337731343774561710e-01 5.075848235620245008e-02
8.779312478603354952e-01 1.480299927584546538e+02 -3.055992748622047657e+02 1.989885758018843653e-01 3.518454123812546630e+00 6.062688233604982546e-01 -4.791400620434713709e-01 -5.619668984698545922e-01
8.779312478603354952e-01 1.635984429995927201e+02 -3.377326591657756580e+02 2.041436013174609543e-01 3.573865967768635077e+00 6.180036448368049218e-01 8.405366848642785438e-03 -7.341313153946156245e-01
8.779312478603354952e-01 1.808042414456063227e+02 -3.732482371015403260e+02 1.997088665894707626e-01 3.550246115627442300e+00 6.134561283206271254e-01 -6.067878324405737711e-01 4.162748449397482564e-01
8.779312478603354952e-01 1.998195895104119018e+02 -4.124879636845512891e+02 2.053887950432721765e-01 3.543847604623265646e+00 6.114339785764613122e-01 -4.348357297505306973e-01 -5.945503864928974869e-01
8.779312478603354952e-01 2.208347991887209218e+02 -4.558714120547421089e+02 2.078138833651109740e-01 3.578255360449491995e+00 6.132979004204240914e-01 -6.936643330670145824e-01 -2.457472209041863531e-01
8.779312478603354952e-01 2.440601977624500876e+02 -5.038048277269663799e+02 1.864102017243375875e-01 3.477679683864701499e+00 6.003050883650951075e-01 3.025666490594445257e-01 6.760899706880451054e-01
8.779312478603354952e-01 2.697282328268510128e+02 -5.568007117107996464e+02 2.051317735706346679e-01 3.536166243476938309e+00 6.102858463713668469e-01 -5.448546367462409057e-01 -4.963154251202549494e-01
8.779312478603354952e-01 2.980957987041728643e+02 -6.153541073899327785e+02 2.065263259165763809e-01 3.580904204645553257e+00 6.073251948985399773e-01 6.804026316182542056e-01 -2.861091244549677781e-01
8.779312478603354952e-01 3.294468075283840562e+02 -6.800680187968839618e+02 2.042907738841299170e-01 3.555996025348868272e+00 5.970563714026337898e-01 6.431002927580797834e-02 7.391168607888763953e-01
8.779312478603354952e-01 3.640950307332358875e+02 -7.516072843816308477e+02 2.146111442453669527e-01 3.469594343607744324e+00 6.059411506630087985e-01 -5.319883337450567184e-01 -5.123954945752546841e-01
8.779312478603354952e-01 4.023872393822313143e+02 -8.306457874900492016e+02 2.063566180180989584e-01 3.518677842343369999e+00 6.066652606956098870e-01 2.220530558125674014e-01 7.041720439650891450e-01
8.779312478603354952e-01 4.447066747699857956e+02 -9.180138815797507732e+02 2.043022426729221852e-01 3.502011229508657397e+00 6.096864346103038068e-01 5.784006053444646911e-01 4.571367536672856224e-01
8.779312478603354952e-01 4.914768840299134354e+02 -1.014578532215022847e+03 2.155470138138018965e-01 3.509728609676392885e+00 6.140688623681448410e-01 -7.267043305746204718e-01 1.142162718775860536e-01
8.779312478603354952e-01 5.431659591362978290e+02 -1.121296656765803846e+03 2.043854410781361097e-01 3.499896296504950488e+00 6.097290174370710858e-01 -7.139531563900126665e-01 1.837634841791469797e-01
8.779312478603354952e-01 6.002912217261028900e+02 -1.239198309001338430e+03 2.027696184124143930e-01 3.511936415445709336e+00 6.089466774021645712e-01 1.174938267064534886e-01 7.280925044497789100e-01
8.779312478603354952e-01 6.634244006277890549e+02 -1.369483106837757759e+03 2.086325758925136054e-01 3.531787814407528092e+00 6.174593936594811039e-01 7.113141826733252460e-01 -1.826061712331173981e-01
8.779312478603354952e-01 7.331973539155995923e+02 -1.513507944623886260e+03 2.124560561562542915e-01 3.482146309607274226e+00 6.186903475549805353e-01 5.421236167110001780e-01 -4.947235627970793526e-01
8.779312478603354952e-01 8.103083927575385133e+02 -1.672700364269067677e+03 2.055835022906775666e-01 3.409781522262034237e+00 6.141559915202370323e-01 1.444984316145063175e-01 7.212611154689084758e-01
8.779312478603354952e-01 8.955292703482508614e+02 -1.848640779993799470e+03 2.076405515713755645e-01 3.424397526340158482e+00 6.099242925388458358e-01 1.366806972205125703e-01 7.243689621690091451e-01
8.779312478603354952e-01 9.897129058743927317e+02 -2.043027283177818845e+03 2.000381785908906529e-01 3.395084503411431420e+00 6.034742903551426618e-01 4.045004775069824254e-01 6.191022348954142718e-01
8.779312478603354952e-01 1.093801920816519214e+03 -2.257859949620911721e+03 2.035164449119078733e-01 3.400981301671670565e+00 6.118974459336091742e-01 -4.312548712673819895e-01 5.969422951011407186e-01
