1.238108170059447399e+00 5.000000000000000278e-02 -3.516879014335592274e-02 2.122714676232683242e-02 1.694546026189301724e+00 3.944009055125597546e-02 9.798668394131423431e-01 3.447494579019425021e-02
1.238108170059447399e+00 5.256355481880120584e-02 -3.781038126828729917e-02 2.344013539544487212e-02 1.754321043334986729e+00 4.213040954880208078e-02 9.784552879962210570e-01 3.701340760453281781e-02
1.238108170059447399e+00 5.525854590378238840e-02 -4.064144300031290180e-02 2.564338637672555071e-02 1.810253518395845473e+00 4.493036913263238896e-02 9.769778726447121420e-01 3.972766601732808517e-02
1.238108170059447399e+00 5.809171213641415449e-02 -4.367050216577166022e-02 2.778310110606623320e-02 1.862623045052076876e+00 4.784365718174170279e-02 9.754311620809384964e-01 4.262466880518600565e-02
1.238108170059447399e+00 6.107013790800849828e-02 -4.690653980460228467e-02 2.980658453786010076e-02 1.912089067539969101e+00 5.087634727467027496e-02 9.738103673304425723e-01 4.571160492465341230e-02
1.238108170059447399e+00 6.420127083438707805e-02 -5.035943173541189422e-02 3.167012508966546985e-02 1.959695559515645336e+00 5.403717620973996077e-02 9.721091752414410259e-01 4.899629203520183135e-02
1.238108170059447399e+00 6.749294037880015917e-02 -5.404049206251178294e-02 3.334899104160714278e-02 2.006822908093800706e+00 5.733752417243216659e-02 9.703197130127699799e-01 5.248765924509581765e-02
1.238108170059447399e+00 7.095337742966287276e-02 -5.796307020499572721e-02 3.484858783394140930e-02 2.055073069178135814e+00 6.079097732409931287e-02 9.684326985944686772e-01 5.619628114131295510e-02
1.238108170059447399e+00 7.459123488206352570e-02 -6.214311788449226881e-02 3.621489803863399415e-02 2.106081763835844001e+00 6.441239283476415944e-02 9.664378138285573128e-01 6.013488790637541714e-02
1.238108170059447399e+00 7.841560927450845486e-02 -6.659960650982126029e-02 3.754123330360638333e-02 2.161264999757335215e+00 6.821645441082720140e-02 9.643243074624215927e-01 6.431874298066674045e-02
1.238108170059447399e+00 8.243606353500641803e-02 -7.135465347107983192e-02 3.896739705542904414e-02 2.221527684510004264e+00 7.221582870457476933e-02 9.620817806629641256e-01 6.876575834836594348e-02
1.238108170059447399e+00 8.666265089336977478e-02 -7.643322385255109375e-02 4.066708800562052195e-02 2.286986744408162409e+00 7.641919235963422208e-02 9.597010362546627427e-01 7.349622247615159032e-02
1.238108170059447399e+00 9.110594001952546095e-02 -8.186232961087651361e-02 4.282044851139194669e-02 2.356784555735948139e+00 8.082957479453492522e-02 9.571747933330894131e-01 7.853206284640938672e-02
1.238108170059447399e+00 9.577704145069482200e-02 -8.766976268989629117e-02 4.557184786110048125e-02 2.429079928257484866e+00 8.544357705499378008e-02 9.544980152754466429e-01 8.389566504150480775e-02
1.238108170059447399e+00 1.006876353735238344e-01 -9.388256899229982522e-02 4.897875136028578824e-02 2.501289538470791385e+00 9.025200324792848061e-02 9.516676054949156915e-01 8.960842211078015596e-02
1.238108170059447399e+00 1.058500008306337420e-01 -1.005256561387087022e-01 5.296517481157640705e-02 2.570603153701396248e+00 9.524222213383543023e-02 9.486813153514686014e-01 9.568935569649958395e-02
1.238108170059447399e+00 1.112770464246233965e-01 -1.076210617441773071e-01 5.730066360245408136e-02 2.634703613805707167e+00 1.004020549680239988e-01 9.455359326691445965e-01 1.021542794558489564e-01
1.238108170059447399e+00 1.169823425962995683e-01 -1.151883895216789105e-01 6.162840201063198714e-02 2.692508438773431045e+00 1.057243031109149911e-01 9.422251153438890858e-01 1.090159752228266749e-01
1.238108170059447399e+00 1.229801555578474981e-01 -1.232466527820659796e-01 6.555790479216613842e-02 2.744650090480953430e+00 1.112103179831033239e-01 9.387375547119060082e-01 1.162856413392657912e-01
1.238108170059447399e+00 1.292854829657923144e-01 -1.318172270496329734e-01 6.881390213662147426e-02 2.793402515508475403e+00 1.168707762240515646e-01 9.350562829863587888e-01 1.239754160979090747e-01
1.238108170059447399e+00 1.359140914229522712e-01 -1.409269333365698595e-01 7.139517141784622323e-02 2.841906775313320921e+00 1.227224599608338906e-01 9.311597050463579217e-01 1.321011691478615468e-01
1.238108170059447399e+00 1.428825559031582093e-01 -1.506097846994552125e-01 7.365929439285996694e-02 2.892860979685021316e+00 1.287814950211672860e-01 9.270242630763996239e-01 1.406842648826072684e-01
1.238108170059447399e+00 1.502083011973216753e-01 -1.609061206226399254e-01 7.624117254678559885e-02 2.947226674574456418e+00 1.350558184848512921e-01 9.226276406027782429e-01 1.497510612533295427e-01
1.238108170059447399e+00 1.579096454844884090e-01 -1.718590603719397092e-01 7.976915130736951520e-02 3.003711549328591524e+00 1.415411809105519003e-01 9.179506645038749690e-01 1.593298671162731162e-01
1.238108170059447399e+00 1.660058461368274230e-01 -1.835100736309270286e-01 8.447244082688072642e-02 3.059531024529838383e+00 1.482240366145067823e-01 9.129763018181485945e-01 1.694467254195102246e-01
1.238108170059447399e+00 1.745171478730920822e-01 -1.958966860906096175e-01 8.992231632232063065e-02 3.112153675764415262e+00 1.550904014079665105e-01 9.076858408164837355e-01 1.801226643885290302e-01
1.238108170059447399e+00 1.834648333809622278e-01 -2.090543581895014658e-01 9.518502296433324628e-02 3.160842422709229105e+00 1.621344372473326467e-01 9.020546899488924852e-01 1.913745479203284305e-01
1.238108170059447399e+00 1.928712765348487290e-01 -2.230212698391454418e-01 9.944811921287870227e-02 3.206688032649525510e+00 1.693591646527877193e-01 8.960511667705937100e-01 2.032189622845691213e-01
1.238108170059447399e+00 2.027599983422337937e-01 -2.378415879247222087e-01 1.027427455233277664e-01 3.251053180759324590e+00 1.767680422834493337e-01 8.896393776140056886e-01 2.156754838807679597e-01
1.238108170059447399e+00 2.131557257584409393e-01 -2.535636667885420859e-01 1.060665350925264344e-01 3.294137136716426717e+00 1.843567125088965697e-01 8.827827640144509935e-01 2.287655708381471642e-01
1.238108170059447399e+00 2.240844535169032314e-01 -2.702356948598539921e-01 1.105285232422600489e-01 3.335560480806724293e+00 1.921165967720469547e-01 8.754430037470328774e-01 2.425081301213767027e-01
1.238108170059447399e+00 2.355735091295371175e-01 -2.879063024838023344e-01 1.161559715374842205e-01 3.376167719704135095e+00 2.000471425403592685e-01 8.675742871730227623e-01 2.569183005867821668e-01
1.238108170059447399e+00 2.476516212197557576e-01 -3.066315806763980634e-01 1.217540222978471393e-01 3.417542378007372150e+00 2.081556822225933689e-01 8.591214243309935883e-01 2.720128280301211676e-01
1.238108170059447399e+00 2.603489913589924765e-01 -3.264765809386981354e-01 1.263231510676309788e-01 3.458499088965699464e+00 2.164361376450687213e-01 8.500279136569589555e-01 2.878133301310435987e-01
1.238108170059447399e+00 2.736973695863600398e-01 -3.475023833699213971e-01 1.303908772947127148e-01 3.494584514128467045e+00 2.248588414313883732e-01 8.402429479472924845e-01 3.043365448751792490e-01
1.238108170059447399e+00 2.877301338002865583e-01 -3.697569209281845182e-01 1.352017476568235788e-01 3.524869051150139931e+00 2.334042575176036305e-01 8.297098827916971064e-01 3.215818940871758014e-01
1.238108170059447399e+00 3.024823732206473603e-01 -3.932947388645207099e-01 1.407778953871243466e-01 3.555969634720919537e+00 2.420949340913963188e-01 8.183476799173365901e-01 3.395419374221266273e-01
1.238108170059447399e+00 3.179909761300916404e-01 -4.181999410893744162e-01 1.460878581462581594e-01 3.591518849592106655e+00 2.509497865393153226e-01 8.060617179948786903e-01 3.582261108835227414e-01
1.238108170059447399e+00 3.342947221139635494e-01 -4.445596491040245124e-01 1.509771837958097107e-01 3.623270774353302137e+00 2.599259849547004841e-01 7.927740075901317240e-01 3.776480242542643029e-01
1.238108170059447399e+00 3.514343790294647274e-01 -4.724282489511432703e-01 1.560516982385781737e-01 3.646592644545584516e+00 2.689840041285738725e-01 7.784095907348819177e-01 3.977863596645584976e-01
1.238108170059447399e+00 3.694528049465325426e-01 -5.018682882363885156e-01 1.612956246752373923e-01 3.671735469348767378e+00 2.781597275634449806e-01 7.628552156412442553e-01 4.186021858125967277e-01
1.238108170059447399e+00 3.883950553153387442e-01 -5.329872942041061767e-01 1.666864035164393187e-01 3.700540328690078429e+00 2.874614590389558688e-01 7.459839405447995508e-01 4.400834452255256157e-01
1.238108170059447399e+00 4.083084956283826172e-01 -5.658741034193345287e-01 1.721116533985273533e-01 3.722180977857576956e+00 2.968291151525297433e-01 7.276938512273743997e-01 4.622041292115361966e-01
1.238108170059447399e+00 4.292429198588946782e-01 -6.005937172705806404e-01 1.770733932010909173e-01 3.741397702226418875e+00 3.062686258497434588e-01 7.078621377112981339e-01 4.848917688885779897e-01
1.238108170059447399e+00 4.512506749717061227e-01 -6.372541769121318200e-01 1.825352169261039159e-01 3.763437200872562727e+00 3.157970455601705195e-01 6.863364853349928074e-01 5.080843039635483116e-01
1.238108170059447399e+00 4.743867918179263121e-01 -6.759601622532787069e-01 1.881262285286047775e-01 3.781387592657186492e+00 3.253745466196765190e-01 6.629789824529080944e-01 5.317101211783146208e-01
1.238108170059447399e+00 4.987091227407361993e-01 -7.168031394239164911e-01 1.929630090797331277e-01 3.797554732103305852e+00 3.349993511352584719e-01 6.376395250786184299e-01 5.556567164786968549e-01
1.238108170059447399e+00 5.242784862363788490e-01 -7.598950448393808621e-01 1.986996931960667290e-01 3.813256615092686097e+00 3.446652086399913384e-01 6.101547278224199733e-01 5.798005754861156325e-01
1.238108170059447399e+00 5.511588190320803049e-01 -8.053545259486170060e-01 2.037763781556162779e-01 3.828036075530585336e+00 3.543638442161335944e-01 5.803548583783899595e-01 6.039932772945896255e-01
1.238108170059447399e+00 5.794173359611696217e-01 -8.532941496124291092e-01 2.090827939434763416e-01 3.839211939054131939e+00 3.640685391340210963e-01 5.480780494001019632e-01 6.280557466500016339e-01
1.238108170059447399e+00 6.091246980351736617e-01 -9.038409243821158290e-01 2.143833158450705878e-01 3.852546274377097291e+00 3.737966992995426230e-01 5.131433092737751611e-01 6.517673943847007711e-01
1.238108170059447399e+00 6.403551891331518142e-01 -9.571297247140887476e-01 2.195048427269942481e-01 3.860799719458220203e+00 3.835054670935445498e-01 4.753861122308484788e-01 6.748899144937505756e-01
1.238108170059447399e+00 6.731869017500846653e-01 -1.013290767215279109e+00 2.247294147207349879e-01 3.871714979059505790e+00 3.932179288814349749e-01 4.346381739676990485e-01 6.971164272090166758e-01
1.238108170059447399e+00 7.077019322687904124e-01 -1.072475989165259769e+00 2.297621810808618825e-01 3.877989393818258357e+00 4.028928001236766754e-01 3.907474492144504818e-01 7.181226755022779296e-01
1.238108170059447399e+00 7.439865862436418897e-01 -1.134832105057121954e+00 2.349238696565105478e-01 3.886107919162215651e+00 4.125478996285539268e-01 3.435750635829494248e-01 7.375077382007577675e-01
1.238108170059447399e+00 7.821315942094085871e-01 -1.200519361688364040e+00 2.397319577255711820e-01 3.891296505588190069e+00 4.221531165594464285e-01 2.930134558850299720e-01 7.548355834286528676e-01
1.238108170059447399e+00 8.222323385548527819e-01 -1.269706226902715951e+00 2.448042696461063539e-01 3.896599330136693684e+00 4.317120000291398418e-01 2.389844351359141084e-01 7.695991265951863669e-01
1.238108170059447399e+00 8.643890920283819890e-01 -1.342565951486889952e+00 2.496095169196965446e-01 3.900276842855432413e+00 4.412080253645335182e-01 1.814635637739864804e-01 7.812361061250163718e-01
1.238108170059447399e+00 9.087072684721534399e-01 -1.419286097549404158e+00 2.542691010394168005e-01 3.903724407818502495e+00 4.506393381106212348e-01 1.204825163688644923e-01 7.891163318433950247e-01
1.238108170059447399e+00 9.552976864115825251e-01 -1.500055339839156066e+00 2.590099582887382401e-01 3.906721065174418417e+00 4.599953712844973008e-01 5.615935434076655547e-02 7.925482284795755117e-01
1.238108170059447399e+00 1.004276846159383396e+00 -1.585080135987529060e+00 2.635758196245439611e-01 3.908066645711922860e+00 4.692638946434922742e-01 -1.129613598981794864e-02 7.907811976030729717e-01
1.238108170059447399e+00 1.055767221127030808e+00 -1.674575530325508987e+00 2.680260635996237761e-01 3.908923621975724849e+00 4.784428709726596951e-01 -8.155262345575471639e-02 7.830050048058365686e-01
1.238108170059447399e+00 1.109897564072081844e+00 -1.768763804066488587e+00 2.724363283189156770e-01 3.909663635974283125e+00 4.875265610234004177e-01 -1.541304115791831131e-01 7.683666962798197941e-01
1.238108170059447399e+00 1.166803229047136181e+00 -1.867880503451670116e+00 2.767487540590340411e-01 3.909850449541402817e+00 4.965066773748666451e-01 -2.283795250000031640e-01 7.459865713950152299e-01
1.238108170059447399e+00 1.226626509855467617e+00 -1.972174339581322045e+00 2.809263382465509440e-01 3.909398634522705418e+00 5.053771599779575130e-01 -3.034505531574486770e-01 7.149795535431665572e-01
1.238108170059447399e+00 1.289516995859653292e+00 -2.081906275517362737e+00 2.849774881504412161e-01 3.908475683473070728e+00 5.141334473537269023e-01 -3.782644557348461833e-01 6.744883885343881946e-01
1.238108170059447399e+00 1.355631946032894719e+00 -2.197350264066884495e+00 2.889212511325642829e-01 3.907170874517821524e+00 5.227710915686050175e-01 -4.514853162000578846e-01 6.237277987130289691e-01
1.238108170059447399e+00 1.425136682188364201e+00 -2.318794129023147299e+00 2.927740078347266239e-01 3.905460746339320721e+00 5.312856763718631914e-01 -5.214969731776065709e-01 5.620405745193070013e-01
1.238108170059447399e+00 1.498205002369851435e+00 -2.446540318155229432e+00 2.965203543594006619e-01 3.903431268406408527e+00 5.396737605419138495e-01 -5.863865045520422203e-01 4.889675512160699400e-01
1.238108170059447399e+00 1.575019615437396991e+00 -2.580907457885072809e+00 3.001176840482767116e-01 3.901308074236710777e+00 5.479333054603729991e-01 -6.439398235030519002e-01 4.043326923474824253e-01
1.238108170059447399e+00 1.655772597934615620e+00 -2.722230616771072587e+00 3.036079215473339588e-01 3.898793178614830435e+00 5.560603618357909950e-01 -6.916553367060588320e-01 3.083451875831387801e-01
1.238108170059447399e+00 1.740665874380101563e+00 -2.870860628042686713e+00 3.069825231488509387e-01 3.896035056012929765e+00 5.640531449959939048e-01 -7.267802425418941059e-01 2.017152332248699498e-01
1.238108170059447399e+00 1.829911722183899414e+00 -3.027168432310148205e+00 3.102654265544719236e-01 3.893285877154996744e+00 5.719112165106654544e-01 -7.463830080759398244e-01 8.577898695382968342e-02
1.238108170059447399e+00 1.923733302451607008e+00 -3.191543299378136300e+00 3.134177600775204242e-01 3.890473871175496701e+00 5.796331684158561037e-01 -7.474673625278267508e-01 -3.736756082415793045e-02
1.238108170059447399e+00 2.022365218003370213e+00 -3.364394057136503857e+00 3.164533850535136139e-01 3.887311184388541729e+00 5.872169157762611169e-01 -7.271395995435860904e-01 -1.647427564750370832e-01
1.238108170059447399e+00 2.126054100003139435e+00 -3.546151352885513752e+00 3.193949773731303288e-01 3.884313024472298093e+00 5.946644043581691408e-01 -6.828357902929352852e-01 -2.923747294472291425e-01
1.238108170059447399e+00 2.235059224665041810e+00 -3.737267554002435155e+00 3.222013895467225608e-01 3.881120286330776992e+00 6.019742095669023962e-01 -6.126220945689999642e-01 -4.152389733053354903e-01
1.238108170059447399e+00 2.349653161578964422e+00 -3.938218879435635422e+00 3.249082475417340854e-01 3.877993628654257563e+00 6.091479348099554381e-01 -5.155594568749267692e-01 -5.272688907562688154e-01
1.238108170059447399e+00 2.470122455276509754e+00 -4.149505455380880115e+00 3.275138134683790447e-01 3.874857213318612104e+00 6.161860421781215624e-01 -3.921342275625044893e-01 -6.214746978651956022e-01
1.238108170059447399e+00 2.596768341741572339e+00 -4.371653917130612577e+00 3.300064185767002112e-01 3.871703290048791768e+00 6.230897078761810093e-01 -2.447249373193079169e-01 -6.902134572207403451e-01
1.238108170059447399e+00 2.729907501657212077e+00 -4.605217881846038530e+00 3.323955429417671525e-01 3.868578717954590296e+00 6.298605903125887862e-01 -7.806808311853431770e-02 -7.256524161313793186e-01
1.238108170059447399e+00 2.869872852272309594e+00 -4.850779394691199009e+00 3.346880203325859338e-01 3.865486784568452183e+00 6.365004113912439143e-01 1.003470371457093613e-01 -7.204661237120127959e-01
1.238108170059447399e+00 3.017014379868100171e+00 -5.108950670876618361e+00 3.368816085088847667e-01 3.862454326569651375e+00 6.430112542765823447e-01 2.800524789984003560e-01 -6.687881650697480307e-01
1.238108170059447399e+00 3.171700014906167375e+00 -5.380375487287390790e+00 3.389801051480558769e-01 3.859478839075688228e+00 6.493952753927503263e-01 4.476734854812624009e-01 -5.674063945344458570e-01
1.238108170059447399e+00 3.334316552046257875e+00 -5.665730858187359331e+00 3.409877236382707344e-01 3.856575311519139682e+00 6.556548868777659633e-01 5.874528584071030402e-01 -4.171344355358875267e-01
1.238108170059447399e+00 3.505270617334392824e+00 -5.965728729970741995e+00 3.429074752360028455e-01 3.853742748434163978e+00 6.617925921098954944e-01 6.823889594823644433e-01 -2.242118836494617073e-01
1.238108170059447399e+00 3.684989684979789626e+00 -6.281117878840602131e+00 3.447421616213424689e-01 3.850992013512472667e+00 6.678110724672204901e-01 7.161198961153176779e-01 -1.480528676728070552e-03
1.238108170059447399e+00 3.873923146263045236e+00 -6.612685413029701031e+00 3.465012975329440081e-01 3.848317982391500802e+00 6.737130328144058655e-01 6.756004823091548150e-01 2.310326781036382282e-01
1.238108170059447399e+00 4.072543433248407396e+00 -6.961259229740344168e+00 3.481721248382915745e-01 3.845765977415819936e+00 6.795015091415517183e-01 5.544523632932955026e-01 4.466006897659036690e-01
1.238108170059447399e+00 4.281347200110029227e+00 -7.327709984331842286e+00 3.497774912749927467e-01 3.843246919571237097e+00 6.851789777435891571e-01 3.566068514883929397e-01 6.138660848978333417e-01
1.238108170059447399e+00 4.500856565026090550e+00 -7.712953038185189847e+00 3.513006955969393830e-01 3.840843826571883390e+00 6.907487475277880318e-01 9.951130526977396140e-02 7.009266408906653645e-01
1.238108170059447399e+00 4.731620415746203179e+00 -8.117950598331729495e+00 3.527558437603041108e-01 3.838488894550649455e+00 6.962134505816871544e-01 -1.842114806747399691e-01 6.815682970026741838e-01
1.238108170059447399e+00 4.974215782096693239e+00 -8.543714990328163950e+00 3.541551035023339788e-01 3.836320512547223061e+00 7.015766520408208695e-01 -4.480618793396424770e-01 5.431790963677247674e-01
1.238108170059447399e+00 5.229249278855711225e+00 -8.991310208760499023e+00 3.554726754772742359e-01 3.834258017788891415e+00 7.068409793180047140e-01 -6.373310712578424964e-01 2.949726648410229135e-01
1.238108170059447399e+00 5.497358622606176581e+00 -9.461855133209958524e+00 3.567505517105057367e-01 3.832122186834563848e+00 7.120085624137822977e-01 -6.999882028795827438e-01 -2.596548278955295580e-02
1.238108170059447399e+00 5.779214226359383311e+00 -9.956526553669776902e+00 3.579873240406359347e-01 3.830114397564275741e+00 7.170831736070759632e-01 -6.022200663158729927e-01 -3.542669786222264472e-01
1.238108170059447399e+00 6.075520875936748944e+00 -1.047656143941507167e+01 3.591617308583186507e-01 3.828109307685735985e+00 7.220671851017778087e-01 -3.457061583287671103e-01 -6.051729838100610159e-01
1.238108170059447399e+00 6.387019492301446277e+00 -1.102325874177228826e+01 3.602831053437626774e-01 3.826110449857911711e+00 7.269632263359202540e-01 1.924520004104389101e-02 -6.949850971259572407e-01
1.238108170059447399e+00 6.714488984246776759e+00 -1.159799246564899455e+01 3.612961293182885281e-01 3.824406344437246918e+00 7.317757106271798317e-01 3.930081608197742993e-01 -5.714880611351002004e-01
1.238108170059447399e+00 7.058748196073842962e+00 -1.220218531552752950e+01 3.623390669241517981e-01 3.824529147085734770e+00 7.365155759077833819e-01 6.465574666572012630e-01 -2.464603919299075130e-01
1.238108170059447399e+00 7.420657955128830530e+00 -1.283737321721554459e+01 3.631445867997312726e-01 3.821560488751125639e+00 7.411600229452627309e-01 6.651386903444317378e-01 1.848006924480244673e-01
1.238108170059447399e+00 7.801123224319756133e+00 -1.350511931965065671e+01 3.641486073872476914e-01 3.818639521126686809e+00 7.457248291180617050e-01 4.069180630993165515e-01 5.557049696526471516e-01
1.238108170059447399e+00 8.201095364995092396e+00 -1.420711042475664776e+01 3.649653600608507298e-01 3.817504299081838859e+00 7.502269744089530290e-01 -4.802677030601082420e-02 6.855310198105512010e-01
1.238108170059447399e+00 8.621574515842716835e+00 -1.494509801463088294e+01 3.656534323096491401e-01 3.818602224658961042e+00 7.546758976096218374e-01 -4.956531446623205217e-01 4.738047394959311043e-01
1.238108170059447399e+00 9.063612093757560828e+00 -1.572091348710066860e+01 3.670523022906396760e-01 3.815950199943730858e+00 7.590206141566291365e-01 -6.841390014508358375e-01 -8.860245316413660130e-03
1.238108170059447399e+00 9.528313422931500298e+00 -1.653654568639400679e+01 3.671279593842485811e-01 3.815716877689053987e+00 7.633286976706096238e-01 -4.614677139180370924e-01 -5.031499219198093398e-01
1.238108170059447399e+00 1.001684049873959204e+01 -1.739398294078915796e+01 3.680958037726708154e-01 3.812474797961025175e+00 7.675343875415761019e-01 7.832692972603613746e-02 -6.767724726397023050e-01
1.238108170059447399e+00 1.053041489333372738e+01 -1.829539204061618207e+01 3.691082444973288745e-01 3.811681734167695179e+00 7.716997215054414161e-01 5.781233578585779354e-01 -3.577710533231426293e-01
1.238108170059447399e+00 1.107032081020935976e+01 -1.924303848658611926e+01 3.696214458531289493e-01 3.809686539335298328e+00 7.758034007556934286e-01 6.266292748634472165e-01 2.601337189960745144e-01
1.238108170059447399e+00 1.163790829538310589e+01 -2.023929312713279316e+01 3.697116395982022463e-01 3.808607073955485589e+00 7.798541646469250299e-01 1.219275254972844447e-01 6.660379467483500404e-01
1.238108170059447399e+00 1.223459661321101954e+01 -2.128665136250972267e+01 3.712269981419245024e-01 3.806221575788080624e+00 7.838478926730393370e-01 -5.148833110804084123e-01 4.376536066785444157e-01
1.238108170059447399e+00 1.286187779528874842e+01 -2.238768280906795027e+01 3.724777863697375513e-01 3.806385167893544974e+00 7.877875090005468373e-01 -6.220937067718604885e-01 -2.604792783181457128e-01
1.238108170059447399e+00 1.352132037130763820e+01 -2.354525065946422302e+01 3.717820412393281204e-01 3.808336128274016019e+00 7.916873785747965409e-01 -1.123657134799027624e-02 -6.730181071142091742e-01
1.238108170059447399e+00 1.421457329119604651e+01 -2.476212320787333709e+01 3.723470080445913100e-01 3.811774833114399907e+00 7.955085005653276253e-01 6.262125214803311302e-01 -2.433301089549168572e-01
1.238108170059447399e+00 1.494337004835301563e+01 -2.604143354317880110e+01 3.717566879815564773e-01 3.794576795838653371e+00 7.992486316493784271e-01 4.122526283742939390e-01 5.288803956902328185e-01
1.238108170059447399e+00 1.570953301428471072e+01 -2.738638834829178847e+01 3.742373336927596328e-01 3.818422578568166692e+00 8.031709028966231845e-01 -4.223066738499587913e-01 5.191950648422977155e-01
1.238108170059447399e+00 1.651497799548244672e+01 -2.880034482073215685e+01 3.736862085522447696e-01 3.804294366196943500e+00 8.067877712404812884e-01 -5.777399255699655622e-01 -3.354190335592043826e-01
1.238108170059447399e+00 1.736171902393673960e+01 -3.028706592513171714e+01 3.766387255802021161e-01 3.811443346460431147e+00 8.104408232372176668e-01 2.851964502140704183e-01 -6.027644568590445617e-01
1.238108170059447399e+00 1.825187339326644675e+01 -3.184990562708562578e+01 3.753832815053171901e-01 3.779939685696969143e+00 8.136385633250119431e-01 6.040479875736576298e-01 2.799435512527886916e-01
1.238108170059447399e+00 1.918766695305559367e+01 -3.349316578568650726e+01 3.779015810478193460e-01 3.815833838143463108e+00 8.174520532403503070e-01 -3.223270326070907243e-01 5.810856785595376328e-01
1.238108170059447399e+00 2.017143967463675835e+01 -3.522010730403519574e+01 3.751900509976865972e-01 3.780297778312745827e+00 8.209136446324026837e-01 -5.229847303816796966e-01 -4.080642253922107110e-01
1.238108170059447399e+00 2.120565150223822926e+01 -3.703580214167237727e+01 3.766458072631150289e-01 3.808008113788918791e+00 8.243458281646869334e-01 5.217939254365396851e-01 -4.077411760192490298e-01
1.238108170059447399e+00 2.229288850412585887e+01 -3.894525318455591645e+01 3.765722169757704241e-01 3.779644455450207108e+00 8.277110621168776161e-01 2.108777452068316960e-01 6.265613264343102840e-01
1.238108170059447399e+00 2.343586933912085257e+01 -4.095284017337804272e+01 3.790162466200646674e-01 3.790852766533249874e+00 8.307017958158194881e-01 -6.559627182618202879e-01 -7.386669319304577097e-02
1.238108170059447399e+00 2.463745205466281618e+01 -4.306226133680485901e+01 3.777560249101599710e-01 3.772393031316829681e+00 8.342786504677525139e-01 3.991737602022197295e-01 -5.242593620171560609e-01
1.238108170059447399e+00 2.590064123341710101e+01 -4.528081435372547503e+01 3.782957006615880746e-01 3.793778092097212618e+00 8.375004182739553826e-01 1.769187971680218630e-01 6.336329443308478249e-01
1.238108170059447399e+00 2.722859550629647174e+01 -4.761291362778143821e+01 3.779088502162153973e-01 3.742259210239947897e+00 8.395266226174972202e-01 -5.801728829396114451e-01 -3.087302377578303725e-01
1.238108170059447399e+00 2.862463545068357007e+01 -5.006577102148941094e+01 3.818900411504944081e-01 3.838383350399265481e+00 8.448173564761073395e-01 6.424379775908929391e-01 -1.300356343255362757e-01
1.238108170059447399e+00 3.009225189360411434e+01 -5.264222714730786379e+01 3.815981153601930020e-01 3.766812427992120682e+00 8.466173193618397042e-01 -4.724852772549521518e-01 4.534543538815626884e-01
1.238108170059447399e+00 3.163511464061267731e+01 -5.535205653528851144e+01 3.809759099181205255e-01 3.823933547431503932e+00 8.516799083261801240e-01 2.387614642631288864e-01 -6.080217759203108141e-01
1.238108170059447399e+00 3.325708165221809054e+01 -5.820097020213015782e+01 3.827848474850267246e-01 3.858396475062158881e+00 8.552533774083357354e-01 -5.308762519499604648e-02 6.498901073497932446e-01
1.238108170059447399e+00 3.496220869079429150e+01 -6.119595553459797088e+01 3.823290513218617348e-01 3.764103044671360365e+00 8.557676607941098190e-01 -4.240867119066337593e-02 -6.505062242102067627e-01
1.238108170059447399e+00 3.675475946209866152e+01 -6.434727022418837805e+01 3.811273220806503104e-01 3.756173094436019433e+00 8.588731660294461889e-01 3.602653795601549330e-02 6.498778908741542626e-01
1.238108170059447399e+00 3.863921627675750159e+01 -6.765393285660813660e+01 3.837007319430752461e-01 3.834824512892602399e+00 8.648740791295153052e-01 7.103852596845981748e-02 -6.450256607080263604e-01
1.238108170059447399e+00 4.062029125837716492e+01 -7.113648033375382340e+01 3.826048084250426862e-01 3.821259342475842313e+00 8.688277234053946030e-01 -2.820793417867299979e-01 5.829873148372787250e-01
1.238108170059447399e+00 4.270293812630757913e+01 -7.479405280865326233e+01 3.806501399852439405e-01 3.764611062648160811e+00 8.683345187988004144e-01 5.331253665314481527e-01 -3.680043887105631795e-01
1.238108170059447399e+00 4.489236458252091921e+01 -7.863931160838872358e+01 3.764740581990518864e-01 3.713833003016965506e+00 8.690834618108553844e-01 -6.443587948700667534e-01 -6.432304282133628759e-02
1.238108170059447399e+00 4.719404533357894849e+01 -8.268353107745697628e+01 3.747773380537567367e-01 3.746442006301830219e+00 8.742070272769479899e-01 3.478295687164973393e-01 5.442493014356108993e-01
1.238108170059447399e+00 4.961373578025131792e+01 -8.693242660586481918e+01 3.810270042847078154e-01 3.863117309401417732e+00 8.837646568537744773e-01 3.297431857746770945e-01 -5.518095354242779083e-01
1.238108170059447399e+00 5.215748640901515643e+01 -9.139512495704578043e+01 3.803243909085938790e-01 3.741143040762537453e+00 8.818094930808489940e-01 -6.167809064007762077e-01 -1.833421855916100018e-01
1.238108170059447399e+00 5.483165792142293071e+01 -9.609715720639081837e+01 3.814299788682859460e-01 3.810082950293047777e+00 8.848313815807103966e-01 -1.766774815029927281e-01 6.177125851784435184e-01
1.238108170059447399e+00 5.764293713916943318e+01 -1.010306483215312312e+02 3.878485993978742497e-01 3.796830013142268090e+00 8.880356355392364787e-01 5.630261707034307506e-01 3.073511904078284340e-01
1.238108170059447399e+00 6.059835372462887904e+01 -1.062239584921090199e+02 3.893570707997198177e-01 3.884695893046409054e+00 8.992873887400391064e-01 5.299519343303817909e-01 -3.549794873132078865e-01
1.238108170059447399e+00 6.370529775867270672e+01 -1.116843667865912835e+02 3.792547167649272244e-01 3.786697285685677095e+00 8.938883804171923186e-01 1.005247497944536245e-01 -6.316303049089173616e-01
1.238108170059447399e+00 6.697153821972089816e+01 -1.174209836239412112e+02 3.790614737989380645e-01 3.698764442752533910e+00 8.935375984975436614e-01 -2.424582511484737191e-01 -5.919624824242829542e-01
1.238108170059447399e+00 7.040524241023477714e+01 -1.234478605710681904e+02 3.774551058233464040e-01 3.765698836043477105e+00 8.964687316113485460e-01 -3.840436230293627351e-01 -5.104100311097231613e-01
1.238108170059447399e+00 7.401499637922732688e+01 -1.297923829001616127e+02 3.787417423556474483e-01 3.758302758858222070e+00 9.017582132149043472e-01 -3.511042063521229162e-01 -5.315837543820880473e-01
1.238108170059447399e+00 7.780982639185774019e+01 -1.364564340310076886e+02 3.798052830903020372e-01 3.840603250813007463e+00 9.092401382597338211e-01 -1.278633053739995362e-01 -6.216761039045876069e-01
1.238108170059447399e+00 8.179922149979636004e+01 -1.434646995371242326e+02 3.764785619304188979e-01 3.819961509564869573e+00 9.160541481884378889e-01 3.155171639675481421e-01 -5.482185366360874390e-01
1.238108170059447399e+00 8.599315726879615340e+01 -1.508256333073381370e+02 3.917554262465204884e-01 3.810762156923777955e+00 9.178679343302552640e-01 6.316878361212516779e-01 1.844163675141880995e-02
1.238108170059447399e+00 9.040212072280316136e+01 -1.585723022821011341e+02 3.813208626994019079e-01 3.804137824922835698e+00 9.156031399606235910e-01 4.937840104712857420e-02 6.307431369849736402e-01
1.238108170059447399e+00 9.503713656697902934e+01 -1.667147720889363995e+02 3.842013699381902070e-01 3.897798656700059539e+00 9.294023658372663199e-01 -6.144717701556624556e-01 -1.312022229402381723e-01
1.238108170059447399e+00 9.990979475520595088e+01 -1.752716882426875884e+02 3.830058296426372966e-01 3.772393432105949351e+00 9.250453025425455778e-01 4.984161872376025038e-01 -3.848308198415756887e-01
1.238108170059447399e+00 1.050322794710088914e+02 -1.842710617440565102e+02 3.777159973114224134e-01 3.738859619493483777e+00 9.275394506904642844e-01 -2.948098828321827347e-01 5.555293489724472122e-01
1.238108170059447399e+00 1.104173995943604609e+02 -1.937192011487427408e+02 3.833708826026403504e-01 3.746114474224796709e+00 9.341410350988650357e-01 3.066922266044256329e-01 -5.466837349158809589e-01
1.238108170059447399e+00 1.160786207305528563e+02 -2.036672001705180719e+02 3.951255748957385738e-01 3.765604241049781642e+00 9.403967419166670005e-01 -5.371414534891879589e-01 3.192991490829493739e-01
1.238108170059447399e+00 1.220300988812250438e+02 -2.141166564125641969e+02 3.723549268547738378e-01 3.784854154787453684e+00 9.348703969896944299e-01 5.533603125310448956e-01 2.939882882944523934e-01
1.238108170059447399e+00 1.282867158417400617e+02 -2.250930456759872413e+02 3.726603279913018874e-01 3.714479059532460603e+00 9.408320966727407031e-01 2.824753340443493244e-01 -5.572347943980827667e-01
1.238108170059447399e+00 1.348641164134255064e+02 -2.366397801237365286e+02 3.788312259516284364e-01 3.748174715319636974e+00 9.573312221336631733e-01 -3.241077565348258194e-01 -5.280816877676937082e-01
1.238108170059447399e+00 1.417787475237255137e+02 -2.487888472591524760e+02 3.859921179030846861e-01 3.824955502567779941e+00 9.703241832544929890e-01 -5.070197564109336641e-01 -3.491291054281399076e-01
1.238108170059447399e+00 1.490478993520864321e+02 -2.615568548997664493e+02 3.771027946645303386e-01 3.768750169828511076e+00 9.700703085017845506e-01 -4.268804455451839508e-01 -4.436546759485568425e-01
1.238108170059447399e+00 1.566897485644112749e+02 -2.749822350818401446e+02 3.794199407654029188e-01 3.728180907201265271e+00 9.665409081476059594e-01 5.720132510041991275e-02 -6.141047142793668590e-01
1.238108170059447399e+00 1.647234037641920281e+02 -2.890867572816842426e+02 3.839840072342093902e-01 3.775616841084216802e+00 9.730035956653245721e-01 6.136583664957099282e-01 3.700734275423579744e-02
1.238108170059447399e+00 1.731689532739727611e+02 -3.039129804696233919e+02 3.812701090486996791e-01 3.761664670000552491e+00 9.779407822561960728e-01 -4.177011091138361776e-01 4.490106077227547510e-01
1.238108170059447399e+00 1.820475153666179438e+02 -3.195019268811020652e+02 3.833214664726368182e-01 3.748387825464384093e+00 9.901682276275340922e-01 3.592295143028317317e-01 -4.924107460933751512e-01
1.238108170059447399e+00 1.913812910719953209e+02 -3.358864297321321146e+02 3.807078203216982537e-01 3.748326881023459567e+00 9.970537232867752175e-01 -5.863824413413524228e-01 1.584946262664682637e-01
1.238108170059447399e+00 2.011936196911156571e+02 -3.525180050610607623e+02 3.752290666414871412e-01 3.781505590813077244e+00 9.922998787019464695e-01 4.811417292157974535e-01 3.731296397704143009e-01
1.238108170059447399e+00 2.115090371565397334e+02 -3.692358235630277932e+02 3.768853792829813254e-01 3.748226045727548250e+00 9.721789973227538129e-01 6.059653123573735534e-02 -6.120342938723717374e-01
1.238108170059447399e+00 2.223533373849928978e+02 -3.860998926423926036e+02 3.579558903809050285e-01 3.697287548116029221e+00 9.850241922294774577e-01 -5.808312124049771485e-01 1.899086501837939089e-01
1.238108170059447399e+00 2.337536367755896265e+02 -4.033343995680079956e+02 3.850909228823805042e-01 3.808130444967937400e+00 1.026440853489714256e+00 2.110026064350677688e-01 5.601408435445005551e-01
1.238108170059447399e+00 2.457384420149567177e+02 -4.196293601639911799e+02 3.689972551129764300e-01 3.778274195439876415e+00 9.979478810526782873e-01 1.364899182345443163e-01 -5.916127541719942151e-01
1.238108170059447399e+00 2.583377213587997971e+02 -4.370869056647620141e+02 3.998541971550961804e-01 3.866511357485691747e+00 1.037848919062593467e+00 -5.468896629620690897e-01 -2.347924753118109942e-01
1.238108170059447399e+00 2.715829795681489145e+02 -4.541000638085975538e+02 3.890436308362325013e-01 3.692447493178880435e+00 1.009296007571766296e+00 -8.420007834139187075e-02 5.978175508115187720e-01
1.238108170059447399e+00 2.855073366876754335e+02 -4.716355051319318932e+02 3.741569363306535001e-01 3.741910940625674087e+00 1.018215767353591650e+00 5.543776292467754718e-01 2.321730904825243802e-01
1.238108170059447399e+00 3.001456108630514450e+02 -4.892063643584420447e+02 3.735948585986155202e-01 3.788013752238698295e+00 1.026363021176277979e+00 3.804262325990890869e-01 -4.621510931671036770e-01
1.238108170059447399e+00 3.155344054044512632e+02 -5.069007572741038530e+02 3.822239317931990787e-01 3.771768582941648074e+00 1.048616981767788170e+00 -2.662206635501851437e-01 -5.287235690995987225e-01
1.238108170059447399e+00 3.317122003138945274e+02 -5.245547697473222115e+02 3.814493248102182044e-01 3.792285964620817573e+00 1.029934670127600427e+00 -5.950367301400590891e-01 5.442034853271032063e-02
1.238108170059447399e+00 3.487194485052908135e+02 -5.393999018047337586e+02 3.753507318562516182e-01 3.672191603568428775e+00 1.042079570621895046e+00 3.435112686289075179e-01 -4.844795352323764126e-01
1.238108170059447399e+00 3.665986769577997961e+02 -5.572023096486040004e+02 3.788855005231585027e-01 3.735601969527959199e+00 1.043000889952377941e+00 -2.476751279720370014e-01 -5.394929325192482361e-01
1.238108170059447399e+00 3.853945930554263555e+02 -5.741460694864125571e+02 3.803955203400521401e-01 3.789509643130136496e+00 1.049200279640490896e+00 -4.267499941832924581e-01 4.100026290767953552e-01
1.238108170059447399e+00 4.051541963787692566e+02 -5.889758940146735995e+02 3.673952360212581203e-01 3.682705687056542221e+00 1.046413239339358814e+00 -4.306219391072336339e-02 -5.910505842660487286e-01
1.238108170059447399e+00 4.259268962284559166e+02 -6.070752011513819753e+02 3.668554540547400711e-01 3.753187281442581735e+00 1.050788254689739798e+00 -4.335419756519309220e-01 -4.021235793567412564e-01
1.238108170059447399e+00 4.477646351741254307e+02 -6.250423909957455635e+02 3.746828342800508915e-01 3.761324909447692821e+00 1.055165035012541219e+00 -5.846970573693552886e-01 7.914745232619577187e-02
1.238108170059447399e+00 4.707220189379136173e+02 -6.430457517234110583e+02 3.692451870583308149e-01 3.691433039860862131e+00 1.055164458568434771e+00 -3.282960910667748755e-01 4.902620170651556530e-01
1.238108170059447399e+00 4.948564529371963658e+02 -6.602288192158855509e+02 3.766612790091174445e-01 3.660632039587327746e+00 1.067654366564319890e+00 5.161530522780761743e-01 2.782086638548841862e-01
1.238108170059447399e+00 5.202282858280361779e+02 -6.773987129528151172e+02 3.607316407130565228e-01 3.657469294258742565e+00 1.045196187085413841e+00 2.229708976238940765e-01 -5.494604695204289291e-01
1.238108170059447399e+00 5.469009604082596070e+02 -6.948954541211462583e+02 3.739727905651717421e-01 3.741415146515803869e+00 1.075282052056628634e+00 -4.809488793803803897e-01 -3.314961245088098862e-01
1.238108170059447399e+00 5.749411722574909618e+02 -7.131275916655613401e+02 3.695368265182963352e-01 3.728756025700505017e+00 1.082191698774388477e+00 -5.820534342240463177e-01 8.114757604882234798e-03
1.238108170059447399e+00 6.044190365108494234e+02 -7.310511364857756007e+02 3.817301677500273827e-01 3.666145275987419794e+00 1.102866826622932894e+00 -3.398131039817225973e-01 4.652367364604263478e-01
1.238108170059447399e+00 6.354082631833013011e+02 -7.484315362169450054e+02 3.652853318867044230e-01 3.640071525863275870e+00 1.084676776117520003e+00 4.322701607029684756e-01 3.887846828779392694e-01
1.238108170059447399e+00 6.679863414830937245e+02 -7.667284176306616246e+02 3.826424877974053951e-01 3.779970974587692378e+00 1.096863904595643868e+00 5.685388285041045320e-01 1.033452382979595380e-01
1.238108170059447399e+00 7.022347335751414903e+02 -7.851182861133970619e+02 3.784957370946763766e-01 3.729528738818855160e+00 1.097418025901894634e+00 5.552166299666112526e-01 -1.595811785137616623e-01
1.238108170059447399e+00 7.382390782788647812e+02 -8.027454806389109763e+02 3.880038393493083215e-01 3.758960166965906069e+00 1.134100660834856278e+00 3.885516975642577808e-02 -5.658635830690016411e-01
1.238108170059447399e+00 7.760894052098467455e+02 -8.213282001924276301e+02 3.709227850810934979e-01 3.654110131951854523e+00 1.106051807166543943e+00 -1.133053972541905458e-01 -5.639366829354830468e-01
1.238108170059447399e+00 8.158803599007725325e+02 -8.399509536695318275e+02 3.740741089693526145e-01 3.708738193895234403e+00 1.093204516466663501e+00 -2.387408619562773338e-01 -5.273932192370992533e-01
1.238108170059447399e+00 8.577114404645492414e+02 -8.581961996167746065e+02 3.956581157650916891e-01 3.760666674920084773e+00 1.139750941885365743e+00 -4.847073880893724152e-01 -2.914745841243825963e-01
1.238108170059447399e+00 9.016872463914262426e+02 -8.764600365230301122e+02 3.758891659320472978e-01 3.652336743791212648e+00 1.101975640570382664e+00 -5.758143383488837364e-01 2.553325338625811458e-02
1.238108170059447399e+00 9.479177401021934202e+02 -8.952567241515141632e+02 3.729830699551462403e-01 3.780251713701062499e+00 1.125892131811410790e+00 -5.668414182165794069e-01 5.526092937769479241e-02
1.238108170059447399e+00 9.965185219115148811e+02 -9.141078779961920873e+02 3.893606078470039367e-01 3.732143488590991875e+00 1.140772487947629754e+00 -5.627265972188648657e-01 5.395217936711595164e-02
1.238108170059447399e+00 1.047611119088933947e+03 -9.320649433620327500e+02 3.700700482966833293e-01 3.622935513897897586e+00 1.103451638487120023e+00 -3.169470908661808362e-01 4.809039979533386022e-01
