2.004556084858152953e+00 5.000000000000000278e-02 2.715204172773730620e-02 3.415409144928358010e-02 1.710413080250317908e+00 3.948643882056589172e-02 9.800890134444754098e-01 -2.661795932740972787e-02
2.004556084858152953e+00 5.256355481880120584e-02 2.772343803123514597e-02 3.772462988981660492e-02 1.775376504930084476e+00 4.221701034937322405e-02 9.787364764666344197e-01 -2.714089380816950975e-02
2.004556084858152953e+00 5.525854590378238840e-02 2.826976966436073671e-02 4.130019117986694077e-02 1.837421095861563547e+00 4.506827052663771316e-02 9.773272017651145616e-01 -2.763617736516092716e-02
2.004556084858152953e+00 5.809171213641415449e-02 2.879004537017288562e-02 4.480370362302979470e-02 1.896782515687856829e+00 4.804496901973377004e-02 9.758591903785461819e-01 -2.810279528549357655e-02
2.004556084858152953e+00 6.107013790800849828e-02 2.928306731488879849e-02 4.816110187173165691e-02 1.953986076909207892e+00 5.115376484560636705e-02 9.743295430001422952e-01 -2.853951558707764138e-02
2.004556084858152953e+00 6.420127083438707805e-02 2.974708967134991403e-02 5.131281109788882189e-02 2.009831630104772060e+00 5.440330069476501801e-02 9.727344427685822303e-01 -2.894455677576249913e-02
2.004556084858152953e+00 6.749294037880015917e-02 3.017943351186593362e-02 5.422777189097877787e-02 2.065335780762391327e+00 5.780401222012931939e-02 9.710692700480647588e-01 -2.931522109489527808e-02
2.004556084858152953e+00 7.095337742966287276e-02 3.057611068197092080e-02 5.691838282242867031e-02 2.121626665805951717e+00 6.136761743524569990e-02 9.693288726194768667e-01 -2.964754662173323466e-02
2.004556084858152953e+00 7.459123488206352570e-02 3.093153023814100913e-02 5.945347252793482806e-02 2.179795212255193348e+00 6.510628244212894600e-02 9.675079884616560877e-01 -2.993605041059356833e-02
2.004556084858152953e+00 7.841560927450845486e-02 3.123837328438055019e-02 6.196510438160510864e-02 2.240719249745122710e+00 6.903153608265424901e-02 9.656017803743925931e-01 -3.017364434042088886e-02
2.004556084858152953e+00 8.243606353500641803e-02 3.148771330820631514e-02 6.464416893098774708e-02 2.304891398485523712e+00 7.315310396206768651e-02 9.636063947360932191e-01 -3.035179358837271010e-02
2.004556084858152953e+00 8.666265089336977478e-02 3.166941912864137953e-02 6.772003105257466682e-02 2.372294404397304657e+00 7.747793324688857786e-02 9.615194104073497838e-01 -3.046094551266261691e-02
2.004556084858152953e+00 9.110594001952546095e-02 3.177280305641033004e-02 7.142179305731025107e-02 2.442371695769376849e+00 8.200973143442112645e-02 9.593400237759008853e-01 -3.049118272509312999e-02
2.004556084858152953e+00 9.577704145069482200e-02 3.178737572771557496e-02 7.592375428551564887e-02 2.514128379112096745e+00 8.674929114823963505e-02 9.570688473551366426e-01 -3.043295793688105197e-02
2.004556084858152953e+00 1.006876353735238344e-01 3.170347398257774424e-02 8.128523046576104083e-02 2.586364165598447507e+00 9.169568784859452593e-02 9.547072946163579488e-01 -3.027768269217719771e-02
2.004556084858152953e+00 1.058500008306337420e-01 3.151249206039413719e-02 8.740343026455371644e-02 2.657987107808565064e+00 9.684811028041301340e-02 9.522566826345788549e-01 -3.001791811152489109e-02
2.004556084858152953e+00 1.112770464246233965e-01 3.120652594420244078e-02 9.400394512332581332e-02 2.728300367006734284e+00 1.022076885215318226e-01 9.497173671229156566e-01 -2.964700416625815765e-02
2.004556084858152953e+00 1.169823425962995683e-01 3.077746581308873561e-02 1.006909627867625945e-01 2.797125919476808775e+00 1.077784313603833977e-01 9.470883299778036779e-01 -2.915818599989973905e-02
2.004556084858152953e+00 1.229801555578474981e-01 3.021589780677408008e-02 1.070630645570807699e-01 2.864664463102822634e+00 1.135664893374309092e-01 9.443675692761288598e-01 -2.854360126794913341e-02
2.004556084858152953e+00 1.292854829657923144e-01 2.951045014755417084e-02 1.128694929515498130e-01 2.931119911807417822e+00 1.195777314780356038e-01 9.415532608400793979e-01 -2.779372924454148047e-02
2.004556084858152953e+00 1.359140914229522712e-01 2.864820625620281141e-02 1.181449734446259059e-01 2.996296230725618237e+00 1.258147693550691892e-01 9.386451242227933367e-01 -2.689785805695770263e-02
2.004556084858152953e+00 1.428825559031582093e-01 2.761629131388157118e-02 1.232404059157008319e-01 3.059509920541338523e+00 1.322756622317214081e-01 9.356449425342944215e-01 -2.584561410158503145e-02
2.004556084858152953e+00 1.502083011973216753e-01 2.640375439126991380e-02 1.286911169642493413e-01 3.120076700839720552e+00 1.389563702012468482e-01 9.325553200871059545e-01 -2.462868525754715807e-02
2.004556084858152953e+00 1.579096454844884090e-01 2.500197488004245183e-02 1.349486842069791970e-01 3.178229809266563066e+00 1.458568399302098140e-01 9.293768214474736888e-01 -2.324109880633275921e-02
2.004556084858152953e+00 1.660058461368274230e-01 2.340207627556436382e-02 1.421163064805186227e-01 3.235749819678069628e+00 1.529867950171988900e-01 9.261053785382834524e-01 -2.167674599406558753e-02
2.004556084858152953e+00 1.745171478730920822e-01 2.159000591626842117e-02 1.498841676106139331e-01 3.295352710349817027e+00 1.603648444152997454e-01 9.227328670704925129e-01 -1.992490400964215883e-02
2.004556084858152953e+00 1.834648333809622278e-01 1.954310500928978581e-02 1.577621602978642179e-01 3.358608191767928908e+00 1.680075645471953427e-01 9.192522042659233561e-01 -1.796732985468743257e-02
2.004556084858152953e+00 1.928712765348487290e-01 1.723294409600000313e-02 1.654593435022189696e-01 3.423786749021321629e+00 1.759146876028025719e-01 9.156639592479808298e-01 -1.578114805016463118e-02
2.004556084858152953e+00 2.027599983422337937e-01 1.463476864410512279e-02 1.730643666197408392e-01 3.486150762970288142e+00 1.840652769503277331e-01 9.119777095178513981e-01 -1.334753571026708018e-02
2.004556084858152953e+00 2.131557257584409393e-01 1.173577277032355343e-02 1.808240397558230350e-01 3.541752789421489300e+00 1.924349636030533162e-01 9.082039168522508810e-01 -1.065896414901515779e-02
2.004556084858152953e+00 2.240844535169032314e-01 8.531462483603370964e-03 1.887929271222754668e-01 3.591751362013997806e+00 2.010221480033219654e-01 9.043421846495773853e-01 -7.715548615846292389e-03
2.004556084858152953e+00 2.355735091295371175e-01 5.010099472990193516e-03 1.968764179726315566e-01 3.641859200110242778e+00 2.098526848564283287e-01 9.003795403716496892e-01 -4.511028804693774548e-03
2.004556084858152953e+00 2.476516212197557576e-01 1.142139423859396931e-03 2.052361962335085277e-01 3.696004821934926632e+00 2.189505434053593547e-01 8.963037435614121806e-01 -1.023704286409053872e-03
2.004556084858152953e+00 2.603489913589924765e-01 -3.109851907955238619e-03 2.142455228875442819e-01 3.751662073262946429e+00 2.283088991320498806e-01 8.921158437467098246e-01 2.774357102566516776e-03
2.004556084858152953e+00 2.736973695863600398e-01 -7.772921428607596807e-03 2.237303701045629256e-01 3.803873770625929129e+00 2.379041162600342152e-01 8.878235438752425379e-01 6.901121634266439361e-03
2.004556084858152953e+00 2.877301338002865583e-01 -1.286426764325589167e-02 2.328637708551431484e-01 3.852008139920382934e+00 2.477301215365430576e-01 8.834259476748709261e-01 1.136525478380025558e-02
2.004556084858152953e+00 3.024823732206473603e-01 -1.840640081935189173e-02 2.415286158192896937e-01 3.898292732542326888e+00 2.577941224237431106e-01 8.789155433415901664e-01 1.617949899935032868e-02
2.004556084858152953e+00 3.179909761300916404e-01 -2.442759048206556011e-02 2.508037236207278364e-01 3.943248242118550628e+00 2.680939019159628844e-01 8.742880908671227802e-01 2.136100037015061653e-02
2.004556084858152953e+00 3.342947221139635494e-01 -3.095670496266559116e-02 2.609785659085513410e-01 3.988292847911462324e+00 2.786343059288863833e-01 8.695352649237257925e-01 2.692654859543357204e-02
2.004556084858152953e+00 3.514343790294647274e-01 -3.803398895172665356e-02 2.709375559775507591e-01 4.034607127636591350e+00 2.894258357155852224e-01 8.646448931703772933e-01 3.290176090132094361e-02
2.004556084858152953e+00 3.694528049465325426e-01 -4.569957699524430927e-02 2.805583329988248220e-01 4.076741151606640301e+00 3.004416014329715501e-01 8.596195339072072450e-01 3.931161968902221332e-02
2.004556084858152953e+00 3.883950553153387442e-01 -5.397103026062522596e-02 2.906072923615546366e-01 4.113922355924798602e+00 3.116658309150578954e-01 8.544561800538077456e-01 4.616070913685581256e-02
2.004556084858152953e+00 4.083084956283826172e-01 -6.288379833976359690e-02 3.009491538743566119e-01 4.154457328992725351e+00 3.231357097224265562e-01 8.491271449762349821e-01 5.346683465533728918e-02
2.004556084858152953e+00 4.292429198588946782e-01 -7.249866003698492156e-02 3.114984457789093941e-01 4.194261964465209047e+00 3.348369579159169995e-01 8.436236364485858452e-01 6.126896521551782049e-02
2.004556084858152953e+00 4.512506749717061227e-01 -8.284555986582320397e-02 3.218623823809310669e-01 4.228583644953058496e+00 3.467399551988427642e-01 8.379426616439199504e-01 6.957908454572911405e-02
2.004556084858152953e+00 4.743867918179263121e-01 -9.396082105537921503e-02 3.323138890932454959e-01 4.263367386922573665e+00 3.588654409688609714e-01 8.320576504415663210e-01 7.841171208459263298e-02
2.004556084858152953e+00 4.987091227407361993e-01 -1.059012062217639383e-01 3.434073280947180229e-01 4.297789748737946169e+00 3.712086418352254502e-01 8.259489042916540180e-01 8.779744894985508363e-02
2.004556084858152953e+00 5.242784862363788490e-01 -1.187178607191075458e-01 3.539500377095295969e-01 4.329943152850534105e+00 3.837600017661875196e-01 8.195961321421599832e-01 9.776040770445462713e-02
2.004556084858152953e+00 5.511588190320803049e-01 -1.324522029434700154e-01 3.649494026779361855e-01 4.359223437715198379e+00 3.965064226343452125e-01 8.129783715082078421e-01 1.083149290714337104e-01
2.004556084858152953e+00 5.794173359611696217e-01 -1.471671332265663268e-01 3.760080790340446510e-01 4.390591875103728725e+00 4.094706881502401807e-01 8.060546429419442882e-01 1.194886339939537356e-01
2.004556084858152953e+00 6.091246980351736617e-01 -1.629222506331561016e-01 3.869836292420183455e-01 4.416836100906497364e+00 4.226156724202905779e-01 7.988046958070542658e-01 1.313069085778158229e-01
2.004556084858152953e+00 6.403551891331518142e-01 -1.797701374331089896e-01 3.981802505358861266e-01 4.444644712972142031e+00 4.359642900224847684e-01 7.911809410228487494e-01 1.437829461875864134e-01
2.004556084858152953e+00 6.731869017500846653e-01 -1.977876501080944038e-01 4.093250816069688991e-01 4.469677592945029865e+00 4.494965436133424586e-01 7.831452259918655345e-01 1.569484164176410679e-01
2.004556084858152953e+00 7.077019322687904124e-01 -2.170332207963882043e-01 4.205991162653548998e-01 4.493571614608963927e+00 4.632115784278525994e-01 7.746493921755719381e-01 1.708151044053612677e-01
2.004556084858152953e+00 7.439865862436418897e-01 -2.375885450623153594e-01 4.317985259873017290e-01 4.517108661673251646e+00 4.771115934825064797e-01 7.656351284691691461e-01 1.854079921430581701e-01
2.004556084858152953e+00 7.821315942094085871e-01 -2.595222852225840260e-01 4.431340862772884526e-01 4.538334261577971596e+00 4.911800843124519145e-01 7.560476285435002719e-01 2.007382703041311056e-01
2.004556084858152953e+00 8.222323385548527819e-01 -2.829258134742597686e-01 4.544256445383738630e-01 4.558865060258564306e+00 5.054228014442945227e-01 7.458128725811911108e-01 2.168262563075546434e-01
2.004556084858152953e+00 8.643890920283819890e-01 -3.078759356468279140e-01 4.657716246132268534e-01 4.578578944139467310e+00 5.198316755401509726e-01 7.348581109507106301e-01 2.336753849104315217e-01
2.004556084858152953e+00 9.087072684721534399e-01 -3.344717289509657743e-01 4.769821516010320783e-01 4.596559832226748021e+00 5.344003374070793733e-01 7.230976670974703646e-01 2.512973602549452568e-01
2.004556084858152953e+00 9.552976864115825251e-01 -3.628052509980325691e-01 4.883520736056874423e-01 4.614295190569239757e+00 5.491288605758254393e-01 7.104370962755162111e-01 2.696882743543657091e-01
2.004556084858152953e+00 1.004276846159383396e+00 -3.929800491084167735e-01 4.996238933056469378e-01 4.630122693685454038e+00 5.640059467509206392e-01 6.967748190780878037e-01 2.888429666965542375e-01
2.004556084858152953e+00 1.055767221127030808e+00 -4.251070462449487719e-01 5.108388210975490784e-01 4.645096606603956069e+00 5.790320891614194609e-01 6.819940370719667078e-01 3.087469741011331092e-01
2.004556084858152953e+00 1.109897564072081844e+00 -4.592978789165675924e-01 5.220888115797543971e-01 4.659596588666281569e+00 5.942033377672577554e-01 6.659701778060918009e-01 3.293719360886207537e-01
2.004556084858152953e+00 1.166803229047136181e+00 -4.956737834902749662e-01 5.332816438180200125e-01 4.672946515963230851e+00 6.095121833639504105e-01 6.485675993148016794e-01 3.506794240420424980e-01
2.004556084858152953e+00 1.226626509855467617e+00 -5.343643192796860841e-01 5.443844390659001720e-01 4.685171328265571589e+00 6.249543863273413491e-01 6.296373207473174860e-01 3.726160069529487195e-01
2.004556084858152953e+00 1.289516995859653292e+00 -5.755050826243872653e-01 5.554280315465365270e-01 4.696536023273011118e+00 6.405263288447335945e-01 6.090188517078076735e-01 3.951088535051721640e-01
2.004556084858152953e+00 1.355631946032894719e+00 -6.192388735475691242e-01 5.664263236741234886e-01 4.707091212717155138e+00 6.562233774795220853e-01 5.865408334247291799e-01 4.180631867850135852e-01
2.004556084858152953e+00 1.425136682188364201e+00 -6.657168706227180044e-01 5.773555209383363085e-01 4.716897794119168985e+00 6.720410690872002935e-01 5.620211169231356108e-01 4.413586687875701298e-01
2.004556084858152953e+00 1.498205002369851435e+00 -7.150994271488194665e-01 5.881894047855460439e-01 4.726048685120003867e+00 6.879751834760906570e-01 5.352678687644316646e-01 4.648451421094373370e-01
2.004556084858152953e+00 1.575019615437396991e+00 -7.675559421809311500e-01 5.989582512873925513e-01 4.734351981073475102e+00 7.040201565496257974e-01 5.060822507969020556e-01 4.883377069276650384e-01
2.004556084858152953e+00 1.655772597934615620e+00 -8.232648558527364546e-01 6.096330179304908503e-01 4.742015939161067450e+00 7.201721908904685776e-01 4.742608050186761792e-01 5.116103377515286432e-01
2.004556084858152953e+00 1.740665874380101563e+00 -8.824157167691399906e-01 6.202140171845381689e-01 4.749022979349202700e+00 7.364266200064766288e-01 4.395995439157874274e-01 5.343913506096783506e-01
2.004556084858152953e+00 1.829911722183899414e+00 -9.452077678834167607e-01 6.306733590821608226e-01 4.755359703107480129e+00 7.527787084978595500e-01 4.019002860064574412e-01 5.563559704272588169e-01
2.004556084858152953e+00 1.923733302451607008e+00 -1.011851502015171489e+00 6.410260193960530817e-01 4.760897614132543865e+00 7.692231572556591512e-01 3.609776447834647239e-01 5.771204695445204536e-01
2.004556084858152953e+00 2.022365218003370213e+00 -1.082569289555679104e+00 6.512840136608908370e-01 4.766011582666005886e+00 7.857568738714039158e-01 3.166680212166406716e-01 5.962348292852663878e-01
2.004556084858152953e+00 2.126054100003139435e+00 -1.157596900035295917e+00 6.614106734512986696e-01 4.770568908190663926e+00 8.023748466188658224e-01 2.688419273047308877e-01 6.131779194908084651e-01
2.004556084858152953e+00 2.235059224665041810e+00 -1.237181312695285307e+00 6.714209101098509436e-01 4.774529665521456856e+00 8.190720877078191409e-01 2.174203317571384853e-01 6.273507196615448755e-01
2.004556084858152953e+00 2.349653161578964422e+00 -1.321585227478232483e+00 6.813041357537326093e-01 4.778022523019632040e+00 8.358447174968033355e-01 1.623907429629347920e-01 6.380731787330786720e-01
2.004556084858152953e+00 2.470122455276509754e+00 -1.411084153298496791e+00 6.910682014156810382e-01 4.781062123199893321e+00 8.526881007352582476e-01 1.038320073188898907e-01 6.445823877945854319e-01
2.004556084858152953e+00 2.596768341741572339e+00 -1.505970005263407741e+00 7.006907173860811300e-01 4.783604510185870851e+00 8.695976250459068746e-01 4.193884132110691637e-02 6.460350550601173802e-01
2.004556084858152953e+00 2.729907501657212077e+00 -1.606550349392623200e+00 7.101818233380884360e-01 4.785726632281700255e+00 8.865691195217962894e-01 -2.294649395131945213e-02 6.415142567720246713e-01
2.004556084858152953e+00 2.869872852272309594e+00 -1.713149492166563537e+00 7.195380163271553053e-01 4.787464761849497208e+00 9.035982879786648159e-01 -9.029952658959787548e-02 6.300439107167128405e-01
2.004556084858152953e+00 3.017014379868100171e+00 -1.826109676381269864e+00 7.287562446207402900e-01 4.788826775922964352e+00 9.206808025054390443e-01 -1.593755482991887074e-01 6.106121971116041935e-01
2.004556084858152953e+00 3.171700014906167375e+00 -1.945791856354029514e+00 7.378343984617456996e-01 4.789833648200634286e+00 9.378124488073305010e-01 -2.291690841336106177e-01 5.822068532371252880e-01
2.004556084858152953e+00 3.334316552046257875e+00 -2.072576665398383255e+00 7.467694123039857468e-01 4.790504848821186101e+00 9.549890864025232240e-01 -2.983734999689459100e-01 5.438654234064036475e-01
2.004556084858152953e+00 3.505270617334392824e+00 -2.206865433469351157e+00 7.555604397610957701e-01 4.790872325737710824e+00 9.722066989125474068e-01 -3.653441344462092788e-01 4.947434705975413682e-01
2.004556084858152953e+00 3.684989684979789626e+00 -2.349081336275519849e+00 7.642036059814522053e-01 4.790947152662383246e+00 9.894612823265828139e-01 -4.280701375808236842e-01 4.342037277507344029e-01
2.004556084858152953e+00 3.873923146263045236e+00 -2.499670539495133070e+00 7.727077406915054958e-01 4.790751774470004776e+00 1.006748965432708642e+00 -4.841619918769412001e-01 3.619283914391763224e-01
2.004556084858152953e+00 4.072543433248407396e+00 -2.659103158505336850e+00 7.810606916248017395e-01 4.790329804204485953e+00 1.024066089033086380e+00 -5.308641834694332040e-01 2.780556141983587803e-01
2.004556084858152953e+00 4.281347200110029227e+00 -2.827875076800894227e+00 7.892720202615643998e-01 4.789634005392301219e+00 1.041408712210658782e+00 -5.651055559793531913e-01 1.833380134591675870e-01
2.004556084858152953e+00 4.500856565026090550e+00 -3.006508786040744230e+00 7.973348379303401012e-01 4.788748489746213366e+00 1.058773587695822860e+00 -5.836005596780574622e-01 7.931806476817777896e-02
2.004556084858152953e+00 4.731620415746203179e+00 -3.195554929212206297e+00 8.052433379943184644e-01 4.787666489087360588e+00 1.076157209975895590e+00 -5.830191325604233699e-01 -3.149161215385489626e-02
2.004556084858152953e+00 4.974215782096693239e+00 -3.395593577625606319e+00 8.130058863500566613e-01 4.786410462163553703e+00 1.093556279265950337e+00 -5.602403864297041958e-01 -1.454429336264026484e-01
2.004556084858152953e+00 5.229249278855711225e+00 -3.607236706692328099e+00 8.206365620446924858e-01 4.784950790620347227e+00 1.110967486722223674e+00 -5.127041869019475229e-01 -2.576328551995489269e-01
2.004556084858152953e+00 5.497358622606176581e+00 -3.831128282454738798e+00 8.281262744640800477e-01 4.783386761998629666e+00 1.128388133331010179e+00 -4.388670073500295921e-01 -3.618702981526405460e-01
2.004556084858152953e+00 5.779214226359383311e+00 -4.067947470715820302e+00 8.354712427225284843e-01 4.781640740173351389e+00 1.145814992123877385e+00 -3.387542098589972905e-01 -4.507884856138080210e-01
2.004556084858152953e+00 6.075520875936748944e+00 -4.318409746058295973e+00 8.426925960245503777e-01 4.779565594859315425e+00 1.163244585033311518e+00 -2.145774586327782452e-01 -5.161658753366509256e-01
2.004556084858152953e+00 6.387019492301446277e+00 -4.583267859653637366e+00 8.497316723618789647e-01 4.777584296320988244e+00 1.180676080295822716e+00 -7.135251467923120483e-02 -5.495269623593994623e-01
2.004556084858152953e+00 6.714488984246776759e+00 -4.863318384588106724e+00 8.565443131995214010e-01 4.776306568394915963e+00 1.198110788951747718e+00 8.259567430583776571e-02 -5.430853742907487680e-01
2.004556084858152953e+00 7.058748196073842962e+00 -5.159388872370799461e+00 8.635071810968217854e-01 4.773587662814251509e+00 1.215533645140140395e+00 2.353951030849977255e-01 -4.910609576428260348e-01
2.004556084858152953e+00 7.420657955128830530e+00 -5.472378812082880906e+00 8.699017493267202639e-01 4.770850945110517216e+00 1.232954895192343026e+00 3.719052455318324069e-01 -3.913012227182475766e-01
2.004556084858152953e+00 7.801123224319756133e+00 -5.803195070475513972e+00 8.762683851915216149e-01 4.767664834715439781e+00 1.250363507872957580e+00 4.746902979810397327e-01 -2.471230261233284264e-01
2.004556084858152953e+00 8.201095364995092396e+00 -6.152829855662425018e+00 8.826754576953171894e-01 4.765649651091321104e+00 1.267766333822248681e+00 5.260265403422580421e-01 -6.896148071701643789e-02
2.004556084858152953e+00 8.621574515842716835e+00 -6.522320366297802430e+00 8.890301906310188462e-01 4.763755336031893606e+00 1.285161449619383500e+00 5.109670061215725312e-01 1.245738365833329586e-01
2.004556084858152953e+00 9.063612093757560828e+00 -6.912711955634997629e+00 8.952583187405027676e-01 4.764247040539692613e+00 1.302564864508470199e+00 4.214320804196902137e-01 3.069669089122268324e-01
2.004556084858152953e+00 9.528313422931500298e+00 -7.325198296327437575e+00 9.009816063625152305e-01 4.758631377234474158e+00 1.319905721054623449e+00 2.607551183060776712e-01 4.462815889825973992e-01
2.004556084858152953e+00 1.001684049873959204e+01 -7.760935501627709066e+00 9.073097834933372408e-01 4.757003004602113450e+00 1.337260424663241132e+00 4.760900183196541124e-02 5.101934740567680704e-01
2.004556084858152953e+00 1.053041489333372738e+01 -8.221238614040981219e+00 9.131278502721181800e-01 4.756044697163721580e+00 1.354610911452586386e+00 -1.823950263743674416e-01 4.741094100222720265e-01
2.004556084858152953e+00 1.107032081020935976e+01 -8.707406459193739678e+00 9.186939609246737026e-01 4.754270747023804589e+00 1.371942272206545743e+00 -3.794815900739643699e-01 3.310704101121148546e-01
2.004556084858152953e+00 1.163790829538310589e+01 -9.220828610938839986e+00 9.240217190517090451e-01 4.750771046653504470e+00 1.389236600034120306e+00 -4.889173758079979892e-01 1.011203290155358731e-01
2.004556084858152953e+00 1.223459661321101954e+01 -9.763058712155286756e+00 9.294073454604229179e-01 4.740275663560801434e+00 1.406424661899496664e+00 -4.669397589382635605e-01 -1.642711227413760078e-01
2.004556084858152953e+00 1.286187779528874842e+01 -1.033562830879911942e+01 9.346699663006646785e-01 4.744084631214215086e+00 1.423782059603627026e+00 -3.008449156654767753e-01 -3.876775765434545273e-01
2.004556084858152953e+00 1.352132037130763820e+01 -1.094006927877056512e+01 9.395354446989603314e-01 4.744619046713015820e+00 1.440979398722390892e+00 -2.699009766126427359e-02 -4.857647168766572876e-01
2.004556084858152953e+00 1.421457329119604651e+01 -1.157830146228514856e+01 9.438566220433844967e-01 4.737912688639516645e+00 1.458231542365866051e+00 2.654305971510351747e-01 -4.027330830782679949e-01
2.004556084858152953e+00 1.494337004835301563e+01 -1.225203145938641747e+01 9.498459636370438774e-01 4.737208655625316567e+00 1.475380571921929729e+00 4.547849798665495880e-01 -1.478590509188965341e-01
2.004556084858152953e+00 1.570953301428471072e+01 -1.296306384505315457e+01 9.535267837919592093e-01 4.714582821492053988e+00 1.492393476882337477e+00 4.373444774206490804e-01 1.832039421059235285e-01
2.004556084858152953e+00 1.651497799548244672e+01 -1.371362179068144904e+01 9.582195473290510135e-01 4.716861467486388015e+00 1.509550389330436726e+00 1.932154067173441625e-01 4.285756997093146392e-01
2.004556084858152953e+00 1.736171902393673960e+01 -1.450571603104745577e+01 9.639844856866371936e-01 4.729635038858505780e+00 1.526775972544576865e+00 -1.679127451700501150e-01 4.347875582930622040e-01
2.004556084858152953e+00 1.825187339326644675e+01 -1.534169682723158701e+01 9.664954328832683350e-01 4.715515613567466069e+00 1.543893114221521756e+00 -4.314611728541689062e-01 1.654973417959450244e-01
2.004556084858152953e+00 1.918766695305559367e+01 -1.622384117854546659e+01 9.735661823353876088e-01 4.724707755127953490e+00 1.561195391567342439e+00 -3.985107868931834774e-01 -2.259959714715087387e-01
2.004556084858152953e+00 2.017143967463675835e+01 -1.715411052625098165e+01 9.782930508352988275e-01 4.726135430583662256e+00 1.578261057943159296e+00 -5.647403078971162393e-02 -4.507152897548827863e-01
2.004556084858152953e+00 2.120565150223822926e+01 -1.813598156780456705e+01 9.816100772274325426e-01 4.732966342850239982e+00 1.595305498717141779e+00 3.405032061690327905e-01 -2.947950411111196489e-01
2.004556084858152953e+00 2.229288850412585887e+01 -1.917210383521614148e+01 9.880049947794734555e-01 4.728388192133229140e+00 1.612542030644615210e+00 4.234933731395749690e-01 1.415397535094831960e-01
2.004556084858152953e+00 2.343586933912085257e+01 -2.026414088851678841e+01 9.871668855213284743e-01 4.702651059022310953e+00 1.629048867368633413e+00 6.889717776029627427e-02 4.374576513072413464e-01
2.004556084858152953e+00 2.463745205466281618e+01 -2.141715143804145427e+01 9.957689948368488864e-01 4.726912467958002573e+00 1.646966232523260132e+00 -3.685608973263980181e-01 2.383197285853967673e-01
2.004556084858152953e+00 2.590064123341710101e+01 -2.263326989596245298e+01 9.970913859208492269e-01 4.731474383848589760e+00 1.663517979191484697e+00 -3.485863907910462522e-01 -2.606890456073336915e-01
2.004556084858152953e+00 2.722859550629647174e+01 -2.391497239612301229e+01 1.002262635203290619e+00 4.731272489947155435e+00 1.680875528036073652e+00 1.491943466114199202e-01 -4.049097661812645632e-01
2.004556084858152953e+00 2.862463545068357007e+01 -2.526721898730891169e+01 1.007491487215605996e+00 4.713258839806425016e+00 1.697613576832392779e+00 4.240617032763924210e-01 5.737313542068158551e-02
2.004556084858152953e+00 3.009225189360411434e+01 -2.669426999945660484e+01 1.006293826071455344e+00 4.720735942001121010e+00 1.714844351762336183e+00 3.931744475297098591e-03 4.242361079805829771e-01
2.004556084858152953e+00 3.163511464061267731e+01 -2.819738297269295302e+01 1.007162359819694597e+00 4.691896071515614608e+00 1.730919538712986094e+00 -4.196125820117914129e-01 3.235345480277741076e-02
2.004556084858152953e+00 3.325708165221809054e+01 -2.978182353009258065e+01 1.009969903506705124e+00 4.692458904805436148e+00 1.747755602425212551e+00 -2.640213797498899839e-02 -4.164940892535959893e-01
2.004556084858152953e+00 3.496220869079429150e+01 -3.145337712566998434e+01 1.012739308019789952e+00 4.647982631388289931e+00 1.763651079674535049e+00 4.137360879427032789e-01 1.550190856461329363e-02
2.004556084858152953e+00 3.675475946209866152e+01 -3.321680929158876694e+01 1.021284028851167758e+00 4.712033252704640240e+00 1.782316010897949443e+00 -9.354644902175959786e-02 3.993708718569704552e-01
2.004556084858152953e+00 3.863921627675750159e+01 -3.507320600598377069e+01 1.022140054529665720e+00 4.645928232340674313e+00 1.797453636095673879e+00 -3.541476051460262231e-01 -2.007481244368429507e-01
2.004556084858152953e+00 4.062029125837716492e+01 -3.703465930535519135e+01 1.026784520613303942e+00 4.760559735269790593e+00 1.817717702887799325e+00 3.172508240354725007e-01 -2.484912046606972402e-01
2.004556084858152953e+00 4.270293812630757913e+01 -3.909994103802209509e+01 1.027535381993412766e+00 4.724816128056203546e+00 1.833968063272056082e+00 6.761308945900509904e-02 3.939629017453303850e-01
2.004556084858152953e+00 4.489236458252091921e+01 -4.127492056576330270e+01 1.027547176383780458e+00 4.636433406439145699e+00 1.848980599710013051e+00 -3.599167539432110430e-01 -1.669055597753842657e-01
2.004556084858152953e+00 4.719404533357894849e+01 -4.356914500220953812e+01 1.037467317529388922e+00 4.718642706186778391e+00 1.868326581070044012e+00 3.598545773474673970e-01 -1.577544748953077225e-01
2.004556084858152953e+00 4.961373578025131792e+01 -4.598940641995216794e+01 1.042328900277716741e+00 4.724936937137933057e+00 1.884390932581101241e+00 -1.647175700198511283e-01 3.532558334362445041e-01
2.004556084858152953e+00 5.215748640901515643e+01 -4.853565016891676009e+01 1.048191943976188423e+00 4.794598063499932117e+00 1.905018281400619795e+00 -6.109330248155527693e-02 -3.809035709369962275e-01
2.004556084858152953e+00 5.483165792142293071e+01 -5.122489765321282817e+01 1.039528386296548312e+00 4.552877676242633065e+00 1.911318873051686795e+00 2.207361592245013493e-01 3.148980217558711714e-01
2.004556084858152953e+00 5.764293713916943318e+01 -5.404868249175287787e+01 1.056612939428473785e+00 4.738711979673402297e+00 1.940371398215688936e+00 -3.036402235965129370e-01 -2.268329846191254884e-01
2.004556084858152953e+00 6.059835372462887904e+01 -5.703027441506701223e+01 1.045080717166241291e+00 4.692146772722180614e+00 1.951065038017200104e+00 3.341094581183175483e-01 1.746238670681143357e-01
2.004556084858152953e+00 6.370529775867270672e+01 -6.016592552716652165e+01 1.055720478393475492e+00 4.576889838905661811e+00 1.965334901835191328e+00 -3.327583910802503486e-01 -1.714083112829405953e-01
2.004556084858152953e+00 6.697153821972089816e+01 -6.346729722969840992e+01 1.058653460343496722e+00 4.678281564167310336e+00 1.989041159203984055e+00 2.976991312022610470e-01 2.195490485855074170e-01
2.004556084858152953e+00 7.040524241023477714e+01 -6.694609939631510542e+01 1.067009146755299787e+00 4.680143590365516637e+00 2.006665409987559379e+00 -2.064668244476385861e-01 -3.029978022020321515e-01
2.004556084858152953e+00 7.401499637922732688e+01 -7.060851359183631359e+01 1.072833797754089158e+00 4.776705258587682579e+00 2.034894464163908623e+00 2.792502400371290466e-02 3.604364961268101131e-01
2.004556084858152953e+00 7.780982639185774019e+01 -7.446409871341967346e+01 1.067425553344335976e+00 4.780543628395701461e+00 2.048304777023238543e+00 2.134933628968027353e-01 -2.887454017570121323e-01
2.004556084858152953e+00 8.179922149979636004e+01 -7.852980258638227440e+01 1.065357715929833304e+00 4.654728309633462402e+00 2.059187423553578533e+00 -3.571341311559647069e-01 3.576372648107326892e-03
2.004556084858152953e+00 8.599315726879615340e+01 -8.281666479984387763e+01 1.050303948759446993e+00 4.649199723100428727e+00 2.068225603916722388e+00 1.500032188846082137e-01 3.223490628968227467e-01
2.004556084858152953e+00 9.040212072280316136e+01 -8.733227520298154900e+01 1.075550280344057752e+00 4.704202887807176658e+00 2.107998298609851329e+00 2.811538257350512104e-01 -2.059937328286318980e-01
2.004556084858152953e+00 9.503713656697902934e+01 -9.205703603462090712e+01 1.061998690975305415e+00 4.606334698967883945e+00 2.108566176951091276e+00 -2.024421740495596089e-01 -2.836002310880165189e-01
2.004556084858152953e+00 9.990979475520595088e+01 -9.706619693658572601e+01 1.074423006428691929e+00 4.592460674233987739e+00 2.133300867990280736e+00 -3.263428564477575677e-01 1.092978242068530503e-01
2.004556084858152953e+00 1.050322794710088914e+02 -1.023211802414304969e+02 1.088044289246191232e+00 4.756959856880721205e+00 2.162584583150985562e+00 -7.382178060498524597e-02 3.310253513553885751e-01
2.004556084858152953e+00 1.104173995943604609e+02 -1.078770823791487032e+02 1.091480084001194006e+00 4.747489699468752100e+00 2.179320844538604529e+00 1.635616818064033196e-01 2.938807678876530494e-01
2.004556084858152953e+00 1.160786207305528563e+02 -1.137064693404284981e+02 1.074637086400173747e+00 4.604664397780292795e+00 2.185317467889069221e+00 2.750137524035469738e-01 1.918579350509706238e-01
2.004556084858152953e+00 1.220300988812250438e+02 -1.198522586505334999e+02 1.076284243693782283e+00 4.624438865399207899e+00 2.213362339751889785e+00 2.945404109876665899e-01 1.502609841773409616e-01
2.004556084858152953e+00 1.282867158417400617e+02 -1.263689289504822995e+02 1.084510628101879925e+00 4.681553924204342465e+00 2.243307905111656009e+00 2.480407570617066126e-01 2.111461919856685299e-01
2.004556084858152953e+00 1.348641164134255064e+02 -1.331822851413416799e+02 1.065400218070604588e+00 4.573043450540743571e+00 2.237324563699080393e+00 1.075385577625010275e-01 3.085112109366809352e-01
2.004556084858152953e+00 1.417787475237255137e+02 -1.403331042899288263e+02 1.078544240331610116e+00 4.580678862384258032e+00 2.265692397677219638e+00 -1.634596442732570709e-01 2.775592052935490495e-01
2.004556084858152953e+00 1.490478993520864321e+02 -1.479035943448504611e+02 1.089282502232635785e+00 4.668225528065514496e+00 2.302347837741799186e+00 -3.065317347821869265e-01 -7.785900019505130609e-02
2.004556084858152953e+00 1.566897485644112749e+02 -1.558803305310661074e+02 1.101738628659072461e+00 4.684803697709648773e+00 2.324637593117864220e+00 1.135344513614408996e-01 -2.914254899981180147e-01
2.004556084858152953e+00 1.647234037641920281e+02 -1.642385026790554434e+02 1.101602506693910355e+00 4.702711640679761551e+00 2.349639435605999083e+00 1.978253164951186138e-01 2.372102428087702330e-01
2.004556084858152953e+00 1.731689532739727611e+02 -1.730762094763780681e+02 1.102749894785240325e+00 4.642035843576312715e+00 2.372922092422418139e+00 -2.926724193722357037e-01 -8.689545790720827612e-02
2.004556084858152953e+00 1.820475153666179438e+02 -1.823803558849522801e+02 1.091760495705466294e+00 4.605426773530550300e+00 2.383501604702318755e+00 2.994144237642820672e-01 5.077471364138635285e-02
2.004556084858152953e+00 1.913812910719953209e+02 -1.921429952040928697e+02 1.101298123638547732e+00 4.618457777200334569e+00 2.390416330377177268e+00 -2.647400576290815932e-01 -1.466432592492259435e-01
2.004556084858152953e+00 2.011936196911156571e+02 -2.023391655903404853e+02 1.106995013237380698e+00 4.650565590540020722e+00 2.424788697697705331e+00 8.608069529609627124e-02 2.847576698616530733e-01
2.004556084858152953e+00 2.115090371565397334e+02 -2.126429896351065167e+02 1.114655805446007841e+00 4.661176313481878886e+00 2.446914227808515196e+00 1.625823620468791753e-01 -2.452085962326805146e-01
2.004556084858152953e+00 2.223533373849928978e+02 -2.230682043903381668e+02 1.100030401027974225e+00 4.613761750369218539e+00 2.439852481350190061e+00 -2.952181682002816832e-01 -4.465806311128502418e-03
2.004556084858152953e+00 2.337536367755896265e+02 -2.335430784301677818e+02 1.098423581014034145e+00 4.534044597038424662e+00 2.468933428332917845e+00 1.409293019357066856e-01 2.545860459637940276e-01
2.004556084858152953e+00 2.457384420149567177e+02 -2.435070266995448662e+02 1.118643850289094965e+00 4.715948830685047000e+00 2.508168156573087337e+00 9.584394380242803810e-03 -2.851760609734292351e-01
2.004556084858152953e+00 2.583377213587997971e+02 -2.540844448523474739e+02 1.095733026894778916e+00 4.536779180378634813e+00 2.481751979507694550e+00 -2.680137434989606215e-01 1.084678335718787107e-01
2.004556084858152953e+00 2.715829795681489145e+02 -2.646903577834103771e+02 1.121598328291540492e+00 4.582760217224809196e+00 2.562635772509727516e+00 1.941364424843406711e-01 1.985252949293987712e-01
2.004556084858152953e+00 2.855073366876754335e+02 -2.751759277302964506e+02 1.112215425818789294e+00 4.611216295032246393e+00 2.535292219175181216e+00 7.956814599631843732e-02 -2.700138348252617559e-01
2.004556084858152953e+00 3.001456108630514450e+02 -2.840083627708438030e+02 1.120370678000194298e+00 4.650227692536443413e+00 2.580801833834966086e+00 8.283149823829127900e-02 2.623970524123204751e-01
2.004556084858152953e+00 3.155344054044512632e+02 -2.945831420689677316e+02 1.098374135887418834e+00 4.631537565074631324e+00 2.540201148019879174e+00 2.098890479565035105e-01 -1.865398753988424252e-01
2.004556084858152953e+00 3.317122003138945274e+02 -3.051990690475420820e+02 1.098433275696081957e+00 4.513294407974483669e+00 2.565099452734656005e+00 -2.479348999124088293e-01 -1.242570617900718016e-01
2.004556084858152953e+00 3.487194485052908135e+02 -3.158733359903649784e+02 1.086996731558936835e+00 4.459659465951489210e+00 2.562617247048951885e+00 -3.964753530208701970e-02 2.748285871614928322e-01
2.004556084858152953e+00 3.665986769577997961e+02 -3.260621877630311474e+02 1.121076349537197814e+00 4.620274490085826358e+00 2.623385552821650091e+00 2.122244878578632421e-01 -1.658842017939528013e-01
2.004556084858152953e+00 3.853945930554263555e+02 -3.368682779158838798e+02 1.120320771538118709e+00 4.532450760736984385e+00 2.625966083300633525e+00 -2.026264856207746212e-01 -1.769528618400834641e-01
2.004556084858152953e+00 4.051541963787692566e+02 -3.475741169252627856e+02 1.109042126013253693e+00 4.543727810480829632e+00 2.634420450755744714e+00 -1.112161663446897125e-01 2.437037350419881399e-01
2.004556084858152953e+00 4.259268962284559166e+02 -3.585598781573834799e+02 1.134549254888659764e+00 4.647590332404535118e+00 2.690476383384948100e+00 2.380178294094680569e-01 1.058117318852734023e-01
2.004556084858152953e+00 4.477646351741254307e+02 -3.696189327112994079e+02 1.116682979238730944e+00 4.597060334830289641e+00 2.653272798755748951e+00 1.229641053774657711e-01 -2.351599298659379222e-01
2.004556084858152953e+00 4.707220189379136173e+02 -3.803575394792703150e+02 1.108863654981714353e+00 4.531922187345643671e+00 2.665374616256877882e+00 -2.571290834458175856e-01 -5.880407990407908458e-02
2.004556084858152953e+00 4.948564529371963658e+02 -3.909082443637311712e+02 1.117128358964988299e+00 4.586709060527159210e+00 2.718935927195229141e+00 5.605106935674427499e-02 2.506055962896314715e-01
2.004556084858152953e+00 5.202282858280361779e+02 -4.019952742796340885e+02 1.108093220683725511e+00 4.475143855444254193e+00 2.685873558234581182e+00 2.589224296207748299e-01 -3.347835527858800814e-02
2.004556084858152953e+00 5.469009604082596070e+02 -4.128764835727728268e+02 1.102849207696171119e+00 4.623942455217193270e+00 2.671975386399650709e+00 -6.324478030903460390e-02 -2.551776992536694544e-01
2.004556084858152953e+00 5.749411722574909618e+02 -4.235980251986127314e+02 1.123409408257413977e+00 4.502307223117874457e+00 2.754154817092302476e+00 -2.193409412149327498e-01 1.247090820965659347e-01
2.004556084858152953e+00 6.044190365108494234e+02 -4.307026195129209896e+02 1.122602877906166530e+00 4.580247085880545299e+00 2.759764061672593360e+00 -2.400390785134488003e-01 -7.541845836257266011e-02
2.004556084858152953e+00 6.354082631833013011e+02 -4.419818749307122516e+02 1.116833158701164619e+00 4.614267361050201188e+00 2.768354918408905796e+00 -1.389907036338596247e-01 2.084388591251196132e-01
2.004556084858152953e+00 6.679863414830937245e+02 -4.525685836413878746e+02 1.105892970209415127e+00 4.562877586289184606e+00 2.731205937709575426e+00 2.511377991501724805e-01 4.550266486720450781e-02
2.004556084858152953e+00 7.022347335751414903e+02 -4.629339904558306102e+02 1.109521713466326442e+00 4.552032719647754355e+00 2.754419731270445038e+00 -1.099440419548574494e-01 -2.270644145247272261e-01
2.004556084858152953e+00 7.382390782788647812e+02 -4.736591724316926957e+02 1.118908060905940083e+00 4.525854040369148734e+00 2.813586073630775619e+00 -1.839248356973735288e-01 1.617440395312818024e-01
2.004556084858152953e+00 7.760894052098467455e+02 -4.845119321791446509e+02 1.140646790554984413e+00 4.591911954581885169e+00 2.852221630338906078e+00 1.827114259018269848e-01 1.559887485215795955e-01
2.004556084858152953e+00 8.158803599007725325e+02 -4.956970884642377655e+02 1.118342258533640665e+00 4.504264066714627646e+00 2.839655007858599589e+00 1.888082096178759217e-01 -1.509877008842302748e-01
2.004556084858152953e+00 8.577114404645492414e+02 -5.065132932505306940e+02 1.097835992347695244e+00 4.577341631849953352e+00 2.786342803256521172e+00 -1.871738516307956679e-01 -1.631324734762292783e-01
2.004556084858152953e+00 9.016872463914262426e+02 -5.171682496098278534e+02 1.117644413576753371e+00 4.557526721673319514e+00 2.814123147301242689e+00 -8.997270738569877746e-02 2.277326970733846712e-01
2.004556084858152953e+00 9.479177401021934202e+02 -5.283314929486047049e+02 1.113348366604687500e+00 4.471438366980319934e+00 2.877397592208504662e+00 2.029990232896335123e-01 1.227698463542374469e-01
2.004556084858152953e+00 9.965185219115148811e+02 -5.393353956447275550e+02 1.107865010037604625e+00 4.526774244970892092e+00 2.878305532156802293e+00 1.243997412642885991e-01 -2.018778501748503817e-01
2.004556084858152953e+00 1.047611119088933947e+03 -5.503036057467206774e+02 1.131146397414068749e+00 4.697893977955349243e+00 2.915566179866687424e+00 -2.014182837719700747e-01 -1.166362955963383685e-01
