7.074903828911128789e-01 5.000000000000000278e-02 -6.105627203844513767e-02 1.207737456676482787e-02 1.687822390507089487e+00 3.942030120120360026e-02 9.786558367048866502e-01 5.982743841862536716e-02
7.074903828911128789e-01 5.256355481880120584e-02 -6.503252899313691215e-02 1.333974424590685798e-02 1.745384167976562928e+00 4.209343091693038691e-02 9.771033763206541378e-01 6.363323547852091366e-02
7.074903828911128789e-01 5.525854590378238840e-02 -6.926650361737399231e-02 1.459346476132362784e-02 1.798706713894883347e+00 4.487145687153343970e-02 9.754693166026348061e-01 6.767561603326507913e-02
7.074903828911128789e-01 5.809171213641415449e-02 -7.376982169240023368e-02 1.580625292219619421e-02 1.848089563937211910e+00 4.775761238211621157e-02 9.737484525056862017e-01 7.196383918236473609e-02
7.074903828911128789e-01 6.107013790800849828e-02 -7.855465727005231380e-02 1.694624362747929047e-02 1.894252834472939684e+00 5.075773315602623292e-02 9.719339182568987878e-01 7.650737205221389003e-02
7.074903828911128789e-01 6.420127083438707805e-02 -8.363421585729327590e-02 1.798668290934247321e-02 1.938351529158453657e+00 5.388063034182460909e-02 9.700169426823426200e-01 8.131628870035749468e-02
7.074903828911128789e-01 6.749294037880015917e-02 -8.902334821609958482e-02 1.891197281824824605e-02 1.981932844339921118e+00 5.713815465543251731e-02 9.679867297955179195e-01 8.640178963601524709e-02
7.074903828911128789e-01 7.095337742966287276e-02 -9.473924860355746602e-02 1.972454325487469837e-02 2.026818305635256223e+00 6.054480412970821013e-02 9.658305307871621892e-01 9.177680488250111734e-02
7.074903828911128789e-01 7.459123488206352570e-02 -1.008021498239899810e-01 2.045145399817300397e-02 2.074899274571965435e+00 6.411675337428290877e-02 9.635339643584004410e-01 9.745660676738737704e-02
7.074903828911128789e-01 7.841560927450845486e-02 -1.072358824791837251e-01 2.114894616266300292e-02 2.127848324852505524e+00 6.787025334216306716e-02 9.610816137404651904e-01 1.034593173442305697e-01
7.074903828911128789e-01 8.243606353500641803e-02 -1.140681275946861251e-01 2.190251521154151781e-02 2.186771500802999757e+00 7.181947429598543875e-02 9.584578777189989296e-01 1.098061581076698184e-01
7.074903828911128789e-01 8.666265089336977478e-02 -1.213301826145901929e-01 2.281979528842167579e-02 2.251856536469000414e+00 7.597405087353076292e-02 9.556479735253681218e-01 1.165212754789401173e-01
7.074903828911128789e-01 9.110594001952546095e-02 -1.290561027698652607e-01 2.401404692056608239e-02 2.322104721185879850e+00 8.033681970619166446e-02 9.526388875048000804e-01 1.236310033140192444e-01
7.074903828911128789e-01 9.577704145069482200e-02 -1.372811939490690969e-01 2.557784783692126224e-02 2.395258279725180017e+00 8.490244010585723533e-02 9.494199775432449195e-01 1.311625136073112097e-01
7.074903828911128789e-01 1.006876353735238344e-01 -1.460400340577311107e-01 2.755012566924697551e-02 2.468032987738164596e+00 8.965765794291251367e-02 9.459828892145235590e-01 1.391419750764538721e-01
7.074903828911128789e-01 1.058500008306337420e-01 -1.553644578988555847e-01 2.988464852703705960e-02 2.536722740500685358e+00 9.458383992204562329e-02 9.423204834954084230e-01 1.475925618797375716e-01
7.074903828911128789e-01 1.112770464246233965e-01 -1.652821927723060191e-01 3.243343201956518096e-02 2.598137922049189807e+00 9.966186093656170808e-02 9.384246824592453740e-01 1.565328911085970831e-01
7.074903828911128789e-01 1.169823425962995683e-01 -1.758169437276776437e-01 3.496131119279516364e-02 2.650683740733305704e+00 1.048785431435095422e-01 9.342834937974464626e-01 1.659766038669152344e-01
7.074903828911128789e-01 1.229801555578474981e-01 -1.869905379094884690e-01 3.720412720111336558e-02 2.695213862436983909e+00 1.102327468199560123e-01 9.298779424184249187e-01 1.759337068792568293e-01
7.074903828911128789e-01 1.292854829657923144e-01 -1.988271091144606928e-01 3.896842590788713451e-02 2.735189740955280335e+00 1.157383058254488617e-01 9.251800745757851052e-01 1.864138288276332711e-01
7.074903828911128789e-01 1.359140914229522712e-01 -2.113582707916235315e-01 4.024492994788890499e-02 2.775769121605031309e+00 1.214211783422667473e-01 9.201532394680981275e-01 1.974306859412364445e-01
7.074903828911128789e-01 1.428825559031582093e-01 -2.246271192770473157e-01 4.127890897904228085e-02 2.821812407538485168e+00 1.273098312786183905e-01 9.147553302438061751e-01 2.090060329670735684e-01
7.074903828911128789e-01 1.502083011973216753e-01 -2.386884423916246778e-01 4.252749963471757350e-02 2.875431758253622405e+00 1.334213901053377949e-01 9.089443127267775591e-01 2.211707346375629546e-01
7.074903828911128789e-01 1.579096454844884090e-01 -2.536035398263797869e-01 4.446415621861646295e-02 2.934340241482303213e+00 1.397500492861052934e-01 9.026836393164681116e-01 2.339611219406917131e-01
7.074903828911128789e-01 1.660058461368274230e-01 -2.694309383028716809e-01 4.728006537990937785e-02 2.992390172214887123e+00 1.462660681640648164e-01 8.959439821215132715e-01 2.474109735166746538e-01
7.074903828911128789e-01 1.745171478730920822e-01 -2.862179457090768819e-01 5.065489041170785633e-02 3.042800632763773550e+00 1.529299699296639004e-01 8.886986114529115133e-01 2.615427246208738010e-01
7.074903828911128789e-01 1.834648333809622278e-01 -3.039997339122104125e-01 5.383150961209880875e-02 3.082690521117845250e+00 1.597167314154684381e-01 8.809133113278513338e-01 2.763637940256128966e-01
7.074903828911128789e-01 1.928712765348487290e-01 -3.228094203936925366e-01 5.610250336332425064e-02 3.115724598701416603e+00 1.666337596468736582e-01 8.725365662699523517e-01 2.918724397089441647e-01
7.074903828911128789e-01 2.027599983422337937e-01 -3.426941425140873632e-01 5.746262641941304178e-02 3.149870544708025299e+00 1.737147232891919080e-01 8.634980331726043179e-01 3.080710887062450554e-01
7.074903828911128789e-01 2.131557257584409393e-01 -3.637238717233051699e-01 5.882400774138789312e-02 3.190732065875204526e+00 1.809874451477335167e-01 8.537188442535389443e-01 3.249768760090621655e-01
7.074903828911128789e-01 2.240844535169032314e-01 -3.859817517255251795e-01 6.130692874389803704e-02 3.235902535225100074e+00 1.884413033839727747e-01 8.431265464313156821e-01 3.426174895347767757e-01
7.074903828911128789e-01 2.355735091295371175e-01 -4.095416759614012303e-01 6.499604896993105285e-02 3.276922135697959426e+00 1.960304087596971001e-01 8.316594940306921702e-01 3.610120838342364413e-01
7.074903828911128789e-01 2.476516212197557576e-01 -4.344568873023596511e-01 6.855546844746512880e-02 3.308544434300819237e+00 2.037175954505606179e-01 8.192526784933291673e-01 3.801548931329064018e-01
7.074903828911128789e-01 2.603489913589924765e-01 -4.607768184300007897e-01 7.068846464348098324e-02 3.335135087438295010e+00 2.115112218894355245e-01 8.058181862458713152e-01 4.000215608770577580e-01
7.074903828911128789e-01 2.736973695863600398e-01 -4.885745781302494040e-01 7.205307001139288348e-02 3.364772264823251202e+00 2.194423203061872663e-01 7.912446517706062110e-01 4.205928818488927634e-01
7.074903828911128789e-01 2.877301338002865583e-01 -5.179463023284047729e-01 7.463376045807383619e-02 3.397716908069656316e+00 2.275073111269766135e-01 7.754184273928966808e-01 4.418629431189537993e-01
7.074903828911128789e-01 3.024823732206473603e-01 -5.489805246416028517e-01 7.859510552107268344e-02 3.426793970949888024e+00 2.356640920841796549e-01 7.582356782797331496e-01 4.638153385332441925e-01
7.074903828911128789e-01 3.179909761300916404e-01 -5.817476118749027592e-01 8.165302751662761871e-02 3.449839208447297523e+00 2.438908507570815287e-01 7.395850452286258925e-01 4.864022171890069468e-01
7.074903828911128789e-01 3.342947221139635494e-01 -6.163278984292988039e-01 8.320703557210977486e-02 3.472166666051582418e+00 2.522010732217820350e-01 7.193311973852439811e-01 5.095597110690572862e-01
7.074903828911128789e-01 3.514343790294647274e-01 -6.528233596231550750e-01 8.580798576644133036e-02 3.495241211335710751e+00 2.605902179385183870e-01 6.973285781652094339e-01 5.332255485950224694e-01
7.074903828911128789e-01 3.694528049465325426e-01 -6.913339372940850991e-01 8.971945226547614616e-02 3.515900086722139051e+00 2.690327754201812249e-01 6.734330448062805230e-01 5.573205048311843379e-01
7.074903828911128789e-01 3.883950553153387442e-01 -7.319570011026843570e-01 9.213881590169936686e-02 3.534387533496251343e+00 2.775209181840637140e-01 6.474897878730613288e-01 5.817359282113478969e-01
7.074903828911128789e-01 4.083084956283826172e-01 -7.747992009023595417e-01 9.414502800229906931e-02 3.550675142051120670e+00 2.860406218180263638e-01 6.193365272615861672e-01 6.063450873166225108e-01
7.074903828911128789e-01 4.292429198588946782e-01 -8.199672321396571650e-01 9.778547248919418344e-02 3.565485133609955337e+00 2.945794660974950796e-01 5.888075203567189053e-01 6.309916465812137609e-01
7.074903828911128789e-01 4.512506749717061227e-01 -8.675845635670248468e-01 1.003876738732034785e-01 3.580963416917381625e+00 3.031405334249411831e-01 5.557214443552277450e-01 6.554914050441418283e-01
7.074903828911128789e-01 4.743867918179263121e-01 -9.177749238746046867e-01 1.026556456818963764e-01 3.591564641424488169e+00 3.116839532114733524e-01 5.199104442573800888e-01 6.796366935008089083e-01
7.074903828911128789e-01 4.987091227407361993e-01 -9.706508645637864641e-01 1.060363689407132770e-01 3.602301350318743545e+00 3.202153248357618720e-01 4.812070651530532817e-01 7.031589126442140403e-01
7.074903828911128789e-01 5.242784862363788490e-01 -1.026368631303132162e+00 1.082817860152490708e-01 3.613356964022127471e+00 3.287302707644982336e-01 4.394272979509050714e-01 7.257691103265149213e-01
7.074903828911128789e-01 5.511588190320803049e-01 -1.085050600477210248e+00 1.111685355205442316e-01 3.618524290726322867e+00 3.371807854862649001e-01 3.944356754593775216e-01 7.471280245959405208e-01
7.074903828911128789e-01 5.794173359611696217e-01 -1.146851683371442387e+00 1.137956324371131867e-01 3.628290332942941454e+00 3.456053462738597482e-01 3.460778804558017341e-01 7.668258376648415808e-01
7.074903828911128789e-01 6.091246980351736617e-01 -1.211929437979605506e+00 1.163611461535463965e-01 3.630783417235973420e+00 3.539366600270568153e-01 2.942489160344622934e-01 7.844341915784611707e-01
7.074903828911128789e-01 6.403551891331518142e-01 -1.280435939069724860e+00 1.189935303012446544e-01 3.637796747524842722e+00 3.622142937190460099e-01 2.388711997017902156e-01 7.994208684058821124e-01
7.074903828911128789e-01 6.731869017500846653e-01 -1.352553224875864268e+00 1.214770397771941929e-01 3.638452793951420627e+00 3.703785195644897499e-01 1.799122702327279333e-01 8.112364012271632285e-01
7.074903828911128789e-01 7.077019322687904124e-01 -1.428449817555137447e+00 1.240170588073273433e-01 3.642913344822210853e+00 3.784615304008461245e-01 1.174078949991071430e-01 8.192250637764076915e-01
7.074903828911128789e-01 7.439865862436418897e-01 -1.508317095685313580e+00 1.263347740244408490e-01 3.642308761174843035e+00 3.864124098003595131e-01 5.146887729576870435e-02 8.227035882526672061e-01
7.074903828911128789e-01 7.821315942094085871e-01 -1.592354331937682499e+00 1.288876620495673087e-01 3.643567026114931551e+00 3.942509286496513887e-01 -1.769963985963388456e-02 8.208968177945406008e-01
7.074903828911128789e-01 8.222323385548527819e-01 -1.680759531655967143e+00 1.310280313899737092e-01 3.643070211378666379e+00 4.019493912336364883e-01 -8.976139492770333905e-02 8.129929242115006005e-01
7.074903828911128789e-01 8.643890920283819890e-01 -1.773758142121568904e+00 1.332856393351697921e-01 3.641320765624144862e+00 4.095003785692040710e-01 -1.642504891044934967e-01 7.981251052919471345e-01
7.074903828911128789e-01 9.087072684721534399e-01 -1.871572186611109245e+00 1.356479782865560313e-01 3.639693248905079059e+00 4.168993254887378708e-01 -2.405173567218801545e-01 7.753958157022035058e-01
7.074903828911128789e-01 9.552976864115825251e-01 -1.974441820496968925e+00 1.376575170825696248e-01 3.636918576976942319e+00 4.241319725698591281e-01 -3.177189050350441302e-01 7.439033667012399098e-01
7.074903828911128789e-01 1.004276846159383396e+00 -2.082619130613239555e+00 1.395901665344699005e-01 3.633827193490632990e+00 4.311932658103473370e-01 -3.947819947442755550e-01 7.027663224908796691e-01
7.074903828911128789e-01 1.055767221127030808e+00 -2.196365796922957969e+00 1.415959774271882965e-01 3.630555517510545727e+00 4.380753721071482532e-01 -4.703745329092077765e-01 6.511719772200544876e-01
7.074903828911128789e-01 1.109897564072081844e+00 -2.315959012506359826e+00 1.435455590003249793e-01 3.626621170094173952e+00 4.447689917892309053e-01 -5.428850352975140847e-01 5.884285574747400993e-01
7.074903828911128789e-01 1.166803229047136181e+00 -2.441690883337312989e+00 1.453706403364225241e-01 3.622077537369370326e+00 4.512679772186146687e-01 -6.104023087585868090e-01 5.140322825228809123e-01
7.074903828911128789e-01 1.226626509855467617e+00 -2.573867595649491857e+00 1.470891953310236311e-01 3.617207005848559476e+00 4.575677464644239967e-01 -6.707074470558944679e-01 4.277528219149760447e-01
7.074903828911128789e-01 1.289516995859653292e+00 -2.712810640451537747e+00 1.487258663525812818e-01 3.612153663389113589e+00 4.636638102544982099e-01 -7.212841796556686003e-01 3.297333863008564125e-01
7.074903828911128789e-01 1.355631946032894719e+00 -2.858858107075841648e+00 1.502953896219608731e-01 3.606921285953569534e+00 4.695518489781292382e-01 -7.593522673859880445e-01 2.206049874222247020e-01
7.074903828911128789e-01 1.425136682188364201e+00 -3.012365471604432354e+00 1.518070921162700815e-01 3.601468584954655494e+00 4.752281349754616802e-01 -7.819321994315171498e-01 1.016131605997126902e-01
7.074903828911128789e-01 1.498205002369851435e+00 -3.173706407451431843e+00 1.532383463222940778e-01 3.595878505143157433e+00 4.806902968398769072e-01 -7.859509573973678664e-01 -2.524851573073268879e-02
7.074903828911128789e-01 1.575019615437396991e+00 -3.343274395139857358e+00 1.545314385321270301e-01 3.590363155207771495e+00 4.859373636375282635e-01 -7.683992429389785439e-01 -1.571080470821611119e-01
7.074903828911128789e-01 1.655772597934615620e+00 -3.521483469121166721e+00 1.557347750029934308e-01 3.584662867584581747e+00 4.909669406981089224e-01 -7.265503685094341080e-01 -2.901014807143071361e-01
7.074903828911128789e-01 1.740665874380101563e+00 -3.708767204062163092e+00 1.569191432587835611e-01 3.578842560561348307e+00 4.957786954301615090e-01 -6.582458228417616963e-01 -4.192956697743966399e-01
7.074903828911128789e-01 1.829911722183899414e+00 -3.905584627561723643e+00 1.579963028862611252e-01 3.573506538990764980e+00 5.003757372686223892e-01 -5.622508972904656233e-01 -5.386805499036181333e-01
7.074903828911128789e-01 1.923733302451607008e+00 -4.112416437473820352e+00 1.589855524985341051e-01 3.567741607755958277e+00 5.047549575008197786e-01 -4.386821533354357538e-01 -6.412577067037660283e-01
7.074903828911128789e-01 2.022365218003370213e+00 -4.329768571327706539e+00 1.599210910818146814e-01 3.562368070537496934e+00 5.089215157168043291e-01 -2.894732010045130144e-01 -7.192696428382326923e-01
7.074903828911128789e-01 2.126054100003139435e+00 -4.558173918395480584e+00 1.607368390617924803e-01 3.556975553193201023e+00 5.128759945415157784e-01 -1.188596370301974042e-01 -7.646197908531346954e-01
7.074903828911128789e-01 2.235059224665041810e+00 -4.798192171228026659e+00 1.615206639208777717e-01 3.551806233140684554e+00 5.166221943711316600e-01 6.618923029953166504e-02 -7.695135502706146324e-01
7.074903828911128789e-01 2.349653161578964422e+00 -5.050412719418510221e+00 1.622185430974982523e-01 3.546674006471975726e+00 5.201627867437101926e-01 2.556778699491242812e-01 -7.273600226856220541e-01
7.074903828911128789e-01 2.470122455276509754e+00 -5.315455586221787598e+00 1.628386807806276870e-01 3.541710894464054071e+00 5.235023053944423133e-01 4.365527993752901237e-01 -6.339271652087169473e-01
7.074903828911128789e-01 2.596768341741572339e+00 -5.593972591431632502e+00 1.633960243543023383e-01 3.536948246712137145e+00 5.266452731787534258e-01 5.930828040051895345e-01 -4.887081767211998162e-01
7.074903828911128789e-01 2.729907501657212077e+00 -5.886649503550927420e+00 1.638938630516275918e-01 3.532356647746410339e+00 5.295963916108117342e-01 7.078170361706105362e-01 -2.963741332116119898e-01
7.074903828911128789e-01 2.869872852272309594e+00 -6.194207743807951694e+00 1.643283547035161440e-01 3.527972027193487570e+00 5.323610340405782182e-01 7.632693811873093592e-01 -6.809364393146123684e-02
7.074903828911128789e-01 3.017014379868100171e+00 -6.517406304459949951e+00 1.647027339778024124e-01 3.523781802128956642e+00 5.349446997005237181e-01 7.444149913079537439e-01 1.776175651320918980e-01
7.074903828911128789e-01 3.171700014906167375e+00 -6.857043318401290222e+00 1.650194761511394048e-01 3.519785551318748595e+00 5.373532007096647467e-01 6.419448646467348363e-01 4.149692805806148299e-01
7.074903828911128789e-01 3.334316552046257875e+00 -7.213958367098653568e+00 1.652834473556441808e-01 3.515979361438743567e+00 5.395925745039806820e-01 4.559938826184621874e-01 6.124175914012274236e-01
7.074903828911128789e-01 3.505270617334392824e+00 -7.589034498212742008e+00 1.655023985486226978e-01 3.512379700684197914e+00 5.416691360639226405e-01 1.997304594037244696e-01 7.361277886056342146e-01
7.074903828911128789e-01 3.684989684979789626e+00 -7.983200591247619826e+00 1.656685682196562814e-01 3.508957865853559177e+00 5.435891498811191713e-01 -9.819244327782414294e-02 7.556577761330830478e-01
7.074903828911128789e-01 3.873923146263045236e+00 -8.397433528287729487e+00 1.657918013823740377e-01 3.505754926982779018e+00 5.453592771625335178e-01 -3.936823421803520295e-01 6.516499906415500476e-01
7.074903828911128789e-01 4.072543433248407396e+00 -8.832760553626000544e+00 1.658853882693317461e-01 3.502691847262570768e+00 5.469857062997726116e-01 -6.312562224881780315e-01 4.245080821823007389e-01
7.074903828911128789e-01 4.281347200110029227e+00 -9.290261929384705297e+00 1.659307254342226035e-01 3.499895413803313371e+00 5.484755912050556237e-01 -7.532843544108968059e-01 1.019444449226054733e-01
7.074903828911128789e-01 4.500856565026090550e+00 -9.771074263378629610e+00 1.659661799857369557e-01 3.497240562878944026e+00 5.498348753058300842e-01 -7.145400704318392027e-01 -2.578324546188408561e-01
7.074903828911128789e-01 4.731620415746203179e+00 -1.027639239074725630e+01 1.659433149306497046e-01 3.494679186893448364e+00 5.510699136322541047e-01 -5.001152577418461753e-01 -5.711546051559998061e-01
7.074903828911128789e-01 4.974215782096693239e+00 -1.080747249827685330e+01 1.659149649342476773e-01 3.492437069672187810e+00 5.521880813920114761e-01 -1.418805051219076963e-01 -7.453581016043120400e-01
7.074903828911128789e-01 5.229249278855711225e+00 -1.136563590778219712e+01 1.658392065634055890e-01 3.490400423478635883e+00 5.531952448383267162e-01 2.742780954540136040e-01 -7.070224769461108671e-01
7.074903828911128789e-01 5.497358622606176581e+00 -1.195227257710373614e+01 1.657787378566048242e-01 3.488289137059598755e+00 5.540963303357751002e-01 6.195231803192716713e-01 -4.367863280836388196e-01
7.074903828911128789e-01 5.779214226359383311e+00 -1.256884295971101473e+01 1.656166487164604795e-01 3.486521310522836536e+00 5.548993549925969049e-01 7.577113779356551282e-01 1.873328020178956005e-03
7.074903828911128789e-01 6.075520875936748944e+00 -1.321688177647491180e+01 1.654788012452877155e-01 3.485104530820137825e+00 5.556101955934090730e-01 6.027548498174385427e-01 4.587032403491681509e-01
7.074903828911128789e-01 6.387019492301446277e+00 -1.389800711868944383e+01 1.651657173525143407e-01 3.483442935957239861e+00 5.562322921060390835e-01 1.793725182081235547e-01 7.356566943148842297e-01
7.074903828911128789e-01 6.714488984246776759e+00 -1.461391456528899369e+01 1.651835013517319040e-01 3.482249667905746193e+00 5.567736672857562796e-01 -3.473829699145180028e-01 6.725920179964552936e-01
7.074903828911128789e-01 7.058748196073842962e+00 -1.536638878392152385e+01 1.654015313936409992e-01 3.479952342550853395e+00 5.572311910166291016e-01 -7.131074720808788792e-01 2.535163849768519717e-01
7.074903828911128789e-01 7.420657955128830530e+00 -1.615731171727727045e+01 1.649203011770253580e-01 3.479598526600602426e+00 5.576295470157734968e-01 -6.815646561788770708e-01 -3.286857368685111580e-01
7.074903828911128789e-01 7.801123224319756133e+00 -1.698865421395923647e+01 1.643007212970194753e-01 3.478096616091808535e+00 5.579546229728685747e-01 -2.164155733668005066e-01 -7.249433750375404717e-01
7.074903828911128789e-01 8.201095364995092396e+00 -1.786248911296549124e+01 1.641788934154897184e-01 3.477076304384421501e+00 5.582188715986103889e-01 4.169135633742140357e-01 -6.311976297526978863e-01
7.074903828911128789e-01 8.621574515842716835e+00 -1.878099693992392361e+01 1.648029417322407209e-01 3.476478858660347893e+00 5.584253916911489091e-01 7.546020866382054937e-01 -5.181596014094069780e-02
7.074903828911128789e-01 9.063612093757560828e+00 -1.974647409986129531e+01 1.641298997404322391e-01 3.474471435267740382e+00 5.585717626065012098e-01 4.719619079305917286e-01 5.909969765803639863e-01
7.074903828911128789e-01 9.528313422931500298e+00 -2.076133816756421879e+01 1.644732289754329280e-01 3.474833540535558818e+00 5.586853535407524385e-01 -2.529126762017152585e-01 7.127381523841221922e-01
7.074903828911128789e-01 1.001684049873959204e+01 -2.182811592260557632e+01 1.631916716584670968e-01 3.472943624631574799e+00 5.587396699249165266e-01 -7.462318384393819004e-01 1.227496352928240109e-01
7.074903828911128789e-01 1.053041489333372738e+01 -2.294946780911622852e+01 1.628283020952999982e-01 3.471747889229889417e+00 5.587536977553385631e-01 -4.347679253207838990e-01 -6.187877325098015691e-01
7.074903828911128789e-01 1.107032081020935976e+01 -2.412820678191608437e+01 1.626181193573201789e-01 3.470972613590740163e+00 5.587331323809983097e-01 4.057206532970323298e-01 -6.382193354790788309e-01
7.074903828911128789e-01 1.163790829538310589e+01 -2.536727982389150782e+01 1.631432596187719353e-01 3.471373369773595563e+00 5.586877783172957690e-01 7.355741066577681231e-01 1.757550636179799897e-01
7.074903828911128789e-01 1.223459661321101954e+01 -2.666975265085001823e+01 1.641569276573107417e-01 3.472619602007620543e+00 5.586225436128239297e-01 2.554681316350757361e-02 7.558728609431515366e-01
7.074903828911128789e-01 1.286187779528874842e+01 -2.803891811398046485e+01 1.618588823472473792e-01 3.468757803011883745e+00 5.584725370734935357e-01 -7.354988066463650220e-01 1.764192071020647679e-01
7.074903828911128789e-01 1.352132037130763820e+01 -2.947818769947394557e+01 1.640831700883694233e-01 3.472085131415980630e+00 5.583857150692462801e-01 -2.713663095051906948e-01 -7.060398209452828366e-01
7.074903828911128789e-01 1.421457329119604651e+01 -3.099118487233179309e+01 1.624824799066133807e-01 3.468630941141994661e+00 5.581806767356620735e-01 6.892554475537867598e-01 -3.117308963056151239e-01
7.074903828911128789e-01 1.494337004835301563e+01 -3.258159551332430937e+01 1.614389773654373583e-01 3.467032191470010183e+00 5.579749183441654603e-01 2.981832026683530201e-01 6.953083909566095677e-01
7.074903828911128789e-01 1.570953301428471072e+01 -3.425347220100249501e+01 1.615259617039891682e-01 3.467167568824683688e+00 5.577907376127333450e-01 -7.219149930689257033e-01 2.265196511306988292e-01
7.074903828911128789e-01 1.651497799548244672e+01 -3.601100025206368116e+01 1.615556166754089085e-01 3.467341603230695846e+00 5.575818165449241137e-01 -8.856875150289275633e-02 -7.514969060913748722e-01
7.074903828911128789e-01 1.736171902393673960e+01 -3.785857708453518455e+01 1.605921520593159568e-01 3.464976862885584374e+00 5.573122297483112941e-01 7.471980875125495691e-01 1.201724830554212337e-01
7.074903828911128789e-01 1.825187339326644675e+01 -3.980086281062582287e+01 1.608301240467333026e-01 3.462103822278006948e+00 5.570295407676282284e-01 -3.832650369146108904e-01 6.526992041746702000e-01
7.074903828911128789e-01 1.918766695305559367e+01 -4.184267113773835689e+01 1.628441280480829034e-01 3.472599197849347341e+00 5.569399524322521389e-01 -4.077235341819812064e-01 -6.377469619913550547e-01
7.074903828911128789e-01 2.017143967463675835e+01 -4.398880185446882507e+01 1.623408533624162431e-01 3.456705064868392796e+00 5.566965437382958015e-01 7.570171068322877339e-01 4.924241813507230538e-03
7.074903828911128789e-01 2.120565150223822926e+01 -4.624530474034317962e+01 1.608488986320991687e-01 3.452310685446604133e+00 5.561250951707322754e-01 -4.833076898202453009e-01 5.829583307867495234e-01
7.074903828911128789e-01 2.229288850412585887e+01 -4.861721144806203654e+01 1.633679443482240201e-01 3.450165805948611997e+00 5.561999863041050540e-01 -5.860679382687202649e-02 -7.549496931717263326e-01
7.074903828911128789e-01 2.343586933912085257e+01 -5.111064312997467596e+01 1.604349639955484352e-01 3.483746847220071441e+00 5.556915257862403701e-01 5.026280912705878290e-01 5.666042838892529909e-01
7.074903828911128789e-01 2.463745205466281618e+01 -5.373167699640667649e+01 1.623334664477004141e-01 3.477266260795896180e+00 5.558334741948974811e-01 -7.178088592106236510e-01 -2.415459123274876219e-01
7.074903828911128789e-01 2.590064123341710101e+01 -5.648797637779303926e+01 1.646369681873293689e-01 3.498360032857040558e+00 5.555882515406039834e-01 7.560581560673100832e-01 -4.594264092258631277e-02
7.074903828911128789e-01 2.722859550629647174e+01 -5.938443087470550807e+01 1.613754044783737018e-01 3.486599947288402390e+00 5.547402865991385434e-01 -7.226113678063523782e-01 2.281538646074810217e-01
7.074903828911128789e-01 2.862463545068357007e+01 -6.242978184668221076e+01 1.614154742617582294e-01 3.485565026577643444e+00 5.547126933615773581e-01 6.973529613715897524e-01 -2.965401607370960479e-01
7.074903828911128789e-01 3.009225189360411434e+01 -6.563092196750615415e+01 1.622278293665697924e-01 3.501979147648912161e+00 5.551831922630281468e-01 -7.135968430641627114e-01 2.544536319269192215e-01
7.074903828911128789e-01 3.163511464061267731e+01 -6.899736439814417110e+01 1.651792435581222462e-01 3.494728991604985069e+00 5.550018829398082332e-01 7.524350771674888083e-01 -8.895299265283546086e-02
7.074903828911128789e-01 3.325708165221809054e+01 -7.253558646844865621e+01 1.640929152356334630e-01 3.515731863809445912e+00 5.551573301028022156e-01 -7.283292473383626842e-01 -2.086107785438335860e-01
7.074903828911128789e-01 3.496220869079429150e+01 -7.625493596600405510e+01 1.619039669059866016e-01 3.409275710055495345e+00 5.534834299730631013e-01 4.965974766243796412e-01 5.730047894249374885e-01
7.074903828911128789e-01 3.675475946209866152e+01 -8.016491041654344940e+01 1.614191506637462081e-01 3.421829940533205772e+00 5.533027853071909030e-01 4.115477562490733182e-02 -7.572012260967998509e-01
7.074903828911128789e-01 3.863921627675750159e+01 -8.427653089915411044e+01 1.654158995922143660e-01 3.461964584581287863e+00 5.538534677748919721e-01 -6.477018524108717479e-01 3.939709905444512272e-01
7.074903828911128789e-01 4.062029125837716492e+01 -8.859661505084994815e+01 1.630638691675543317e-01 3.419048914010135221e+00 5.521681973802514687e-01 6.121856065273668657e-01 4.482510542517193497e-01
7.074903828911128789e-01 4.270293812630757913e+01 -9.313954753449486645e+01 1.618792706183961871e-01 3.382521210076599782e+00 5.501062418531158515e-01 3.389367638402298599e-01 -6.797134598762818447e-01
7.074903828911128789e-01 4.489236458252091921e+01 -9.791768536725605543e+01 1.657345885038425670e-01 3.477211045774983855e+00 5.507919489285229009e-01 -6.557513023415326714e-01 -3.827313757096000857e-01
7.074903828911128789e-01 4.719404533357894849e+01 -1.029381492000475333e+02 1.623751477561172496e-01 3.396542561012715122e+00 5.493684133660283742e-01 -5.639532794168022889e-01 5.091866238439329839e-01
7.074903828911128789e-01 4.961373578025131792e+01 -1.082156605070730251e+02 1.630631672707848201e-01 3.433201210331684017e+00 5.507316768618157887e-01 1.279248696468422986e-01 7.484404129102861791e-01
7.074903828911128789e-01 5.215748640901515643e+01 -1.137658549886282060e+02 1.646608190978640918e-01 3.408036021149980055e+00 5.493263762730885569e-01 5.962675771681311687e-01 4.709602582069831733e-01
7.074903828911128789e-01 5.483165792142293071e+01 -1.195986428637948222e+02 1.644279535874314802e-01 3.521150519193819939e+00 5.524665851342680511e-01 7.406604706338925093e-01 1.641661824089494237e-01
7.074903828911128789e-01 5.764293713916943318e+01 -1.257347578923552334e+02 1.653008998797512730e-01 3.455403419059859704e+00 5.497543452690328847e-01 7.577487029031076959e-01 5.393015380470059933e-02
7.074903828911128789e-01 6.059835372462887904e+01 -1.321824850701050593e+02 1.686964980068049180e-01 3.434726719263995420e+00 5.509911788600830862e-01 7.382237182896834726e-01 1.772116672063296650e-01
7.074903828911128789e-01 6.370529775867270672e+01 -1.389591443888760693e+02 1.684251770259692360e-01 3.544517432570745363e+00 5.517198387697511697e-01 5.659988123090222700e-01 5.055726920714673778e-01
7.074903828911128789e-01 6.697153821972089816e+01 -1.460827270712644292e+02 1.644562814559311359e-01 3.443496224605532952e+00 5.485284955059035461e-01 1.011978053701292945e-03 7.601305121282202482e-01
7.074903828911128789e-01 7.040524241023477714e+01 -1.535774261837009647e+02 1.723850458869700120e-01 3.486500036024267501e+00 5.523472212995161890e-01 -7.098831375994086867e-01 2.676996461400151794e-01
7.074903828911128789e-01 7.401499637922732688e+01 -1.614551457790055338e+02 1.690430849481432962e-01 3.455565851867008043e+00 5.462616962059024805e-01 -2.515388403219928626e-01 -7.182192369295764545e-01
7.074903828911128789e-01 7.780982639185774019e+01 -1.697337327188506890e+02 1.668909278346752401e-01 3.429601632959086821e+00 5.479897980466718055e-01 7.574118852515494549e-01 6.661830513564548362e-02
7.074903828911128789e-01 8.179922149979636004e+01 -1.784414802036806975e+02 1.722581984154043511e-01 3.502080064589368380e+00 5.516333461710403174e-01 -6.135665105088194959e-01 4.467038817595533340e-01
7.074903828911128789e-01 8.599315726879615340e+01 -1.875838205073962683e+02 1.693194461759074121e-01 3.502974853722318649e+00 5.524935787324183334e-01 4.645612095633782634e-01 -5.997464592649485171e-01
7.074903828911128789e-01 9.040212072280316136e+01 -1.972108889242672660e+02 1.683224198102279134e-01 3.418425380267788860e+00 5.414286332298808846e-01 -5.787787862338638067e-01 4.969219555132123878e-01
7.074903828911128789e-01 9.503713656697902934e+01 -2.073171948734397461e+02 1.654079979962465585e-01 3.463742486587386704e+00 5.474572200212398654e-01 7.602420335390347450e-01 -2.123167516463753818e-02
7.074903828911128789e-01 9.990979475520595088e+01 -2.179532475225973371e+02 1.705689990356901997e-01 3.582457099314419580e+00 5.570163484283453537e-01 -2.859774045641663709e-01 -7.008086912854304407e-01
7.074903828911128789e-01 1.050322794710088914e+02 -2.291317005253780223e+02 1.700551453555782244e-01 3.533950915163699413e+00 5.560283401405533565e-01 -7.414965332504640516e-01 1.538346978290321687e-01
7.074903828911128789e-01 1.104173995943604609e+02 -2.408823602479197064e+02 1.723513910304498298e-01 3.529557823478520540e+00 5.585017495369987151e-01 -3.956712491300314882e-01 6.446004825761640911e-01
7.074903828911128789e-01 1.160786207305528563e+02 -2.532282152191207558e+02 1.633004251692528885e-01 3.473949963263815111e+00 5.529954258605435102e-01 -2.457704281258359658e-01 7.175103361190234841e-01
7.074903828911128789e-01 1.220300988812250438e+02 -2.662107566868986055e+02 1.658900608492394346e-01 3.415883389912726997e+00 5.403608794422608552e-01 -5.181166537461318056e-01 5.604401141628343463e-01
7.074903828911128789e-01 1.282867158417400617e+02 -2.798705974365573752e+02 1.602214401661381238e-01 3.485073916030705821e+00 5.516934960270039046e-01 -7.316659592508282239e-01 -2.015899280744266053e-01
7.074903828911128789e-01 1.348641164134255064e+02 -2.942056450224708897e+02 1.670589238662637532e-01 3.593638461210504342e+00 5.486101639665439400e-01 3.420223758675645098e-01 -6.788025691697666675e-01
7.074903828911128789e-01 1.417787475237255137e+02 -3.092976835044046311e+02 1.630209471249182973e-01 3.462738164645213779e+00 5.565635531904111755e-01 1.125329020193213264e-01 7.486733039151759472e-01
7.074903828911128789e-01 1.490478993520864321e+02 -3.251561886915221748e+02 1.616266523213828188e-01 3.477441939722281106e+00 5.434057354655199568e-01 1.028080784179089512e-03 -7.620799727444941274e-01
7.074903828911128789e-01 1.566897485644112749e+02 -3.418192704006453937e+02 1.601734459605443639e-01 3.379394136679050753e+00 5.382508259796746630e-01 -6.243493738581830099e-01 4.404047364089808125e-01
7.074903828911128789e-01 1.647234037641920281e+02 -3.593368822690479192e+02 1.685984768751610796e-01 3.503397511639910977e+00 5.525923650993048719e-01 2.781863885170632322e-01 7.057396234107762290e-01
7.074903828911128789e-01 1.731689532739727611e+02 -3.777649954870092870e+02 1.677271264691056196e-01 3.421120635449603764e+00 5.487909074357127936e-01 5.435793065518735867e-01 5.311961553773189015e-01
7.074903828911128789e-01 1.820475153666179438e+02 -3.971274165365548470e+02 1.639365396211663328e-01 3.483708679728912738e+00 5.483867805489955893e-01 2.130415729465112706e-01 7.297222734619643880e-01
7.074903828911128789e-01 1.913812910719953209e+02 -4.174814420050186641e+02 1.564370033269415483e-01 3.436670235342543123e+00 5.441308946253198275e-01 -7.155187103338525034e-01 2.614936350389766573e-01
7.074903828911128789e-01 2.011936196911156571e+02 -4.388944998567485527e+02 1.645634674726452196e-01 3.474640468770738622e+00 5.488882705983214594e-01 4.552810976739288251e-01 -6.085315942654829779e-01
7.074903828911128789e-01 2.115090371565397334e+02 -4.606335783839190867e+02 1.583058255539567805e-01 3.480148360428375831e+00 5.572559218208628096e-01 -2.879129669239702261e-01 6.999176967432030327e-01
7.074903828911128789e-01 2.223533373849928978e+02 -4.817248077598587770e+02 1.567617554828553417e-01 3.469968183142752238e+00 5.457004489705281625e-01 -3.713809719863035985e-01 -6.644636556023716389e-01
7.074903828911128789e-01 2.337536367755896265e+02 -5.027586935655384082e+02 1.597349740994519485e-01 3.395779325118274183e+00 5.408118616711277138e-01 7.589570868201247489e-01 7.911683618452791666e-02
7.074903828911128789e-01 2.457384420149567177e+02 -5.243696490739677074e+02 1.605554744665110001e-01 3.400235397219836919e+00 5.499034854075696144e-01 -7.307928721770510228e-01 2.072372435609828034e-01
7.074903828911128789e-01 2.583377213587997971e+02 -5.453012328639390489e+02 1.625460816600328706e-01 3.522184066495813060e+00 5.543342352089395408e-01 1.764099701277067056e-01 -7.371120050507463661e-01
7.074903828911128789e-01 2.715829795681489145e+02 -5.670709931014415588e+02 1.656601780800060486e-01 3.457556501235186097e+00 5.561506782927195802e-01 -1.023690990329863618e-02 7.571705714633510942e-01
7.074903828911128789e-01 2.855073366876754335e+02 -5.892152064299641552e+02 1.611723679407364440e-01 3.396463705320878379e+00 5.472873275898215706e-01 1.261190114494929460e-01 -7.500740002519372673e-01
7.074903828911128789e-01 3.001456108630514450e+02 -6.106073454720225300e+02 1.538134473060619178e-01 3.439498325993230132e+00 5.485555470745888673e-01 3.185472178426853596e-01 6.901532144410420511e-01
7.074903828911128789e-01 3.155344054044512632e+02 -6.320779999230886688e+02 1.652373219014926509e-01 3.382372745712169504e+00 5.433184074796721941e-01 -6.212070149695466670e-01 -4.414968921553450998e-01
7.074903828911128789e-01 3.317122003138945274e+02 -6.541506329039185630e+02 1.721549227846440044e-01 3.490890254909936097e+00 5.501805612701158310e-01 5.812129135062651386e-01 4.889143014556746047e-01
7.074903828911128789e-01 3.487194485052908135e+02 -6.765475009308606786e+02 1.755219121835347729e-01 3.494405328206549921e+00 5.606582184133943603e-01 -3.392825244263016904e-01 -6.750707932176072124e-01
7.074903828911128789e-01 3.665986769577997961e+02 -6.979911790682818946e+02 1.711601173914944207e-01 3.484938450872872906e+00 5.521148694097471887e-01 6.438326684840264269e-01 4.015101757278505823e-01
7.074903828911128789e-01 3.853945930554263555e+02 -7.198523089513598734e+02 1.642445469067282393e-01 3.515726850827888050e+00 5.572412691533306095e-01 -6.886877402927695790e-01 -3.138411188873383995e-01
7.074903828911128789e-01 4.051541963787692566e+02 -7.417368863508402228e+02 1.496542714532761165e-01 3.411817359772256086e+00 5.424914336220661992e-01 7.234797028394943652e-01 2.405728590106873399e-01
7.074903828911128789e-01 4.259268962284559166e+02 -7.633576133376386679e+02 1.541295408550278079e-01 3.431406037976724832e+00 5.485802756120373713e-01 -7.591841661937912544e-01 3.753536502871627351e-02
7.074903828911128789e-01 4.477646351741254307e+02 -7.831354028400502330e+02 1.504382979053427438e-01 3.434561078175595306e+00 5.375894890146964977e-01 -4.876623452557092286e-01 -5.885066735956979711e-01
7.074903828911128789e-01 4.707220189379136173e+02 -8.057085079791518183e+02 1.634470844347170049e-01 3.425991960040227546e+00 5.444642839908823140e-01 8.362145751347768718e-02 7.570732784407276927e-01
7.074903828911128789e-01 4.948564529371963658e+02 -8.283492793761588473e+02 1.556962350812498563e-01 3.365549137756319809e+00 5.334951376576724247e-01 3.935066385856296756e-01 -6.570417267441002185e-01
7.074903828911128789e-01 5.202282858280361779e+02 -8.511112461514965162e+02 1.571917666686219461e-01 3.384445927267844212e+00 5.429113041909515713e-01 -7.365780290061828550e-01 1.962319274034881877e-01
7.074903828911128789e-01 5.469009604082596070e+02 -8.738903982130340182e+02 1.500276088756495596e-01 3.341530384171341073e+00 5.362760457420293614e-01 6.607871745684649190e-01 3.850749743679369175e-01
7.074903828911128789e-01 5.749411722574909618e+02 -8.968011550929783198e+02 1.614987025722339486e-01 3.454575179768927029e+00 5.508120037159965898e-01 -9.356669131920652971e-02 -7.534764690556414735e-01
7.074903828911128789e-01 6.044190365108494234e+02 -9.198325353647946940e+02 1.637557043540532886e-01 3.477803384104610096e+00 5.569716864676443890e-01 -6.006901103021827781e-01 4.605571378301695495e-01
7.074903828911128789e-01 6.354082631833013011e+02 -9.430494603830778715e+02 1.682819079773498483e-01 3.445012253543682235e+00 5.479036182906016350e-01 6.394713812402765818e-01 4.113841740580946871e-01
7.074903828911128789e-01 6.679863414830937245e+02 -9.651756326462175366e+02 1.614827165498173567e-01 3.331065471947931123e+00 5.283563384142440089e-01 -5.839525659004356495e-01 -4.985705901522685113e-01
7.074903828911128789e-01 7.022347335751414903e+02 -9.884700596370198582e+02 1.571271366708676398e-01 3.455536529089128450e+00 5.463280422301590722e-01 -3.235547882859406976e-01 6.887557905731780394e-01
7.074903828911128789e-01 7.382390782788647812e+02 -1.012183214467563971e+03 1.667219100441648394e-01 3.470255430870201607e+00 5.608591123157672387e-01 6.275819798513562198e-01 4.205465496350603294e-01
7.074903828911128789e-01 7.760894052098467455e+02 -1.035697754865108664e+03 1.595588122612766613e-01 3.388350401523214206e+00 5.406154215992564627e-01 3.943060169905784895e-01 -6.533854083242661703e-01
7.074903828911128789e-01 8.158803599007725325e+02 -1.059347128359421731e+03 1.633768171821558535e-01 3.526541389793162562e+00 5.490435856012273463e-01 -6.138677720507926816e-01 -4.479600829139387397e-01
7.074903828911128789e-01 8.577114404645492414e+02 -1.083040589109262328e+03 1.654729905275195145e-01 3.459934661112349819e+00 5.454246274334063616e-01 -5.255425183000651534e-01 5.508181917277432671e-01
7.074903828911128789e-01 9.016872463914262426e+02 -1.104924167186048862e+03 1.648677641676924988e-01 3.357179109372965709e+00 5.389505862148099569e-01 4.648695918937432725e-01 -6.060168149065865428e-01
7.074903828911128789e-01 9.479177401021934202e+02 -1.128653696590146637e+03 1.614500819782372087e-01 3.376169877619552562e+00 5.342228283733853056e-01 -5.212166947418431784e-01 -5.607653606801762391e-01
7.074903828911128789e-01 9.965185219115148811e+02 -1.151380821986087540e+03 1.591118320313091861e-01 3.421164604762855888e+00 5.603319822050278898e-01 9.736806791657171001e-03 7.555955655450770081e-01
7.074903828911128789e-01 1.047611119088933947e+03 -1.174708809715992857e+03 1.579659085438308019e-01 3.394622919260585903e+00 5.444836543265468842e-01 7.385828470266326828e-01 -1.861092085952147923e-01
