2.417258808211302235e+00 5.000000000000000278e-02 7.291092567811091607e-02 4.091609814520855842e-02 1.721688270298569190e+00 3.951785662080339878e-02 9.778301564535728518e-01 -7.142110500947917995e-02
2.417258808211302235e+00 5.256355481880120584e-02 7.584140766583907789e-02 4.520681740549396116e-02 1.790328847085036479e+00 4.227678411922491941e-02 9.762690028191316483e-01 -7.418390327564237940e-02
2.417258808211302235e+00 5.525854590378238840e-02 7.886763991380658922e-02 4.952134711155976171e-02 1.856701383477198153e+00 4.516416342500319259e-02 9.746319528312357150e-01 -7.702669286516210245e-02
2.417258808211302235e+00 5.809171213641415449e-02 8.199422955427157489e-02 5.377515605446573504e-02 1.921013133037749343e+00 4.818549617751424069e-02 9.729154971404143648e-01 -7.995271242715094873e-02
2.417258808211302235e+00 6.107013790800849828e-02 8.522577705029260597e-02 5.788826606747659448e-02 1.983701395922132349e+00 5.134788035198331602e-02 9.711153121143190070e-01 -8.296502471641238607e-02
2.417258808211302235e+00 6.420127083438707805e-02 8.856660406086368231e-02 6.179801465499434876e-02 2.045406772958918040e+00 5.465995988590986732e-02 9.692263143800106118e-01 -8.606623676258440270e-02
2.417258808211302235e+00 6.749294037880015917e-02 9.202047492217302338e-02 6.547417360338053660e-02 2.106910998217236930e+00 5.813163531507151843e-02 9.672428375949736479e-01 -8.925822693304351352e-02
2.417258808211302235e+00 7.095337742966287276e-02 9.559036401708818909e-02 6.893444184818221798e-02 2.169040408635747763e+00 6.177352512631684167e-02 9.651589306177000838e-01 -9.254193321718506837e-02
2.417258808211302235e+00 7.459123488206352570e-02 9.927833364565809282e-02 7.225699107176040970e-02 2.232544673749735864e+00 6.559621701512809155e-02 9.629687494239307366e-01 -9.591726624092160314e-02
2.417258808211302235e+00 7.841560927450845486e-02 1.030855834781692626e-01 7.558555431091273924e-02 2.297971663063436587e+00 6.960942962542909784e-02 9.606669743798571526e-01 -9.938320165227043645e-02
2.417258808211302235e+00 8.243606353500641803e-02 1.070127066447164599e-01 7.912202270626662870e-02 2.365569191531842197e+00 7.382127873584129474e-02 9.582491506864564412e-01 -1.029380748870575152e-01
2.417258808211302235e+00 8.666265089336977478e-02 1.110601321861428847e-01 8.310241425303076246e-02 2.435249329965307297e+00 7.823790129661309378e-02 9.557118275319332890e-01 -1.065800412636364464e-01
2.417258808211302235e+00 9.110594001952546095e-02 1.152286550065921428e-01 8.775515355153935826e-02 2.506643543997103762e+00 8.286366521759903903e-02 9.530523951948567385e-01 -1.103075865958990237e-01
2.417258808211302235e+00 9.577704145069482200e-02 1.195198724612550195e-01 9.324633796380536743e-02 2.579251983396655845e+00 8.770204825215513478e-02 9.502686031008431566e-01 -1.141199013775017479e-01
2.417258808211302235e+00 1.006876353735238344e-01 1.239363059234844799e-01 9.962423443528431455e-02 2.652650427722601290e+00 9.275702200728909441e-02 9.473578712735225560e-01 -1.180169093806138353e-01
2.417258808211302235e+00 1.058500008306337420e-01 1.284810377462561881e-01 1.067825258877913852e-01 2.726671056996213593e+00 9.803442906603973550e-02 9.443166721375292338e-01 -1.219988194180079422e-01
2.417258808211302235e+00 1.112770464246233965e-01 1.331568769768555760e-01 1.144644994152966555e-01 2.801445741987486748e+00 1.035425881150450617e-01 9.411403564308464809e-01 -1.260652702951115811e-01
2.417258808211302235e+00 1.169823425962995683e-01 1.379653613814881552e-01 1.223233560131479630e-01 2.877222642557822674e+00 1.092913755873670678e-01 9.378237429804044956e-01 -1.302144281972647533e-01
2.417258808211302235e+00 1.229801555578474981e-01 1.429061892826678226e-01 1.300337336076665962e-01 2.953970328018183267e+00 1.152896124197967387e-01 9.343624615375498710e-01 -1.344426310687094062e-01
2.417258808211302235e+00 1.292854829657923144e-01 1.479777403373027100e-01 1.374198187034678664e-01 3.030949014952317278e+00 1.215416494789109819e-01 9.307545073814812442e-01 -1.387451501859458813e-01
2.417258808211302235e+00 1.359140914229522712e-01 1.531789617263883407e-01 1.445393311588490937e-01 3.106578644099097009e+00 1.280452128652578292e-01 9.270009655286221006e-01 -1.431181653762168549e-01
2.417258808211302235e+00 1.428825559031582093e-01 1.585120043130311129e-01 1.516628440518650589e-01 3.178923387467476047e+00 1.347929449065907170e-01 9.231048395272712925e-01 -1.475611499997805109e-01
2.417258808211302235e+00 1.502083011973216753e-01 1.639839487922144790e-01 1.591335502696274440e-01 3.246802724290605013e+00 1.417785851052932311e-01 9.190678259608272560e-01 -1.520779842963668194e-01
2.417258808211302235e+00 1.579096454844884090e-01 1.696056375519666148e-01 1.671757140754537019e-01 3.310976892044674269e+00 1.490053448007676307e-01 9.148865601062481367e-01 -1.566751165085069897e-01
2.417258808211302235e+00 1.660058461368274230e-01 1.753869806316033786e-01 1.757867823670100360e-01 3.374392191710236411e+00 1.564904401713845816e-01 9.105513164656244829e-01 -1.613567251014236814e-01
2.417258808211302235e+00 1.745171478730920822e-01 1.813310849549710779e-01 1.848169413542267436e-01 3.440721187924012270e+00 1.642598155387138270e-01 9.060495500881337039e-01 -1.661196765707232958e-01
2.417258808211302235e+00 1.834648333809622278e-01 1.874320592211990710e-01 1.941794806479265612e-01 3.511710585314217870e+00 1.723336613028987052e-01 9.013730739140085602e-01 -1.709528174289027258e-01
2.417258808211302235e+00 1.928712765348487290e-01 1.936800083415956830e-01 2.039603372053842290e-01 3.585413280329551089e+00 1.807133024325830450e-01 8.965232314988220708e-01 -1.758428814677893415e-01
2.417258808211302235e+00 2.027599983422337937e-01 2.000704851763102921e-01 2.142399066249108253e-01 3.657436659375813193e+00 1.893832521194931950e-01 8.915081589811609808e-01 -1.807830717112550167e-01
2.417258808211302235e+00 2.131557257584409393e-01 2.066095439513271625e-01 2.247990072724415089e-01 3.724715985794588846e+00 1.983296888968750504e-01 8.863333128795080063e-01 -1.857759116947436395e-01
2.417258808211302235e+00 2.240844535169032314e-01 2.133082418313349271e-01 2.351938730628997387e-01 3.788031304648460829e+00 2.075565534381259847e-01 8.809951780727357518e-01 -1.908265788941881924e-01
2.417258808211302235e+00 2.355735091295371175e-01 2.201727251033843702e-01 2.453413467298431183e-01 3.850180589750199722e+00 2.170794656251064936e-01 8.754859777505530349e-01 -1.959344542069993422e-01
2.417258808211302235e+00 2.476516212197557576e-01 2.272027353848550535e-01 2.558699049972177342e-01 3.912396578617227672e+00 2.269072526774356113e-01 8.698022998545260620e-01 -2.010936526956006165e-01
2.417258808211302235e+00 2.603489913589924765e-01 2.343983615966356293e-01 2.674259849495270180e-01 3.974511374818331166e+00 2.370420051687428808e-01 8.639437606327261543e-01 -2.062991164916963271e-01
2.417258808211302235e+00 2.736973695863600398e-01 2.417596710507702029e-01 2.796853663003880386e-01 4.037554685791459264e+00 2.474950245309307795e-01 8.579061420934676052e-01 -2.115446921514858303e-01
2.417258808211302235e+00 2.877301338002865583e-01 2.492794286681387361e-01 2.917856286674103683e-01 4.101601774473255801e+00 2.582766496341933338e-01 8.516874514296385312e-01 -2.168179156768253457e-01
2.417258808211302235e+00 3.024823732206473603e-01 2.569518639705856144e-01 3.036881594880320723e-01 4.162240449843552348e+00 2.693698415419708558e-01 8.452973291242878995e-01 -2.221106061356832584e-01
2.417258808211302235e+00 3.179909761300916404e-01 2.647889754938093643e-01 3.159855167598660808e-01 4.217115164698657992e+00 2.807575151519994816e-01 8.387414038494108715e-01 -2.274297651568613354e-01
2.417258808211302235e+00 3.342947221139635494e-01 2.728023525823032314e-01 3.287380613964998033e-01 4.272407724602392598e+00 2.924675891242245473e-01 8.320062967608689020e-01 -2.327766287704758075e-01
2.417258808211302235e+00 3.514343790294647274e-01 2.809772451255800330e-01 3.419126308448828810e-01 4.331370342768734893e+00 3.045256422740639790e-01 8.250861013569663616e-01 -2.381303064540838121e-01
2.417258808211302235e+00 3.694528049465325426e-01 2.892999201329065073e-01 3.555307120035914314e-01 4.387812303015392601e+00 3.169092664027896022e-01 8.179950830608578860e-01 -2.434766647575219711e-01
2.417258808211302235e+00 3.883950553153387442e-01 2.977783902443206232e-01 3.689219775528956857e-01 4.440206260511323499e+00 3.296100088119858218e-01 8.107365377822102204e-01 -2.488180627215812735e-01
2.417258808211302235e+00 4.083084956283826172e-01 3.064150112773794676e-01 3.824495581318955173e-01 4.491456135976984676e+00 3.426399578900635179e-01 8.033067720714250903e-01 -2.541495369742250987e-01
2.417258808211302235e+00 4.292429198588946782e-01 3.152041533032162168e-01 3.968909701480605179e-01 4.542831245502450876e+00 3.560061971059065855e-01 7.957064068325283568e-01 -2.594601963141122125e-01
2.417258808211302235e+00 4.512506749717061227e-01 3.241304799054137709e-01 4.112448610545286209e-01 4.594873513510123963e+00 3.697202043872732102e-01 7.879372558222312861e-01 -2.647310012064148510e-01
2.417258808211302235e+00 4.743867918179263121e-01 3.331885130729020372e-01 4.256275675926729507e-01 4.641657558228855507e+00 3.837539154168293498e-01 7.800145256029136220e-01 -2.699562994206509692e-01
2.417258808211302235e+00 4.987091227407361993e-01 3.423867547466309391e-01 4.404249773830575254e-01 4.688484782967677234e+00 3.981263874355561172e-01 7.719311804617787764e-01 -2.751352322330310463e-01
2.417258808211302235e+00 5.242784862363788490e-01 3.516977680276922036e-01 4.556195130268164140e-01 4.736094302611978613e+00 4.128496533917347389e-01 7.636931951024322762e-01 -2.802400270137062610e-01
2.417258808211302235e+00 5.511588190320803049e-01 3.611157798138011632e-01 4.706481604371172134e-01 4.779685365498821170e+00 4.279014659978301882e-01 7.553141932718226981e-01 -2.852649873232495081e-01
2.417258808211302235e+00 5.794173359611696217e-01 3.706361023266665500e-01 4.861194202391296293e-01 4.822586746419707637e+00 4.432933882947983073e-01 7.467947148767350996e-01 -2.902007956810865319e-01
2.417258808211302235e+00 6.091246980351736617e-01 3.802352367211532247e-01 5.017770036731142858e-01 4.865856062351371136e+00 4.590349705473282249e-01 7.381419901481566237e-01 -2.950246587050441294e-01
2.417258808211302235e+00 6.403551891331518142e-01 3.898997653323890700e-01 5.174550413021165030e-01 4.904826792847411632e+00 4.751038347333241263e-01 7.293725891896549740e-01 -2.997267300177956506e-01
2.417258808211302235e+00 6.731869017500846653e-01 3.996161704604695997e-01 5.334915168870585367e-01 4.945371214327908049e+00 4.915242417460768398e-01 7.204862510460353642e-01 -3.042907767469130720e-01
2.417258808211302235e+00 7.077019322687904124e-01 4.093546536131630331e-01 5.494948259103917820e-01 4.982463201352248738e+00 5.082765134583775435e-01 7.115041183630281818e-01 -3.086961398908069087e-01
2.417258808211302235e+00 7.439865862436418897e-01 4.191018268126048829e-01 5.658453076857836717e-01 5.019184909751726487e+00 5.253693824120371225e-01 7.024324330848242814e-01 -3.129306177444764470e-01
2.417258808211302235e+00 7.821315942094085871e-01 4.288216283655684746e-01 5.821027235000723055e-01 5.054338203492271475e+00 5.428002057683646298e-01 6.932889707294714876e-01 -3.169686467127479368e-01
2.417258808211302235e+00 8.222323385548527819e-01 4.384952614688383821e-01 5.986589150307106699e-01 5.088427723020773286e+00 5.605651406392463398e-01 6.840868954316902117e-01 -3.207981625450492813e-01
2.417258808211302235e+00 8.643890920283819890e-01 4.480802508924246474e-01 6.151882696326038680e-01 5.120353462305258674e+00 5.786606949463172223e-01 6.748470996121130883e-01 -3.243919478072183060e-01
2.417258808211302235e+00 9.087072684721534399e-01 4.575483690673624038e-01 6.319631705855982551e-01 5.151948786667547964e+00 5.970892457414992416e-01 6.655842970025117600e-01 -3.277330661416404944e-01
2.417258808211302235e+00 9.552976864115825251e-01 4.668557083166384181e-01 6.486510788800221583e-01 5.181197698586553990e+00 6.158403572271948789e-01 6.563228621083249115e-01 -3.307976048076412545e-01
2.417258808211302235e+00 1.004276846159383396e+00 4.759588311065920396e-01 6.654791725499669131e-01 5.210003644781625809e+00 6.349178705201791173e-01 6.470825240820849977e-01 -3.335614193195065025e-01
2.417258808211302235e+00 1.055767221127030808e+00 4.848129818400652158e-01 6.823817523427893050e-01 5.237296836183464421e+00 6.543117316513205051e-01 6.378881506767573040e-01 -3.360035839175374850e-01
2.417258808211302235e+00 1.109897564072081844e+00 4.933618972198377528e-01 6.992417172719420648e-01 5.262787715154669144e+00 6.740166963512388421e-01 6.287668772311869603e-01 -3.380969332890905177e-01
2.417258808211302235e+00 1.166803229047136181e+00 5.015485959428576113e-01 7.161494310938328889e-01 5.287329751157338720e+00 6.940303181445679481e-01 6.197451343110035316e-01 -3.398155302971555547e-01
2.417258808211302235e+00 1.226626509855467617e+00 5.093120802399362379e-01 7.330976989584470083e-01 5.310787170989049955e+00 7.143450911076303367e-01 6.108520529150768263e-01 -3.411339362206551873e-01
2.417258808211302235e+00 1.289516995859653292e+00 5.165837945773187334e-01 7.500199257830346689e-01 5.332881243664703952e+00 7.349528648029906019e-01 6.021190558457049091e-01 -3.420244197119852170e-01
2.417258808211302235e+00 1.355631946032894719e+00 5.232890403731409457e-01 7.668948586264950906e-01 5.353637789767267563e+00 7.558460989598172475e-01 5.935787870081176143e-01 -3.424577799397394151e-01
2.417258808211302235e+00 1.425136682188364201e+00 5.293476398015171114e-01 7.837364979318457436e-01 5.373068756165041648e+00 7.770162605646125931e-01 5.852651089218351421e-01 -3.424041037051082648e-01
2.417258808211302235e+00 1.498205002369851435e+00 5.346733965305029423e-01 8.005254408411697220e-01 5.391302304563934555e+00 7.984545952939984259e-01 5.772127367007627852e-01 -3.418323458079405297e-01
2.417258808211302235e+00 1.575019615437396991e+00 5.391727696580990159e-01 8.172275783439622021e-01 5.408484673583141777e+00 8.201519082977563047e-01 5.694573881967921469e-01 -3.407096086004109958e-01
2.417258808211302235e+00 1.655772597934615620e+00 5.427451888529521984e-01 8.338612365546780314e-01 5.424388768960889173e+00 8.420965410053357081e-01 5.620358084825280987e-01 -3.390016559300936816e-01
2.417258808211302235e+00 1.740665874380101563e+00 5.452826595562643153e-01 8.503688252489538524e-01 5.439221920567159252e+00 8.642781931682954610e-01 5.549842990352762406e-01 -3.366719591089065156e-01
2.417258808211302235e+00 1.829911722183899414e+00 5.466694499477294800e-01 8.667653328987103833e-01 5.452794777640610491e+00 8.866840932138879694e-01 5.483393153127044117e-01 -3.336820408087770584e-01
2.417258808211302235e+00 1.923733302451607008e+00 5.467815175825927465e-01 8.830398476768916982e-01 5.465339289078586127e+00 9.093026949405424997e-01 5.421359377458565554e-01 -3.299903469790156918e-01
2.417258808211302235e+00 2.022365218003370213e+00 5.454854433392962720e-01 8.991753985406136795e-01 5.476985617539586571e+00 9.321216270761213396e-01 5.364079985520949778e-01 -3.255517792931749699e-01
2.417258808211302235e+00 2.126054100003139435e+00 5.426393220058842726e-01 9.151289317158961545e-01 5.487448804815732828e+00 9.551261738092015063e-01 5.311872498897578510e-01 -3.203181230532740620e-01
2.417258808211302235e+00 2.235059224665041810e+00 5.380925570982951767e-01 9.309305264145751879e-01 5.496996241292805507e+00 9.783032430763310971e-01 5.265012969541360555e-01 -3.142369097123136057e-01
2.417258808211302235e+00 2.349653161578964422e+00 5.316829705294204844e-01 9.465311756598616677e-01 5.505524508826170837e+00 1.001638204571356550e+00 5.223741127914335314e-01 -3.072499943804095079e-01
2.417258808211302235e+00 2.470122455276509754e+00 5.232398004227098998e-01 9.619484689953490264e-01 5.513211409537802865e+00 1.025116863754671259e+00 5.188231010980227653e-01 -2.992943823743491882e-01
2.417258808211302235e+00 2.596768341741572339e+00 5.125805067965832906e-01 9.771456790411835458e-01 5.519954998946269953e+00 1.048723842292649922e+00 5.158588219767640259e-01 -2.903003371119647347e-01
2.417258808211302235e+00 2.729907501657212077e+00 4.995114372954611581e-01 9.921231754449443274e-01 5.525855789741935808e+00 1.072444325600716120e+00 5.134823330558304644e-01 -2.801910248646624080e-01
2.417258808211302235e+00 2.869872852272309594e+00 4.838275567306950520e-01 1.006872373007908772e+00 5.530970568111263752e+00 1.096263144219565167e+00 5.116832062446170504e-01 -2.688821273296397307e-01
2.417258808211302235e+00 3.017014379868100171e+00 4.653114358449130794e-01 1.021382536175182487e+00 5.535320674703712918e+00 1.120164963624187715e+00 5.104370793034830323e-01 -2.562810231699384489e-01
2.417258808211302235e+00 3.171700014906167375e+00 4.437328531583558111e-01 1.035645000815369254e+00 5.538944079489158234e+00 1.144134534278706594e+00 5.097025691239434053e-01 -2.422864831673028074e-01
2.417258808211302235e+00 3.334316552046257875e+00 4.188482601673876871e-01 1.049650815707761975e+00 5.541880357378968114e+00 1.168156713332391794e+00 5.094177846031344714e-01 -2.267886347070928177e-01
2.417258808211302235e+00 3.505270617334392824e+00 3.904002327918337234e-01 1.063392759041716040e+00 5.544174796720054310e+00 1.192216543416810604e+00 5.094962721792556382e-01 -2.096693583706208952e-01
2.417258808211302235e+00 3.684989684979789626e+00 3.581167134390220164e-01 1.076864980436424313e+00 5.545857701295236808e+00 1.216299249019603845e+00 5.098224182280953753e-01 -1.908032135286969744e-01
2.417258808211302235e+00 3.873923146263045236e+00 3.217105790809981491e-01 1.090068699580988731e+00 5.546971708234157639e+00 1.240390400793700332e+00 5.102460931755412599e-01 -1.700593677509028290e-01
2.417258808211302235e+00 4.072543433248407396e+00 2.808785871824135971e-01 1.102985488708036144e+00 5.547572050935979604e+00 1.264476043631994173e+00 5.105767729997101601e-01 -1.473043612342254394e-01
2.417258808211302235e+00 4.281347200110029227e+00 2.353008774960239358e-01 1.115621996076286759e+00 5.547678338931852693e+00 1.288542468989129386e+00 5.105770224388700429e-01 -1.224066807172834587e-01
2.417258808211302235e+00 4.500856565026090550e+00 1.846401469672713791e-01 1.127976649192419245e+00 5.547342915528482798e+00 1.312576609204010314e+00 5.099553829188845366e-01 -9.524304627365230702e-02
2.417258808211302235e+00 4.731620415746203179e+00 1.285406416924245177e-01 1.140046519544516412e+00 5.546628768211816052e+00 1.336566000198541548e+00 5.083590960778399115e-01 -6.570708977281562724e-02
2.417258808211302235e+00 4.974215782096693239e+00 6.662737089379344724e-02 1.151828662453039165e+00 5.545434848122322791e+00 1.360498076188844996e+00 5.053670482351297899e-01 -3.372119097778875779e-02
2.417258808211302235e+00 5.229249278855711225e+00 -1.494236249641083545e-03 1.163316774808619281e+00 5.544063961040459176e+00 1.384362552815664449e+00 5.004826266690765024e-01 7.478398396624011662e-04
2.417258808211302235e+00 5.497358622606176581e+00 -7.624107614148413481e-02 1.174515715973359908e+00 5.542231109906629705e+00 1.408147414710065881e+00 4.931297878646988542e-01 3.766976169945265851e-02
2.417258808211302235e+00 5.779214226359383311e+00 -1.580514983598859668e-01 1.185432543747530820e+00 5.540170791305405018e+00 1.431843443621738876e+00 4.826496696635477202e-01 7.692510956267258060e-02
2.417258808211302235e+00 6.075520875936748944e+00 -2.473883601274148858e-01 1.196010895857489320e+00 5.537724921308509352e+00 1.455440607052887136e+00 4.683037642517820509e-01 1.182756656903464487e-01
2.417258808211302235e+00 6.387019492301446277e+00 -3.447462147331202265e-01 1.206125882796030169e+00 5.535856535592093230e+00 1.478934823654999287e+00 4.492803475949773140e-01 1.613302857942191526e-01
2.417258808211302235e+00 6.714488984246776759e+00 -4.506303609083194273e-01 1.215916374105954434e+00 5.534865960258369633e+00 1.502321493683011822e+00 4.247182166587252228e-01 2.054925841137384968e-01
2.417258808211302235e+00 7.058748196073842962e+00 -5.655312275067660988e-01 1.226418523735074650e+00 5.528860413190055390e+00 1.525555383971812340e+00 3.937574028611684485e-01 2.499106537682839191e-01
2.417258808211302235e+00 7.420657955128830530e+00 -6.901213259537681832e-01 1.235581742817278839e+00 5.530053781876162589e+00 1.548706287905078138e+00 3.555102627240593338e-01 2.934879765694950460e-01
2.417258808211302235e+00 7.801123224319756133e+00 -8.249299918930075304e-01 1.245034361384134813e+00 5.524840538932975775e+00 1.571683637403452627e+00 3.092661999988716159e-01 3.347381393646519654e-01
2.417258808211302235e+00 8.201095364995092396e+00 -9.706014484295977240e-01 1.253927549857165147e+00 5.521580970818682488e+00 1.594535808104259100e+00 2.544767890614559325e-01 3.718121873878985073e-01
2.417258808211302235e+00 8.621574515842716835e+00 -1.127798533414340998e+00 1.262921655673304500e+00 5.519170902278731639e+00 1.617249681273165596e+00 1.909507308434786055e-01 4.024693170126664166e-01
2.417258808211302235e+00 9.063612093757560828e+00 -1.297204083333963531e+00 1.271369327047061182e+00 5.512858459293930480e+00 1.639785520144466657e+00 1.190137873618002939e-01 4.240959443123158978e-01
2.417258808211302235e+00 9.528313422931500298e+00 -1.479644732992163814e+00 1.279456938598564575e+00 5.511361588885236529e+00 1.662213054780707022e+00 3.964767493002505777e-02 4.337588261527242639e-01
2.417258808211302235e+00 1.001684049873959204e+01 -1.675772713377122081e+00 1.287554180984236352e+00 5.503694696829523281e+00 1.684424530638853668e+00 -4.513625577849850190e-02 4.283852222839824031e-01
2.417258808211302235e+00 1.053041489333372738e+01 -1.886480260034420819e+00 1.295681839817667269e+00 5.502398170550446110e+00 1.706541051928472497e+00 -1.322648112432830148e-01 4.049672837715641016e-01
2.417258808211302235e+00 1.107032081020935976e+01 -2.112627161893998018e+00 1.303128448941388573e+00 5.501055735583917361e+00 1.728505714336521448e+00 -2.173008755253153235e-01 3.610122588567747925e-01
2.417258808211302235e+00 1.163790829538310589e+01 -2.355111588769680075e+00 1.310223928335968901e+00 5.494946407795262999e+00 1.750264266747423525e+00 -2.944076820348869861e-01 2.950460025179986734e-01
2.417258808211302235e+00 1.223459661321101954e+01 -2.614943489559605094e+00 1.316938147418627247e+00 5.491079471429802794e+00 1.771860759508567140e+00 -3.564580317313768565e-01 2.072534834710528240e-01
2.417258808211302235e+00 1.286187779528874842e+01 -2.893096932390442078e+00 1.324084489493525307e+00 5.489691474553471728e+00 1.793384077161322310e+00 -3.953870227771967838e-01 1.003255736291818884e-01
2.417258808211302235e+00 1.352132037130763820e+01 -3.190484213436526328e+00 1.330477699530889124e+00 5.484236502113452261e+00 1.814660414234914310e+00 -4.031180322611597755e-01 -1.972478851514138445e-02
2.417258808211302235e+00 1.421457329119604651e+01 -3.508593707740903511e+00 1.338044748686558316e+00 5.492512041502611631e+00 1.835905808167773268e+00 -3.727429684237322793e-01 -1.432887556856569655e-01
2.417258808211302235e+00 1.494337004835301563e+01 -3.848270916533480968e+00 1.344110984887050719e+00 5.470299113316059447e+00 1.856698836889551174e+00 -3.005628296476662853e-01 -2.566113125256003213e-01
2.417258808211302235e+00 1.570953301428471072e+01 -4.210849175730327687e+00 1.349904914865256211e+00 5.472479028882187180e+00 1.877552306800236215e+00 -1.880345804813159105e-01 -3.429388481005900546e-01
2.417258808211302235e+00 1.651497799548244672e+01 -4.597673351217411053e+00 1.356391970438060257e+00 5.474517443238832826e+00 1.898311103325609928e+00 -4.430539630092134723e-02 -3.845236929730846409e-01
2.417258808211302235e+00 1.736171902393673960e+01 -5.009987705016995641e+00 1.362439081534363883e+00 5.465782511832352419e+00 1.918818343897368495e+00 1.123402473487908337e-01 -3.662785447746668699e-01
2.417258808211302235e+00 1.825187339326644675e+01 -5.449670445763649340e+00 1.367225473559533278e+00 5.465570305067680046e+00 1.939144820602956232e+00 2.549581316213677673e-01 -2.807547793316875762e-01
2.417258808211302235e+00 1.918766695305559367e+01 -5.918001705408098445e+00 1.373683897747868476e+00 5.468196775016949118e+00 1.959424659108573330e+00 3.506632737247867282e-01 -1.340699605014692986e-01
2.417258808211302235e+00 2.017143967463675835e+01 -6.416394155817767952e+00 1.377537325340656871e+00 5.446202458452011008e+00 1.979542233992618971e+00 3.683691274819486661e-01 4.936234497042352176e-02
2.417258808211302235e+00 2.120565150223822926e+01 -6.946398815120919501e+00 1.386520662693610406e+00 5.463344800986472904e+00 1.999653853821174332e+00 2.899457621659777273e-01 2.265250364494771629e-01
2.417258808211302235e+00 2.229288850412585887e+01 -7.510690904599789164e+00 1.390290848033915339e+00 5.460794486841994200e+00 2.019258286047570738e+00 1.226370760149796402e-01 3.430947996902145025e-01
2.417258808211302235e+00 2.343586933912085257e+01 -8.109997489535299309e+00 1.392294909941609760e+00 5.430396681354858757e+00 2.039172390822182823e+00 -9.135063157230642605e-02 3.489862898271091085e-01
2.417258808211302235e+00 2.463745205466281618e+01 -8.748141933544383519e+00 1.396973015189885814e+00 5.460090010484899281e+00 2.058724807197428230e+00 -2.785299902747866985e-01 2.236909619743114863e-01
2.417258808211302235e+00 2.590064123341710101e+01 -9.424709660096057817e+00 1.400871277266448667e+00 5.449069176118793045e+00 2.078268105847197234e+00 -3.537608867419099190e-01 2.416210679699613611e-05
2.417258808211302235e+00 2.722859550629647174e+01 -1.014437513565922799e+01 1.406281383936879070e+00 5.443951740579940690e+00 2.097730245220335910e+00 -2.634769770439797654e-01 -2.308994858321848642e-01
2.417258808211302235e+00 2.862463545068357007e+01 -1.090682839986251729e+01 1.412326139540607040e+00 5.444665729814099464e+00 2.116697537578196897e+00 -3.075693013786566163e-02 -3.456626895857152770e-01
2.417258808211302235e+00 3.009225189360411434e+01 -1.171601662924921605e+01 1.411553483359211381e+00 5.406929579391288598e+00 2.134633778821846573e+00 2.268965784310333078e-01 -2.584682662851525703e-01
2.417258808211302235e+00 3.163511464061267731e+01 -1.257361796194700609e+01 1.422654067987005666e+00 5.401981029181693650e+00 2.154297328361609587e+00 3.405562644273850137e-01 2.468172834479291471e-03
2.417258808211302235e+00 3.325708165221809054e+01 -1.348413689122098091e+01 1.427642283571341153e+00 5.442566121845584526e+00 2.174477473761518009e+00 2.048485892704658973e-01 2.677771235523853099e-01
2.417258808211302235e+00 3.496220869079429150e+01 -1.444925295318727443e+01 1.432584723202797283e+00 5.463543322640145306e+00 2.194056746347886389e+00 -1.025104228485264196e-01 3.177345804868064727e-01
2.417258808211302235e+00 3.675475946209866152e+01 -1.547267742521354350e+01 1.424769691520034520e+00 5.368775614912646432e+00 2.210921097798315582e+00 -3.219369737315396773e-01 7.717664773853867566e-02
2.417258808211302235e+00 3.863921627675750159e+01 -1.655733393114392271e+01 1.438349301549088910e+00 5.535063030759238778e+00 2.234067501928952204e+00 -2.161335464939341255e-01 -2.457198331838151006e-01
2.417258808211302235e+00 4.062029125837716492e+01 -1.770316153468665732e+01 1.435368432949772677e+00 5.341367343850208727e+00 2.247539008232985136e+00 1.338486453196817971e-01 -2.962152439831706174e-01
2.417258808211302235e+00 4.270293812630757913e+01 -1.891411914791916971e+01 1.444761086789276394e+00 5.368361857862362641e+00 2.267476846222897802e+00 3.211573536113987437e-01 2.076381364309793157e-02
2.417258808211302235e+00 4.489236458252091921e+01 -2.019841656122962092e+01 1.446436644229819102e+00 5.437988988961265591e+00 2.287786708310439288e+00 7.012445036256119424e-02 3.107626163999867575e-01
2.417258808211302235e+00 4.719404533357894849e+01 -2.155789090243276362e+01 1.449727224410682025e+00 5.442771864027716511e+00 2.306003718126211854e+00 -2.865190681359610081e-01 1.325350699469815541e-01
2.417258808211302235e+00 4.961373578025131792e+01 -2.299963005959344642e+01 1.447242920395276133e+00 5.393303738862203822e+00 2.322603545491904953e+00 -1.669164855379696999e-01 -2.648715641431214629e-01
2.417258808211302235e+00 5.215748640901515643e+01 -2.452817664539753650e+01 1.448223995156664223e+00 5.346971134757527722e+00 2.340606993147949400e+00 2.552768105357950956e-01 -1.763602442692829009e-01
2.417258808211302235e+00 5.483165792142293071e+01 -2.613648610126845284e+01 1.460256615416233084e+00 5.405243047482131580e+00 2.364532095088413222e+00 1.646803552140279903e-01 2.585994017783932453e-01
2.417258808211302235e+00 5.764293713916943318e+01 -2.783489401209242331e+01 1.446037581473712752e+00 5.298450005412281172e+00 2.373765744252182230e+00 -2.761767709683309313e-01 1.298297151418314754e-01
2.417258808211302235e+00 6.059835372462887904e+01 -2.964277835267394323e+01 1.471041163572255783e+00 5.430239463178957671e+00 2.400817651548029286e+00 -6.050738974761101646e-02 -2.949282348590354652e-01
2.417258808211302235e+00 6.370529775867270672e+01 -3.155070995378363818e+01 1.466533899403684726e+00 5.355276212270192460e+00 2.417585837647536540e+00 2.958496657415948805e-01 4.011886458267974187e-02
2.417258808211302235e+00 6.697153821972089816e+01 -3.356470971181779817e+01 1.453662271779248005e+00 5.392453838111274322e+00 2.429989561095780459e+00 -1.621050694910105838e-01 2.485149855452322976e-01
2.417258808211302235e+00 7.040524241023477714e+01 -3.569584619854441598e+01 1.464058216363961495e+00 5.322981235702753722e+00 2.446131476534806559e+00 -1.233563536728135568e-01 -2.672288753444274634e-01
2.417258808211302235e+00 7.401499637922732688e+01 -3.793416276400219544e+01 1.457618819839811231e+00 5.359091164009646135e+00 2.466512686993408643e+00 2.833311303955772242e-01 6.785144332149561919e-02
2.417258808211302235e+00 7.780982639185774019e+01 -4.032974878201234503e+01 1.456136941917973271e+00 5.348933361375703299e+00 2.486854190913767582e+00 -2.515597586412816056e-01 1.410279547022470215e-01
2.417258808211302235e+00 8.179922149979636004e+01 -4.283549304005215674e+01 1.471804208834499361e+00 5.346138317867064949e+00 2.508250969052316481e+00 1.173835091637010081e-01 -2.600607930071675566e-01
2.417258808211302235e+00 8.599315726879615340e+01 -4.551139785252429704e+01 1.482005638484612309e+00 5.324285169614158875e+00 2.527506015393965910e+00 1.177941383010354913e-02 2.823458553087872525e-01
2.417258808211302235e+00 9.040212072280316136e+01 -4.828422173831491193e+01 1.491576537455841400e+00 5.447130311959805127e+00 2.556970363643367161e+00 -1.111148580815125020e-01 -2.553287863636615196e-01
2.417258808211302235e+00 9.503713656697902934e+01 -5.129396477360855755e+01 1.465916071748379457e+00 5.250956656802705957e+00 2.548912808112606676e+00 1.442981511610295087e-01 2.394674205167498515e-01
2.417258808211302235e+00 9.990979475520595088e+01 -5.441044462868684661e+01 1.496899395656654086e+00 5.409923840955811691e+00 2.595176772741577320e+00 -1.468296681661421244e-01 -2.303773652742733269e-01
2.417258808211302235e+00 1.050322794710088914e+02 -5.773559755222643730e+01 1.465418362956770526e+00 5.217770431284966648e+00 2.588202156917587260e+00 1.026693027615180470e-01 2.541929383951657684e-01
2.417258808211302235e+00 1.104173995943604609e+02 -6.121683149021870918e+01 1.493744959832402186e+00 5.312549377888794666e+00 2.624261175267944779e+00 -1.190358259635986710e-02 -2.689825306885725298e-01
2.417258808211302235e+00 1.160786207305528563e+02 -6.493438631887899248e+01 1.476467953606237726e+00 5.309791364599116825e+00 2.627996768259124760e+00 -1.362612727452794381e-01 2.316373509859564195e-01
2.417258808211302235e+00 1.220300988812250438e+02 -6.878820892932296260e+01 1.497549773328411327e+00 5.423948957677938054e+00 2.663151971231054738e+00 2.500827151004901272e-01 -8.477458151077282844e-02
2.417258808211302235e+00 1.282867158417400617e+02 -7.288831342540052560e+01 1.509902461876774682e+00 5.404922553817637088e+00 2.697528475669687342e+00 -2.094747146553085082e-01 -1.532715307846511110e-01
2.417258808211302235e+00 1.348641164134255064e+02 -7.726082051718718446e+01 1.493740478335109145e+00 5.359390143845675247e+00 2.700651353944263811e+00 -7.455319772049254223e-02 2.482006710846610675e-01
2.417258808211302235e+00 1.417787475237255137e+02 -8.175279931324367055e+01 1.486175777412826804e+00 5.281151610567079047e+00 2.705134037338231323e+00 2.579169938484678348e-01 1.844412131866626781e-02
2.417258808211302235e+00 1.490478993520864321e+02 -8.654503655799018702e+01 1.512825982077784071e+00 5.444310128539772364e+00 2.749126010260221520e+00 3.811014491267899346e-02 -2.500627416854490637e-01
2.417258808211302235e+00 1.566897485644112749e+02 -9.164742111415300485e+01 1.505907372136885636e+00 5.422908894943342162e+00 2.763981284526972892e+00 -2.151925135905440600e-01 -1.293540446149288869e-01
2.417258808211302235e+00 1.647234037641920281e+02 -9.695448342433564903e+01 1.497579300640149436e+00 5.376937074876898315e+00 2.786215614365611160e+00 -2.251896639744532247e-01 1.046121938076815527e-01
2.417258808211302235e+00 1.731689532739727611e+02 -1.025607922513002848e+02 1.523295149934440484e+00 5.425884438415711664e+00 2.823321195076530010e+00 -1.079954302313379660e-01 2.185069682362771881e-01
2.417258808211302235e+00 1.820475153666179438e+02 -1.085506618012847753e+02 1.509440113130499084e+00 5.354296497676288347e+00 2.835062046472012653e+00 -3.997118519299994871e-02 2.389920229292043230e-01
2.417258808211302235e+00 1.913812910719953209e+02 -1.147990844742489287e+02 1.494035883914049068e+00 5.259913467996021552e+00 2.831075608156423673e+00 -3.170384691062420185e-02 2.407161797189689700e-01
2.417258808211302235e+00 2.011936196911156571e+02 -1.201463852035020352e+02 1.510835168701517350e+00 5.378217188784681468e+00 2.856077077875400327e+00 1.728285824977167928e-01 1.662051246633740875e-01
2.417258808211302235e+00 2.115090371565397334e+02 -1.267518185945023959e+02 1.500389833205194368e+00 5.323894867503508266e+00 2.874920658442601251e+00 1.102515843147110902e-01 2.103929751246960966e-01
2.417258808211302235e+00 2.223533373849928978e+02 -1.333897751718195082e+02 1.527404053032536346e+00 5.425155018774885818e+00 2.915761918665069174e+00 2.968785013916999324e-02 2.308275963861124713e-01
2.417258808211302235e+00 2.337536367755896265e+02 -1.387551599057231044e+02 1.516668217241309069e+00 5.432398805857370228e+00 2.934522646279190017e+00 1.994960521066438397e-01 1.155742735263046578e-01
2.417258808211302235e+00 2.457384420149567177e+02 -1.451436906300451710e+02 1.501987712349285964e+00 5.340958963048346497e+00 2.912395713076719517e+00 1.883092640241513793e-01 1.374227016865031126e-01
2.417258808211302235e+00 2.583377213587997971e+02 -1.516338853820103623e+02 1.546918448662840007e+00 5.411850182015428778e+00 2.999633191151361622e+00 1.493836737753936883e-01 1.658006395170381064e-01
2.417258808211302235e+00 2.715829795681489145e+02 -1.580451056874312599e+02 1.522920681137933219e+00 5.315552297457081465e+00 2.980922643289227292e+00 1.281841984567772541e-01 1.852425520126583236e-01
2.417258808211302235e+00 2.855073366876754335e+02 -1.648985890274036308e+02 1.524182656652578238e+00 5.297288114162535422e+00 3.017630741016491314e+00 7.745022809039553945e-03 2.210361798146117940e-01
2.417258808211302235e+00 3.001456108630514450e+02 -1.715079677799626552e+02 1.505509127474549569e+00 5.262746297689444575e+00 3.019958458278839686e+00 -6.341825637198533760e-02 2.116160921325801469e-01
2.417258808211302235e+00 3.155344054044512632e+02 -1.783976443038161790e+02 1.526020046937448083e+00 5.323925617546603206e+00 3.049307608780678525e+00 -1.702102502270353701e-01 1.357210277255633812e-01
2.417258808211302235e+00 3.317122003138945274e+02 -1.849526771680100410e+02 1.529587396856175729e+00 5.293890833624416814e+00 3.067091965077110238e+00 -1.986280837455093040e-01 8.428066218912100283e-02
2.417258808211302235e+00 3.487194485052908135e+02 -1.905408871356967495e+02 1.522986687808454143e+00 5.235249278132523720e+00 3.079913546009174663e+00 -9.795964313779698118e-02 1.907017003025242019e-01
2.417258808211302235e+00 3.665986769577997961e+02 -1.957631799551816698e+02 1.496837905572706573e+00 5.297428950478792586e+00 3.074575783479547741e+00 1.189463960302586387e-01 1.790558064214859135e-01
2.417258808211302235e+00 3.853945930554263555e+02 -2.024070975078408310e+02 1.510750222152086986e+00 5.293225325653882152e+00 3.104428719621799448e+00 4.737889997377801865e-02 2.064106903247583391e-01
2.417258808211302235e+00 4.051541963787692566e+02 -2.093154089577893444e+02 1.521501293040820046e+00 5.313196632792393181e+00 3.157502976980802956e+00 -8.021522508675564545e-02 1.899929713750290738e-01
2.417258808211302235e+00 4.259268962284559166e+02 -2.156080800569673954e+02 1.492429768052980110e+00 5.262948331671515767e+00 3.133191506523911318e+00 -8.301684520396136746e-02 1.915377180656702150e-01
2.417258808211302235e+00 4.477646351741254307e+02 -2.222001090555259850e+02 1.515752678846279844e+00 5.238377591884582074e+00 3.195073262583500551e+00 -1.331248507588045915e-01 1.524509700952478564e-01
2.417258808211302235e+00 4.707220189379136173e+02 -2.292740510805859060e+02 1.542233415564360222e+00 5.267033721454006390e+00 3.228434639371101866e+00 -1.986613276734225109e-01 1.237521381014360447e-02
2.417258808211302235e+00 4.948564529371963658e+02 -2.358488594872507065e+02 1.494118724205663939e+00 5.233578091753114947e+00 3.163269868952525155e+00 -2.002510144697279559e-01 -4.676293652800851686e-02
2.417258808211302235e+00 5.202282858280361779e+02 -2.424692527384706864e+02 1.549848097503742972e+00 5.310464422107589400e+00 3.277628277211726893e+00 -1.638592288571810995e-01 -1.042485473958539022e-01
2.417258808211302235e+00 5.469009604082596070e+02 -2.494119548179535855e+02 1.541570326157579940e+00 5.270480646307325934e+00 3.258341632567068213e+00 -6.625516198523610789e-02 -1.845599263482743391e-01
2.417258808211302235e+00 5.749411722574909618e+02 -2.560683268506421086e+02 1.509786883688863934e+00 5.262714695909939344e+00 3.226377212665859862e+00 5.682987758088307861e-03 -1.991702054671349309e-01
2.417258808211302235e+00 6.044190365108494234e+02 -2.615976739862621798e+02 1.476455865633891529e+00 5.253773976275327939e+00 3.196399372743078615e+00 -1.341733052074516042e-01 -1.513498007905037801e-01
2.417258808211302235e+00 6.354082631833013011e+02 -2.682526628663083557e+02 1.530343676259332542e+00 5.282143849195723107e+00 3.309680066867879411e+00 -6.616511726357574008e-02 -1.793043100824012748e-01
2.417258808211302235e+00 6.679863414830937245e+02 -2.750951221471975146e+02 1.533414423347963851e+00 5.228680271842800487e+00 3.347018549894402728e+00 3.832715834850867337e-02 -1.836304478382962402e-01
2.417258808211302235e+00 7.022347335751414903e+02 -2.819081696702086219e+02 1.528208835567034907e+00 5.418565486245349838e+00 3.338705686381171045e+00 1.264054003688798722e-01 -1.396586148858098009e-01
2.417258808211302235e+00 7.382390782788647812e+02 -2.884682603699313859e+02 1.491946811417614427e+00 5.351561221932255918e+00 3.258267379732659119e+00 1.663268102755299793e-01 -1.038766594154598294e-01
2.417258808211302235e+00 7.760894052098467455e+02 -2.951310558090459608e+02 1.504150987593061206e+00 5.234411180106729233e+00 3.341194199149149835e+00 1.851403152598846968e-01 -3.343243725459425081e-02
2.417258808211302235e+00 8.158803599007725325e+02 -3.019210866224109964e+02 1.536495550567612778e+00 5.210488572437012245e+00 3.406649952257764458e+00 1.723590590740881889e-01 5.868926941645412343e-02
2.417258808211302235e+00 8.577114404645492414e+02 -3.090868067871236349e+02 1.522092031004530499e+00 5.145550576014844779e+00 3.422366624862118734e+00 6.365077480018727085e-02 1.690671088120264121e-01
2.417258808211302235e+00 9.016872463914262426e+02 -3.161633999873113225e+02 1.520389368315465894e+00 5.230214686541401647e+00 3.418548653849626806e+00 -7.600119845220641712e-02 1.642673561876150656e-01
2.417258808211302235e+00 9.479177401021934202e+02 -3.230714543078061070e+02 1.489671257663063075e+00 5.115146413837422301e+00 3.358340016554006269e+00 -1.625556254674211110e-01 9.148024602203291833e-02
2.417258808211302235e+00 9.965185219115148811e+02 -3.295802064050130866e+02 1.516579286546209104e+00 5.407649147225752628e+00 3.409001328088288929e+00 -1.744233570220308505e-01 5.148501434428025963e-02
2.417258808211302235e+00 1.047611119088933947e+03 -3.365394272952935353e+02 1.535100912214698354e+00 5.193675588184361480e+00 3.498919415345110195e+00 -1.608770977178004546e-01 -6.594384973519826221e-02
