3.065791659194822216e+00 5.000000000000000278e-02 1.620722898539794787e-01 5.118109938486223309e-02 1.742719960935159129e+00 3.957205507752410006e-02 9.675601889178123693e-01 -1.582023164376372970e-01
3.065791659194822216e+00 5.256355481880120584e-02 1.695993517229887060e-01 5.658335781298386158e-02 1.818206006426443366e+00 4.238324799498149192e-02 9.649846595756879086e-01 -1.652482158607468943e-01
3.065791659194822216e+00 5.525854590378238840e-02 1.774578057030494760e-01 6.205746318488683522e-02 1.892628333558056486e+00 4.533718606921448291e-02 9.622340412081974437e-01 -1.725712521825593648e-01
3.065791659194822216e+00 5.809171213641415449e-02 1.856633172602434045e-01 6.751556644147639619e-02 1.966147912873783987e+00 4.844076874531248744e-02 9.592958454644993083e-01 -1.801811558988269668e-01
3.065791659194822216e+00 6.107013790800849828e-02 1.942319743673356358e-01 7.287749825769540557e-02 2.039054679915088375e+00 5.170196663146218313e-02 9.561563579986946948e-01 -1.880873726418829384e-01
3.065791659194822216e+00 6.420127083438707805e-02 2.031801423367036730e-01 7.808439781244458366e-02 2.111724059391840491e+00 5.512957701854848125e-02 9.528007488092019583e-01 -1.962988696962662538e-01
3.065791659194822216e+00 6.749294037880015917e-02 2.125243700064095298e-01 8.311383209334984035e-02 2.184552026459436469e+00 5.873280459839508999e-02 9.492132606617093016e-01 -2.048240110664671376e-01
3.065791659194822216e+00 7.095337742966287276e-02 2.222813960113144693e-01 8.799386610263107422e-02 2.257878100248293940e+00 6.252071500007809479e-02 9.453774380336107397e-01 -2.136705471757105457e-01
3.065791659194822216e+00 7.459123488206352570e-02 2.324682971790436037e-01 9.281239824933554261e-02 2.331914106490736049e+00 6.650167410678463342e-02 9.412763258607266259e-01 -2.228457489658207946e-01
3.065791659194822216e+00 7.841560927450845486e-02 2.431027949219839723e-01 9.771736442750816876e-02 2.406703384699219406e+00 7.068294577860956274e-02 9.368925427329445332e-01 -2.323566789351020068e-01
3.065791659194822216e+00 8.243606353500641803e-02 2.542036854712684812e-01 1.029037700817644063e-01 2.482136817112921889e+00 7.507065712144182779e-02 9.322081286217286378e-01 -2.422105321651788767e-01
3.065791659194822216e+00 8.666265089336977478e-02 2.657912911198332950e-01 1.085855714037374381e-01 2.558043249147396558e+00 7.967030884636394639e-02 9.272041050483670332e-01 -2.524149112798860783e-01
3.065791659194822216e+00 9.110594001952546095e-02 2.778877608435599833e-01 1.149546453916989175e-01 2.634348379362944748e+00 8.448787128467327712e-02 9.218597795380800708e-01 -2.629778474701411350e-01
3.065791659194822216e+00 9.577704145069482200e-02 2.905170174053850474e-01 1.221350686268534713e-01 2.711259099670295658e+00 8.953125803553960149e-02 9.161519669726485571e-01 -2.739073876372579708e-01
3.065791659194822216e+00 1.006876353735238344e-01 3.037042019805782922e-01 1.301468790671418130e-01 2.789390585639615061e+00 9.481166924242259708e-02 9.100544398082933695e-01 -2.852106766500180912e-01
3.065791659194822216e+00 1.058500008306337420e-01 3.174746414742128375e-01 1.388963389858768327e-01 2.869730558005286980e+00 1.003440477490736005e-01 9.035379872837641102e-01 -2.968926907829734230e-01
3.065791659194822216e+00 1.112770464246233965e-01 3.318526456869567709e-01 1.482053103851112275e-01 2.953360142029155977e+00 1.061459171409723096e-01 8.965713476644295854e-01 -3.089550691033727259e-01
3.065791659194822216e+00 1.169823425962995683e-01 3.468607287775482551e-01 1.578780079713860141e-01 3.040946575953299202e+00 1.122343645745792901e-01 8.891229141361048915e-01 -3.213956958454333157e-01
3.065791659194822216e+00 1.229801555578474981e-01 3.625199463991039539e-01 1.677816008313035567e-01 3.132181829560372943e+00 1.186219571517877353e-01 8.811625529422252301e-01 -3.342095882722332378e-01
3.065791659194822216e+00 1.292854829657923144e-01 3.788517334700512995e-01 1.778983842197360554e-01 3.225487919597830544e+00 1.253134966205819434e-01 8.726624259681864393e-01 -3.473911001345670879e-01
3.065791659194822216e+00 1.359140914229522712e-01 3.958808380797100845e-01 1.883087776672680569e-01 3.318324340254394933e+00 1.323060444403907354e-01 8.635957719008919842e-01 -3.609365312366007994e-01
3.065791659194822216e+00 1.428825559031582093e-01 4.136379576390147306e-01 1.991005338327406504e-01 3.408185407590988536e+00 1.395935604995894030e-01 8.539335636790570394e-01 -3.748454582408209390e-01
3.065791659194822216e+00 1.502083011973216753e-01 4.321602174052116552e-01 2.102622490042917180e-01 3.493892543547636453e+00 1.471746942855680640e-01 8.436405541551929010e-01 -3.891192535055217339e-01
3.065791659194822216e+00 1.579096454844884090e-01 4.514885018061259303e-01 2.216641529802704791e-01 3.576343659876973113e+00 1.550590238181037972e-01 8.326734205550240242e-01 -4.037568634499200670e-01
3.065791659194822216e+00 1.660058461368274230e-01 4.716629086198364518e-01 2.331911495295663217e-01 3.657972951629981928e+00 1.632664662741508121e-01 8.209829642194391708e-01 -4.187502879248555798e-01
3.065791659194822216e+00 1.745171478730920822e-01 4.927197201465702836e-01 2.449506999928980910e-01 3.741079522537197555e+00 1.718191211573385502e-01 8.085191731437382234e-01 -4.340832061025464150e-01
3.065791659194822216e+00 1.834648333809622278e-01 5.146927206744018601e-01 2.573318969000217282e-01 3.826374270366482477e+00 1.807323353067385452e-01 7.952346987527394440e-01 -4.497338228038153529e-01
3.065791659194822216e+00 1.928712765348487290e-01 5.376175268158206455e-01 2.707433429692316929e-01 3.913225432522542846e+00 1.900145058765501105e-01 7.810830853673511598e-01 -4.656783783001705035e-01
3.065791659194822216e+00 2.027599983422337937e-01 5.615335076042157203e-01 2.851928486638648508e-01 4.001293127317858911e+00 1.996761728036417771e-01 7.660141832886304680e-01 -4.818902305456320145e-01
3.065791659194822216e+00 2.131557257584409393e-01 5.864802529983199619e-01 3.001930505241592329e-01 4.091101627500801641e+00 2.097349027458852433e-01 7.499740944921685637e-01 -4.983352442921583081e-01
3.065791659194822216e+00 2.240844535169032314e-01 6.124943658643625666e-01 3.152442513345681263e-01 4.182078037902515533e+00 2.202042541310836599e-01 7.329114423082297991e-01 -5.149715668419906356e-01
3.065791659194822216e+00 2.355735091295371175e-01 6.396151706752541966e-01 3.303739314328084098e-01 4.271004858993161513e+00 2.310803724449762564e-01 7.147795836832676608e-01 -5.317572947942138528e-01
3.065791659194822216e+00 2.476516212197557576e-01 6.678945386999629585e-01 3.459642158256064914e-01 4.355089329848929047e+00 2.423540881940509928e-01 6.955263800077908787e-01 -5.486540825964065782e-01
3.065791659194822216e+00 2.603489913589924765e-01 6.973931812079073866e-01 3.621478788790088443e-01 4.436671784711655242e+00 2.540407093396764848e-01 6.750853046306255489e-01 -5.656147595846016118e-01
3.065791659194822216e+00 2.736973695863600398e-01 7.281628844406295986e-01 3.788807950186373619e-01 4.520975641178628379e+00 2.661780238898576734e-01 6.533874602282602195e-01 -5.825697571854665524e-01
3.065791659194822216e+00 2.877301338002865583e-01 7.602424254417028404e-01 3.964344712329215259e-01 4.608645148561416605e+00 2.787876297473130816e-01 6.303789539534273567e-01 -5.994355355329308299e-01
3.065791659194822216e+00 3.024823732206473603e-01 7.936751695282994179e-01 4.148752470173276419e-01 4.696080326549746609e+00 2.918680222432861182e-01 6.060132081337680221e-01 -6.161291186763364625e-01
3.065791659194822216e+00 3.179909761300916404e-01 8.285151280484586156e-01 4.334994832077443405e-01 4.781853429624518981e+00 3.054253673219979870e-01 5.802372787235335894e-01 -6.325619283931912529e-01
3.065791659194822216e+00 3.342947221139635494e-01 8.648183445134349778e-01 4.521101196590709415e-01 4.865230721258483548e+00 3.194666685272236628e-01 5.529998981559429705e-01 -6.486351294377884491e-01
3.065791659194822216e+00 3.514343790294647274e-01 9.026481992879342720e-01 4.715051586699308683e-01 4.945702478339136121e+00 3.339941834155603639e-01 5.242504344967116037e-01 -6.642435014033771790e-01
3.065791659194822216e+00 3.694528049465325426e-01 9.420661340026653674e-01 4.917682134647199388e-01 5.028301445027139494e+00 3.490426654862812672e-01 4.939363636331532414e-01 -6.792568760431574315e-01
3.065791659194822216e+00 3.883950553153387442e-01 9.831129356263453856e-01 5.125669880339324136e-01 5.113486809150717960e+00 3.646363593127029401e-01 4.620303663498284141e-01 -6.935251080529251100e-01
3.065791659194822216e+00 4.083084956283826172e-01 1.025842132792151196e+00 5.337895048633318762e-01 5.194667655503819148e+00 3.807567970348617603e-01 4.285160022371823918e-01 -7.069074172342991735e-01
3.065791659194822216e+00 4.292429198588946782e-01 1.070326734341093156e+00 5.551372214097610724e-01 5.273416636278106751e+00 3.974163438543878435e-01 3.933656256237267890e-01 -7.192479727705100023e-01
3.065791659194822216e+00 4.512506749717061227e-01 1.116627137336914322e+00 5.774019453211644004e-01 5.352323918229680011e+00 4.146359652918061856e-01 3.565712276707507788e-01 -7.303681748567824039e-01
3.065791659194822216e+00 4.743867918179263121e-01 1.164794565872845578e+00 6.003327038879827660e-01 5.432740478110465787e+00 4.324378343257126445e-01 3.181468672804595443e-01 -7.400728096561647318e-01
3.065791659194822216e+00 4.987091227407361993e-01 1.214880295240786001e+00 6.234016047673394123e-01 5.510055408668049992e+00 4.508152722860500616e-01 2.781288856574363200e-01 -7.481663223322266854e-01
3.065791659194822216e+00 5.242784862363788490e-01 1.266961279372173621e+00 6.469828954961011069e-01 5.584700481670181738e+00 4.697703431645957606e-01 2.365515594235628738e-01 -7.544462741264710282e-01
3.065791659194822216e+00 5.511588190320803049e-01 1.321088360355862523e+00 6.713414149420849908e-01 5.661178847065579944e+00 4.893364409535527759e-01 1.934869076597963700e-01 -7.586803407479371097e-01
3.065791659194822216e+00 5.794173359611696217e-01 1.377311360692477837e+00 6.959105000370277017e-01 5.735216150635070065e+00 5.095063729575837197e-01 1.490377185388085113e-01 -7.606443526999203675e-01
3.065791659194822216e+00 6.091246980351736617e-01 1.435699148465346520e+00 7.209291588712848364e-01 5.806272735040947097e+00 5.302789308954680703e-01 1.033179540708615840e-01 -7.601093426797365105e-01
3.065791659194822216e+00 6.403551891331518142e-01 1.496303160305260782e+00 7.465577271029484319e-01 5.878878269919470156e+00 5.516823331787755746e-01 5.648308351484134654e-02 -7.568286898933138662e-01
3.065791659194822216e+00 6.731869017500846653e-01 1.559170924124654301e+00 7.723828610632869074e-01 5.947368918840845176e+00 5.736986912956090201e-01 8.726119055959758591e-03 -7.505740823177463605e-01
3.065791659194822216e+00 7.077019322687904124e-01 1.624366546613907669e+00 7.987687681533278683e-01 6.015470998954975279e+00 5.963426397922306776e-01 -3.973942042648399148e-02 -7.411095002808857357e-01
3.065791659194822216e+00 7.439865862436418897e-01 1.691926457480157575e+00 8.253873588328458633e-01 6.082119101868649125e+00 6.196166929073134710e-01 -8.864241487343893500e-02 -7.282123298338836204e-01
3.065791659194822216e+00 7.821315942094085871e-01 1.761909724177848302e+00 8.524081833405544595e-01 6.146080784752798287e+00 6.435102453508928511e-01 -1.376916845622982721e-01 -7.116781175990994912e-01
3.065791659194822216e+00 8.222323385548527819e-01 1.834349121033364893e+00 8.797530953735609449e-01 6.209058990361016050e+00 6.680332434013587228e-01 -1.865377220993434948e-01 -6.913173313100505757e-01
3.065791659194822216e+00 8.643890920283819890e-01 1.909295172353809633e+00 9.073445250416828367e-01 6.269504302502688198e+00 6.931714700154661957e-01 -2.348071553762045849e-01 -6.669733541933048349e-01
3.065791659194822216e+00 9.087072684721534399e-01 1.986775513210716992e+00 9.351464610988969861e-01 6.328464659515167234e+00 7.189266170812022017e-01 -2.820724460981501314e-01 -6.385218423638996388e-01
3.065791659194822216e+00 9.552976864115825251e-01 2.066831820475547143e+00 9.632395217865382664e-01 6.385430657757757977e+00 7.452849936906557060e-01 -3.278823184087758524e-01 -6.058813482952247753e-01
3.065791659194822216e+00 1.004276846159383396e+00 2.149484835146494355e+00 9.913900263076103059e-01 6.439647049020460479e+00 7.722355974812874502e-01 -3.717406886361374618e-01 -5.690237025450649577e-01
3.065791659194822216e+00 1.055767221127030808e+00 2.234762376748382184e+00 1.019788904755137171e+00 6.492572010798560278e+00 7.997700160750458309e-01 -4.131289947690308662e-01 -5.279741926658118034e-01
3.065791659194822216e+00 1.109897564072081844e+00 2.322684233714895630e+00 1.048251295965362484e+00 6.542749628159417519e+00 8.278665433074425817e-01 -4.515062731571003463e-01 -4.828277715342644827e-01
3.065791659194822216e+00 1.166803229047136181e+00 2.413260681123214901e+00 1.076718217753259266e+00 6.590468424539158931e+00 8.565095029769567159e-01 -4.863136474498662709e-01 -4.337519399663419262e-01
3.065791659194822216e+00 1.226626509855467617e+00 2.506501943755737205e+00 1.105240180309125186e+00 6.636287348828171062e+00 8.856801297798430062e-01 -5.169904648321729246e-01 -3.809913762621909838e-01
3.065791659194822216e+00 1.289516995859653292e+00 2.602412452946708754e+00 1.133749124758786531e+00 6.679885722904402634e+00 9.153538137999549518e-01 -5.429832965890275531e-01 -3.248754876455439700e-01
3.065791659194822216e+00 1.355631946032894719e+00 2.700989202529742617e+00 1.162162289517433944e+00 6.721055213474205203e+00 9.455045809702476989e-01 -5.637573310406535088e-01 -2.658216916574706601e-01
3.065791659194822216e+00 1.425136682188364201e+00 2.802223836514174948e+00 1.190454179880414243e+00 6.759748350522643001e+00 9.761046227238712181e-01 -5.788114762396102675e-01 -2.043360059563162634e-01
3.065791659194822216e+00 1.498205002369851435e+00 2.906103327989924878e+00 1.218590135925309070e+00 6.796052563415198478e+00 1.007124230363331430e+00 -5.876934240941855681e-01 -1.410118301066309865e-01
3.065791659194822216e+00 1.575019615437396991e+00 3.012609204855349443e+00 1.246509093552503167e+00 6.830142010781063533e+00 1.038532209606744194e+00 -5.900148117482040266e-01 -7.652700302771502094e-02
3.065791659194822216e+00 1.655772597934615620e+00 3.121717708754276011e+00 1.274198814433569638e+00 6.861827524267740230e+00 1.070293759371059084e+00 -5.854676207185790515e-01 -1.163766905031611044e-02
3.065791659194822216e+00 1.740665874380101563e+00 3.233400184749298134e+00 1.301584837071219747e+00 6.891280566718291034e+00 1.102374099060280610e+00 -5.738384923891122202e-01 5.283121018958030629e-02
3.065791659194822216e+00 1.829911722183899414e+00 3.347623365399703843e+00 1.328644188559637618e+00 6.918362862551754588e+00 1.134735516924051835e+00 -5.550239767284499415e-01 1.159979678494203192e-01
3.065791659194822216e+00 1.923733302451607008e+00 3.464349749830476721e+00 1.355344631058699401e+00 6.943205432095052920e+00 1.167340299588738306e+00 -5.290425135122369671e-01 1.769393737589342319e-01
3.065791659194822216e+00 2.022365218003370213e+00 3.583537079625734201e+00 1.381658551587517270e+00 6.966047717872528189e+00 1.200150364990000940e+00 -4.960454767748100902e-01 2.347079274834260598e-01
3.065791659194822216e+00 2.126054100003139435e+00 3.705139075526033388e+00 1.407521415378033991e+00 6.986742656900844395e+00 1.233125514950856649e+00 -4.563257344737390309e-01 2.883526714117622403e-01
3.065791659194822216e+00 2.235059224665041810e+00 3.829108200434453657e+00 1.432919115712098845e+00 7.005327973275404574e+00 1.266225564263800507e+00 -4.103210711307665459e-01 3.369424642393357150e-01
3.065791659194822216e+00 2.349653161578964422e+00 3.955391524048758711e+00 1.457826215289217631e+00 7.022063011336178384e+00 1.299411711253372070e+00 -3.586162256658727565e-01 3.795873684394208136e-01
3.065791659194822216e+00 2.470122455276509754e+00 4.083935967907759590e+00 1.482209804146862764e+00 7.036870956294540846e+00 1.332643638237410499e+00 -3.019389718459815630e-01 4.154658346459382257e-01
3.065791659194822216e+00 2.596768341741572339e+00 4.214684611852527851e+00 1.506041498531768053e+00 7.049877232626350576e+00 1.365882744183693598e+00 -2.411534852835739151e-01 4.438471991452784260e-01
3.065791659194822216e+00 2.729907501657212077e+00 4.347580244370313096e+00 1.529315094840284051e+00 7.061232258945837614e+00 1.399091188892413573e+00 -1.772475725462809015e-01 4.641168752541731113e-01
3.065791659194822216e+00 2.869872852272309594e+00 4.482564207041050963e+00 1.552005497633151210e+00 7.070986067281013199e+00 1.432231888387095697e+00 -1.113170493199551192e-01 4.757981941586551522e-01
3.065791659194822216e+00 3.017014379868100171e+00 4.619576983461379349e+00 1.574097475986625749e+00 7.079228236961895071e+00 1.465269285898757046e+00 -4.454523436300684980e-02 4.785723517983495046e-01
3.065791659194822216e+00 3.171700014906167375e+00 4.758558779355900548e+00 1.595580238083397218e+00 7.086068377473917934e+00 1.498169514008241165e+00 2.182128402906460471e-02 4.722952491728080737e-01
3.065791659194822216e+00 3.334316552046257875e+00 4.899449765658404843e+00 1.616447238914945572e+00 7.091609731948137707e+00 1.530900430063470097e+00 8.650001870816466376e-02 4.570104228672092206e-01
3.065791659194822216e+00 3.505270617334392824e+00 5.042190314538096629e+00 1.636692751508335597e+00 7.095912795393371830e+00 1.563431418421745933e+00 1.482026226333680585e-01 4.329575323091479078e-01
3.065791659194822216e+00 3.684989684979789626e+00 5.186721324021846158e+00 1.656314770135787651e+00 7.099109460258197224e+00 1.595734715997776165e+00 2.056667256145248424e-01 4.005754624136885766e-01
3.065791659194822216e+00 3.873923146263045236e+00 5.332984288716307475e+00 1.675305467106208201e+00 7.101298652531705891e+00 1.627784389390060982e+00 2.576887405105179329e-01 3.605005853558749807e-01
3.065791659194822216e+00 4.072543433248407396e+00 5.480921411676175303e+00 1.693681436674499219e+00 7.102553640214658515e+00 1.659556623919521856e+00 3.031567318214142270e-01 3.135590818655540346e-01
3.065791659194822216e+00 4.281347200110029227e+00 5.630475897637652771e+00 1.711437808939048066e+00 7.102992805014134881e+00 1.691030131862508723e+00 3.410823297173666835e-01 2.607534981097622828e-01
3.065791659194822216e+00 4.500856565026090550e+00 5.781591557961890615e+00 1.728580838950431353e+00 7.102674978523666027e+00 1.722185691649525729e+00 3.706305978832037384e-01 2.032440696558554527e-01
3.065791659194822216e+00 4.731620415746203179e+00 5.934213112493294418e+00 1.745119186444506365e+00 7.101665554126652680e+00 1.753006417117540794e+00 3.911470972316440364e-01 1.423244159124446018e-01
3.065791659194822216e+00 4.974215782096693239e+00 6.088286022782809503e+00 1.761066333851469823e+00 7.100166200370254366e+00 1.783478262011764848e+00 4.021808275439762159e-01 7.939257206784536280e-02
3.065791659194822216e+00 5.229249278855711225e+00 6.243755298087103611e+00 1.776439286148023822e+00 7.098107239431501903e+00 1.813588333816119391e+00 4.035028487366105199e-01 1.591837141631555208e-02
3.065791659194822216e+00 5.497358622606176581e+00 6.400566441469581314e+00 1.791199661635455076e+00 7.095665691664177821e+00 1.843326966303227898e+00 3.951189077648544212e-01 -4.659369685129897964e-02
3.065791659194822216e+00 5.779214226359383311e+00 6.558675576832619925e+00 1.805658690230403041e+00 7.091745503566897035e+00 1.872680173234594569e+00 3.772762965472567509e-01 -1.066477042966225974e-01
3.065791659194822216e+00 6.075520875936748944e+00 6.717997508950744212e+00 1.819242432414593935e+00 7.081299122943194746e+00 1.901621633090797792e+00 3.504701666033567808e-01 -1.627787844743753543e-01
3.065791659194822216e+00 6.387019492301446277e+00 6.878477116436274130e+00 1.832334043384999500e+00 7.085705560550445092e+00 1.930237155731643117e+00 3.154109343037405089e-01 -2.136111475544008875e-01
3.065791659194822216e+00 6.714488984246776759e+00 7.040167127218738941e+00 1.845071640777850908e+00 7.115947286336760769e+00 1.958588188269901664e+00 2.730107915528410811e-01 -2.579196282451868827e-01
3.065791659194822216e+00 7.058748196073842962e+00 7.202958150963750583e+00 1.857679278704900350e+00 7.048729240376600202e+00 1.986060246109597971e+00 2.244945191916175864e-01 -2.946815991832834603e-01
3.065791659194822216e+00 7.420657955128830530e+00 7.366626550047729260e+00 1.868458818143176492e+00 7.113672697740391015e+00 2.013856329343861162e+00 1.710850443902671159e-01 -3.228046976249793754e-01
3.065791659194822216e+00 7.801123224319756133e+00 7.531259233132176156e+00 1.879004121041482511e+00 7.090489338870085589e+00 2.040777220666783798e+00 1.143181039725345155e-01 -3.418465448770214854e-01
3.065791659194822216e+00 8.201095364995092396e+00 7.696954350183236038e+00 1.889671821479357527e+00 7.088550191674001688e+00 2.067439092393030364e+00 5.562245843961406006e-02 -3.513054057123025653e-01
3.065791659194822216e+00 8.621574515842716835e+00 7.863632011268081534e+00 1.901030890792534178e+00 7.088781133660903677e+00 2.093729306731549666e+00 -3.387583506693929870e-03 -3.510203012114733734e-01
3.065791659194822216e+00 9.063612093757560828e+00 8.030969624028751142e+00 1.911682197611336953e+00 7.031814485839810835e+00 2.119168007419293343e+00 -6.102426793902449714e-02 -3.411855422105461444e-01
3.065791659194822216e+00 9.528313422931500298e+00 8.198886552405896921e+00 1.920445318882963104e+00 7.074217290043429252e+00 2.145100114971825178e+00 -1.156782855851826719e-01 -3.219857941146415659e-01
3.065791659194822216e+00 1.001684049873959204e+01 8.367443806205827173e+00 1.929180791552949081e+00 7.042174828057762959e+00 2.169978338108333737e+00 -1.659777718343600494e-01 -2.943322433877985089e-01
3.065791659194822216e+00 1.053041489333372738e+01 8.536643247448539640e+00 1.938900652786975876e+00 7.032603362495875032e+00 2.194679146837181349e+00 -2.105546030505560939e-01 -2.589614954359341636e-01
3.065791659194822216e+00 1.107032081020935976e+01 8.706157919997545847e+00 1.947476396168044355e+00 7.032915807677045272e+00 2.219150520347563216e+00 -2.481693376387239247e-01 -2.170561888245705617e-01
3.065791659194822216e+00 1.163790829538310589e+01 8.875915001495027212e+00 1.955417657680599053e+00 7.033865972781788045e+00 2.243289301733119245e+00 -2.778978386675140522e-01 -1.699461584840678829e-01
3.065791659194822216e+00 1.223459661321101954e+01 9.045880672401835909e+00 1.962913601520381190e+00 7.033408249641888155e+00 2.267094145953952644e+00 -2.990588383679981255e-01 -1.190656877516662604e-01
3.065791659194822216e+00 1.286187779528874842e+01 9.215793624007622142e+00 1.970842451874893930e+00 7.026501548650664120e+00 2.290436311601955488e+00 -3.112321403362200423e-01 -6.600638288043657320e-02
3.065791659194822216e+00 1.352132037130763820e+01 9.385745830125591382e+00 1.978790302256363987e+00 7.025745998179844243e+00 2.313613133426831503e+00 -3.142493456333795288e-01 -1.227205433436928846e-02
3.065791659194822216e+00 1.421457329119604651e+01 9.555295961106963887e+00 1.984778548194207515e+00 7.016336366922747203e+00 2.336341599444239581e+00 -3.082905591607457696e-01 4.046751603912283890e-02
3.065791659194822216e+00 1.494337004835301563e+01 9.724694930385902936e+00 1.991526866636126769e+00 6.999628783274496335e+00 2.358700679220883334e+00 -2.937529077040233472e-01 9.084169915832039643e-02
3.065791659194822216e+00 1.570953301428471072e+01 9.893387903702613784e+00 2.000524060362507406e+00 7.018699555866535711e+00 2.381116565301183652e+00 -2.712737985690159004e-01 1.373237875519026652e-01
3.065791659194822216e+00 1.651497799548244672e+01 1.006121140293310567e+01 2.006991942329419576e+00 7.023840889820561983e+00 2.403142344981404221e+00 -2.418463040738726422e-01 1.787280023130092821e-01
3.065791659194822216e+00 1.736171902393673960e+01 1.022825250791586349e+01 2.013206402281748630e+00 7.002124261207353761e+00 2.424648434997282997e+00 -2.065309585713593077e-01 2.141359228909109069e-01
3.065791659194822216e+00 1.825187339326644675e+01 1.039412883795488796e+01 2.019892042081232297e+00 7.012823024592234056e+00 2.446194147432000143e+00 -1.665349508630198094e-01 2.426700291797776188e-01
3.065791659194822216e+00 1.918766695305559367e+01 1.055892163800326777e+01 2.024447078750329254e+00 7.015727028747022587e+00 2.467299228442376258e+00 -1.231627165253517259e-01 2.639025528618616501e-01
3.065791659194822216e+00 2.017143967463675835e+01 1.072195870259131745e+01 2.029699768152824824e+00 6.977553159346000733e+00 2.487590467950792750e+00 -7.789953974093741240e-02 2.775637645291715860e-01
3.065791659194822216e+00 2.120565150223822926e+01 1.088219648160780473e+01 2.035470356815328064e+00 7.017709961560517407e+00 2.508829332894545683e+00 -3.227095666050674994e-02 2.834113941970878847e-01
3.065791659194822216e+00 2.229288850412585887e+01 1.104170858701025537e+01 2.040128540165093707e+00 7.025959138101940837e+00 2.529746175484313131e+00 1.301794583288008386e-02 2.819747778627421653e-01
3.065791659194822216e+00 2.343586933912085257e+01 1.119849824738514954e+01 2.046416227775668339e+00 6.986026434364881688e+00 2.548866369942941468e+00 5.634681260071761760e-02 2.738526403476574944e-01
3.065791659194822216e+00 2.463745205466281618e+01 1.135251937238251685e+01 2.049754988359239416e+00 6.986111584574044464e+00 2.569597758366212403e+00 9.668489444711705905e-02 2.592650546930448385e-01
3.065791659194822216e+00 2.590064123341710101e+01 1.150348833828078732e+01 2.048713304266118307e+00 6.932398993481847072e+00 2.588236156042648339e+00 1.333293177425079190e-01 2.395324060076270412e-01
3.065791659194822216e+00 2.722859550629647174e+01 1.165359126212358021e+01 2.053790975161847498e+00 6.935692557061361008e+00 2.608261836383503507e+00 1.659794994753089337e-01 2.147400189337000942e-01
3.065791659194822216e+00 2.862463545068357007e+01 1.179591388345407488e+01 2.060803974852769560e+00 6.956049061048671156e+00 2.628917994368936473e+00 1.927594558090383048e-01 1.870836335563424435e-01
3.065791659194822216e+00 3.009225189360411434e+01 1.193623183154826251e+01 2.067761040887063029e+00 6.975069280096816371e+00 2.648172452824848477e+00 2.149506943294197392e-01 1.567694120340224484e-01
3.065791659194822216e+00 3.163511464061267731e+01 1.207162870405025146e+01 2.065351298435630589e+00 6.991022434953408471e+00 2.666862513472809226e+00 2.319668269378540870e-01 1.251448586384957262e-01
3.065791659194822216e+00 3.325708165221809054e+01 1.220437765044444234e+01 2.067470742791261973e+00 6.946936662917270411e+00 2.684941360023459733e+00 2.442719450399612469e-01 9.250087280250050836e-02
3.065791659194822216e+00 3.496220869079429150e+01 1.233019347182040093e+01 2.074382350243388018e+00 6.932893658849773821e+00 2.704023988339320450e+00 2.515370411409504348e-01 6.053708662576828825e-02
3.065791659194822216e+00 3.675475946209866152e+01 1.245039511748713323e+01 2.085363002760926232e+00 7.018396160307069032e+00 2.725709958283286216e+00 2.542098257662377958e-01 2.961500713213176608e-02
3.065791659194822216e+00 3.863921627675750159e+01 1.256626523197781964e+01 2.081959835572451123e+00 6.877489366150364880e+00 2.740729369375274782e+00 2.540143061205718533e-01 2.676863257588840112e-05
3.065791659194822216e+00 4.062029125837716492e+01 1.267173308093724238e+01 2.095399409108816169e+00 6.999897130379089560e+00 2.762879288950905732e+00 2.498235102382043438e-01 -2.641985815617317948e-02
3.065791659194822216e+00 4.270293812630757913e+01 1.277268953783648975e+01 2.083744053766514170e+00 6.912503982148252568e+00 2.777592697964409663e+00 2.440864449371604739e-01 -5.108659417593290619e-02
3.065791659194822216e+00 4.489236458252091921e+01 1.286793111779220844e+01 2.084587089273778560e+00 6.887074848027431528e+00 2.794512762145866080e+00 2.361159946846599356e-01 -7.344314891413351865e-02
3.065791659194822216e+00 4.719404533357894849e+01 1.294704742618208471e+01 2.084589209519332353e+00 6.828230721059881603e+00 2.811599460514248250e+00 2.276199507383286635e-01 -9.109298479878481791e-02
3.065791659194822216e+00 4.961373578025131792e+01 1.302218516980875940e+01 2.085471017054263854e+00 6.829170892334603948e+00 2.833740655918268736e+00 2.177159983572913293e-01 -1.067345459678322173e-01
3.065791659194822216e+00 5.215748640901515643e+01 1.309922872892291679e+01 2.106272633015648488e+00 6.991061085602101599e+00 2.860392507503741744e+00 2.060903664952492276e-01 -1.215444243726704482e-01
3.065791659194822216e+00 5.483165792142293071e+01 1.318415420978883645e+01 2.108009805026670236e+00 6.956585962886962626e+00 2.875117642869259083e+00 1.936070954630342567e-01 -1.375710562727536224e-01
3.065791659194822216e+00 5.764293713916943318e+01 1.321808130097224065e+01 2.093609529078565679e+00 6.914601195122105359e+00 2.890975642020450653e+00 1.873378837706654587e-01 -1.429214255096813713e-01
3.065791659194822216e+00 6.059835372462887904e+01 1.327601222943075143e+01 2.101741052209135763e+00 6.842953965648116643e+00 2.908499912876807869e+00 1.771893003748659101e-01 -1.521889002711221683e-01
3.065791659194822216e+00 6.370529775867270672e+01 1.331790900101815645e+01 2.113728856990537253e+00 6.887016608880443869e+00 2.935893470465981370e+00 1.683379015038019844e-01 -1.573074082670327112e-01
3.065791659194822216e+00 6.697153821972089816e+01 1.332496390473456671e+01 2.114193607208771475e+00 7.002761627178708537e+00 2.955917694859299782e+00 1.655580216622900280e-01 -1.569121781214599110e-01
3.065791659194822216e+00 7.040524241023477714e+01 1.334057523681786961e+01 2.102859409129781643e+00 6.790235518183575181e+00 2.967841662288352556e+00 1.621189018071931276e-01 -1.585295602101213508e-01
3.065791659194822216e+00 7.401499637922732688e+01 1.336328654312844044e+01 2.110831893718315477e+00 6.920868403652600698e+00 2.987073207772592109e+00 1.569604134670715689e-01 -1.606183731737585718e-01
3.065791659194822216e+00 7.780982639185774019e+01 1.333582716006350211e+01 2.123899911819087549e+00 6.987163835657099753e+00 3.017692818245285125e+00 1.588603350988916085e-01 -1.538744149019685981e-01
3.065791659194822216e+00 8.179922149979636004e+01 1.335623559659146231e+01 2.125212227691282596e+00 6.936575105029531230e+00 3.041328025708780469e+00 1.538581147386604842e-01 -1.552388038591764885e-01
3.065791659194822216e+00 8.599315726879615340e+01 1.333131307552638489e+01 2.142120572717587379e+00 6.941961583636471644e+00 3.059545187355908524e+00 1.562491663709862089e-01 -1.499840764721387110e-01
3.065791659194822216e+00 9.040212072280316136e+01 1.333078778036642831e+01 2.110405069557172109e+00 6.957014812845631724e+00 3.077419424911897128e+00 1.549370339967557353e-01 -1.485682557601896436e-01
3.065791659194822216e+00 9.503713656697902934e+01 1.321818897512718216e+01 2.118509540419850623e+00 6.819742338161604245e+00 3.095229515461928482e+00 1.691362765734345242e-01 -1.290641014539809228e-01
3.065791659194822216e+00 9.990979475520595088e+01 1.324641043165410181e+01 2.135831874638368877e+00 6.883486447653905493e+00 3.125833158858682292e+00 1.629149668909335436e-01 -1.317537702918581688e-01
3.065791659194822216e+00 1.050322794710088914e+02 1.307866872360608923e+01 2.130843375353691282e+00 6.972170960481470559e+00 3.149033344893984676e+00 1.805192180108634858e-01 -1.015203528878121653e-01
3.065791659194822216e+00 1.104173995943604609e+02 1.305461639996645040e+01 2.146810182183783056e+00 7.028914870673502513e+00 3.177092674403876327e+00 1.803603403012570550e-01 -9.579604234962388332e-02
3.065791659194822216e+00 1.160786207305528563e+02 1.287654902494885434e+01 2.150296267452609378e+00 6.907801677578041755e+00 3.205855999786527910e+00 1.916997210081180236e-01 -6.144440615202610007e-02
3.065791659194822216e+00 1.220300988812250438e+02 1.277009930947078509e+01 2.095619122457000660e+00 6.724926732919831451e+00 3.190084693797141657e+00 1.987037603646507611e-01 -4.105118392433369789e-02
3.065791659194822216e+00 1.282867158417400617e+02 1.262043571128510244e+01 2.141044381428891974e+00 6.927283955060136833e+00 3.257232825240419682e+00 1.959141663334999506e-01 -1.060245084955959219e-02
3.065791659194822216e+00 1.348641164134255064e+02 1.233396795903876608e+01 2.152421024660525095e+00 6.964813820655313847e+00 3.291742334447720797e+00 1.876600264728810197e-01 4.441521933724076887e-02
3.065791659194822216e+00 1.417787475237255137e+02 1.204914070964888495e+01 2.109605504259938868e+00 6.894287666792300762e+00 3.286474460348605131e+00 1.680610163713509297e-01 9.560813715386026757e-02
3.065791659194822216e+00 1.490478993520864321e+02 1.186729271977744560e+01 2.106520454659948083e+00 6.807111684478205582e+00 3.295849081023059401e+00 1.473073076952833016e-01 1.238432143125577783e-01
3.065791659194822216e+00 1.566897485644112749e+02 1.153617598701021940e+01 2.140539518750119719e+00 6.884414083812242957e+00 3.344155604318088670e+00 9.668063325106786288e-02 1.610678628997301853e-01
3.065791659194822216e+00 1.647234037641920281e+02 1.119164148500379952e+01 2.135233265291889282e+00 6.970777215035657726e+00 3.379364772272210438e+00 3.595829413352255588e-02 1.810416818737776434e-01
3.065791659194822216e+00 1.731689532739727611e+02 1.084339196065257482e+01 2.123458129105566528e+00 6.727710055369500175e+00 3.386678546339331408e+00 -2.787909580541282975e-02 1.817789340626159988e-01
3.065791659194822216e+00 1.820475153666179438e+02 1.038670416020439724e+01 2.134920841085270471e+00 6.806512971878292184e+00 3.424918970320820488e+00 -1.031904539605074250e-01 1.479988133911314951e-01
3.065791659194822216e+00 1.913812910719953209e+02 9.848779533603378766e+00 2.138045600386016876e+00 6.913216548728219557e+00 3.452288930795878841e+00 -1.622100692365543995e-01 7.321850414425025433e-02
3.065791659194822216e+00 2.011936196911156571e+02 9.446910550519806549e+00 2.111404397149278633e+00 6.763962578249520519e+00 3.464377672587348744e+00 -1.768534629821444382e-01 3.914864397106057776e-03
3.065791659194822216e+00 2.115090371565397334e+02 8.963091240450374642e+00 2.121023847544190488e+00 6.826895941166618798e+00 3.520447640706205750e+00 -1.539977090036293572e-01 -7.662175828458381299e-02
3.065791659194822216e+00 2.223533373849928978e+02 8.627485008083235485e+00 2.165109928322145105e+00 6.995242250004451989e+00 3.593075301385317388e+00 -1.158859626819645078e-01 -1.186761613146132960e-01
3.065791659194822216e+00 2.337536367755896265e+02 8.151664539673275200e+00 2.106018973958340812e+00 6.647031194414666722e+00 3.564913904336814987e+00 -4.934117053702221506e-02 -1.608255910196910443e-01
3.065791659194822216e+00 2.457384420149567177e+02 7.494497047201620354e+00 2.148619852660404117e+00 6.898482075161533444e+00 3.604978423616057803e+00 5.800622591830142949e-02 -1.543480132066637756e-01
3.065791659194822216e+00 2.583377213587997971e+02 7.195747174322328910e+00 2.183268817564983699e+00 6.936096793405247318e+00 3.667278736536828010e+00 9.777189337439709527e-02 -1.264379271233829483e-01
3.065791659194822216e+00 2.715829795681489145e+02 6.653388404553914448e+00 2.131145662442410327e+00 6.782760231512220628e+00 3.618260755123785533e+00 1.526999381115703158e-01 -5.926236207028839909e-02
3.065791659194822216e+00 2.855073366876754335e+02 6.186916923758698061e+00 2.172471352386519339e+00 6.901842012092378909e+00 3.731719544159162627e+00 1.540465040179183620e-01 1.487579063152079384e-02
3.065791659194822216e+00 3.001456108630514450e+02 5.418763927166667216e+00 2.132213210843158624e+00 6.880696544329866882e+00 3.683646007625223096e+00 1.028975235321119563e-01 1.205955172186340268e-01
3.065791659194822216e+00 3.155344054044512632e+02 4.886739921330002012e+00 2.148484998354709852e+00 6.773971787956539536e+00 3.749163864788603640e+00 2.661344978262435157e-02 1.510931579697085136e-01
3.065791659194822216e+00 3.317122003138945274e+02 3.890835410635050895e+00 2.156108194206406647e+00 6.798773128428996060e+00 3.772062646371845851e+00 -1.110553768524108059e-01 1.033018262598042331e-01
3.065791659194822216e+00 3.487194485052908135e+02 3.401016582536489086e+00 2.144044227537565295e+00 6.789870187051560535e+00 3.773123677734198544e+00 -1.465195237664987105e-01 3.888698461320424377e-02
3.065791659194822216e+00 3.665986769577997961e+02 2.873315708518855871e+00 2.161174536189073514e+00 6.788519782706338823e+00 3.828937410183270718e+00 -1.421467782950124881e-01 -3.907671592092895607e-02
3.065791659194822216e+00 3.853945930554263555e+02 2.188521718914222092e+00 2.104443067832109993e+00 6.751153450570669179e+00 3.769357216435707425e+00 -8.796498642349508124e-02 -1.238105274255107968e-01
3.065791659194822216e+00 4.051541963787692566e+02 1.933270450698960641e+00 2.131308300504016540e+00 6.763464172907492689e+00 3.809075945704854860e+00 -5.279521120570029868e-02 -1.392168100823099885e-01
3.065791659194822216e+00 4.259268962284559166e+02 1.324293113721943138e+00 2.155608739682992159e+00 6.719753932757125625e+00 3.869207558582418383e+00 3.525556366406925463e-02 -1.401140615450705285e-01
3.065791659194822216e+00 4.477646351741254307e+02 5.396690534736565681e-01 2.137287378990378350e+00 6.808948852550873454e+00 3.875375433253825719e+00 1.235659594014907603e-01 -7.401352001337470343e-02
3.065791659194822216e+00 4.707220189379136173e+02 1.099092899401800244e-01 2.136629539960445356e+00 6.800718671370708179e+00 3.916567494681570061e+00 1.402489847725007233e-01 -1.547703771872386593e-02
3.065791659194822216e+00 4.948564529371963658e+02 -6.830605409612081624e-01 2.157185406555774509e+00 6.732826190087053853e+00 3.957773868877388246e+00 1.072119304525823713e-01 8.724219462212733089e-02
3.065791659194822216e+00 5.202282858280361779e+02 -1.699808991018904702e+00 2.118240010043355159e+00 6.569264091349731771e+00 3.940507639044708021e+00 -1.793727889474217019e-02 1.382627882097573480e-01
3.065791659194822216e+00 5.469009604082596070e+02 -2.243875489199513851e+00 2.126169663685984812e+00 6.783647402257689585e+00 3.978707021950179445e+00 -8.527056578117486740e-02 1.069520719602430614e-01
3.065791659194822216e+00 5.749411722574909618e+02 -3.132753009807502487e+00 2.170808531603629632e+00 6.814205297947161455e+00 4.013498595543574687e+00 -1.344196887520074102e-01 1.188253115811802431e-03
3.065791659194822216e+00 6.044190365108494234e+02 -4.053281605563274326e+00 2.171483643620481629e+00 6.784686940965570123e+00 4.059644663235323137e+00 -8.044566712338754866e-02 -1.038443260662884199e-01
3.065791659194822216e+00 6.354082631833013011e+02 -5.121588397112738278e+00 2.160168907479009803e+00 6.813904319515034835e+00 4.056006540474398570e+00 5.235955995467158480e-02 -1.207332455495133405e-01
3.065791659194822216e+00 6.679863414830937245e+02 -5.472978297297246719e+00 2.152671964854346864e+00 6.723385621182389471e+00 4.062374579681538478e+00 9.042851372594730430e-02 -9.503048164816406407e-02
3.065791659194822216e+00 7.022347335751414903e+02 -6.317920874721782987e+00 2.156559779093038642e+00 6.795849945949822946e+00 4.117303840957051264e+00 1.275489174539416459e-01 4.432266778647357339e-03
3.065791659194822216e+00 7.382390782788647812e+02 -7.231130717354703030e+00 2.163326773574340667e+00 6.770157691367701958e+00 4.152484261613705208e+00 7.315280885743304096e-02 1.018526814159381594e-01
3.065791659194822216e+00 7.760894052098467455e+02 -8.326854942080299082e+00 2.198147422537230611e+00 6.870085903992202425e+00 4.156348968097698382e+00 -5.700295062975767324e-02 1.114240072099381001e-01
3.065791659194822216e+00 8.158803599007725325e+02 -8.979416838935090794e+00 2.165590746064903538e+00 6.847322014057755979e+00 4.109347837976867979e+00 -1.156357407453002251e-01 5.519831524608315165e-02
3.065791659194822216e+00 8.577114404645492414e+02 -9.484020343603308589e+00 2.145933573452921461e+00 6.741706550058951919e+00 4.120514141452472856e+00 -1.271976722549618410e-01 -7.544321261749268627e-03
3.065791659194822216e+00 9.016872463914262426e+02 -1.048321842317385588e+01 2.164575319931111519e+00 6.722389627765685383e+00 4.201983541558197643e+00 -5.997254606564662860e-02 -1.066262428727147299e-01
3.065791659194822216e+00 9.479177401021934202e+02 -1.138227216932507702e+01 2.169593358486998191e+00 6.707466240987906225e+00 4.237429248737889509e+00 4.532601431423244343e-02 -1.113114111554094343e-01
3.065791659194822216e+00 9.965185219115148811e+02 -1.257787432782587267e+01 2.156470325917293263e+00 6.566286028740547565e+00 4.217610487990790524e+00 1.213748712459599421e-01 1.396323335761179155e-03
3.065791659194822216e+00 1.047611119088933947e+03 -1.363535771982276223e+01 2.186439647536066122e+00 6.878256132670312439e+00 4.248392401990307654e+00 5.749494576513146382e-02 1.047927226310377685e-01
