2.554190181234366808e+00 0.000000000000000000e+00 1.000000000000000000e+00 -0.000000000000000000e+00
2.554190181234366808e+00 1.000000000000000056e-01 6.318903112287068691e-01 -6.751448142715277267e-01
2.554190181234366808e+00 2.000000000000000111e-01 8.992641951593414312e-03 -8.532498868499717171e-01
2.554190181234366808e+00 3.000000000000000444e-01 -5.059824678799046405e-01 -5.973136160222641822e-01
2.554190181234366808e+00 4.000000000000000222e-01 -7.004848673734224151e-01 -1.270899231209407509e-01
2.554190181234366808e+00 5.000000000000000000e-01 -5.690865079834223073e-01 2.991878887915818686e-01
2.554190181234366808e+00 6.000000000000000888e-01 -2.511265330556960995e-01 5.221429317231784939e-01
2.554190181234366808e+00 7.000000000000000666e-01 8.695597217624378983e-02 5.173520548055107193e-01
2.554190181234366808e+00 8.000000000000000444e-01 3.316033447551447466e-01 3.483962754453982513e-01
2.554190181234366808e+00 9.000000000000000222e-01 4.377803572680767918e-01 1.034301896107955171e-01
2.554190181234366808e+00 1.000000000000000000e+00 4.074706706371408749e-01 -1.421814184800636871e-01
2.554190181234366808e+00 1.100000000000000089e+00 2.648366216829849407e-01 -3.334805341730149864e-01
2.554190181234366808e+00 1.200000000000000178e+00 4.504247946887925819e-02 -4.294665624660857772e-01
2.554190181234366808e+00 1.300000000000000044e+00 -2.033323664813275478e-01 -3.992580817227364132e-01
2.554190181234366808e+00 1.400000000000000133e+00 -4.122192456730593424e-01 -2.307732702993215979e-01
2.554190181234366808e+00 1.500000000000000000e+00 -4.996461931467050532e-01 4.825090484038366268e-02
2.554190181234366808e+00 1.600000000000000089e+00 -4.001427594547824484e-01 3.520582298039408586e-01
2.554190181234366808e+00 1.700000000000000178e+00 -1.147936340438060199e-01 5.493746655729041528e-01
2.554190181234366808e+00 1.800000000000000044e+00 2.547400955155165736e-01 5.240747998506687377e-01
2.554190181234366808e+00 1.900000000000000133e+00 5.350911141317730157e-01 2.580102469716519242e-01
2.554190181234366808e+00 2.000000000000000000e+00 5.783111372840961106e-01 -1.320563843361617085e-01
2.554190181234366808e+00 2.100000000000000089e+00 3.619376706361217000e-01 -4.527696263067885196e-01
2.554190181234366808e+00 2.200000000000000178e+00 6.029023334913368413e-03 -5.545182184732196928e-01
2.554190181234366808e+00 2.300000000000000266e+00 -3.101487349040298880e-01 -4.180171494196249227e-01
2.554190181234366808e+00 2.400000000000000355e+00 -4.594590906065346148e-01 -1.431582183522532303e-01
2.554190181234366808e+00 2.500000000000000000e+00 -4.203310369868578089e-01 1.332296282876549165e-01
2.554190181234366808e+00 2.600000000000000089e+00 -2.527361132648781039e-01 3.146037549202797545e-01
2.554190181234366808e+00 2.700000000000000178e+00 -4.082990439351483897e-02 3.699853578649871522e-01
2.554190181234366808e+00 2.800000000000000266e+00 1.488649838245987844e-01 3.157930683502709335e-01
2.554190181234366808e+00 2.900000000000000355e+00 2.785056924742232987e-01 1.868487355062245503e-01
2.554190181234366808e+00 3.000000000000000000e+00 3.308712471329907090e-01 1.859328313109617770e-02
2.554190181234366808e+00 3.100000000000000089e+00 2.987584137015246166e-01 -1.558984489269856499e-01
2.554190181234366808e+00 3.200000000000000178e+00 1.818655113803649137e-01 -3.007277754875141706e-01
2.554190181234366808e+00 3.300000000000000266e+00 -6.135287333758863114e-03 -3.733656488600454182e-01
2.554190181234366808e+00 3.400000000000000355e+00 -2.246835827483829873e-01 -3.318615033432129602e-01
2.554190181234366808e+00 3.500000000000000000e+00 -4.003727033857256146e-01 -1.583165083642199822e-01
2.554190181234366808e+00 3.600000000000000089e+00 -4.456894512031660538e-01 1.103391684477129375e-01
2.554190181234366808e+00 3.700000000000000178e+00 -3.077812816395972817e-01 3.720528356008837023e-01
2.554190181234366808e+00 3.800000000000000266e+00 -2.034954858027609309e-02 4.979836740154260921e-01
2.554190181234366808e+00 3.900000000000000355e+00 2.912600418542524161e-01 4.106840638683745826e-01
2.554190181234366808e+00 4.000000000000000000e+00 4.756185973657670596e-01 1.448160145586988579e-01
2.554190181234366808e+00 4.100000000000000533e+00 4.498678293892423574e-01 -1.675355476896257523e-01
2.554190181234366808e+00 4.200000000000000178e+00 2.469005366475415519e-01 -3.811068665582071913e-01
2.554190181234366808e+00 4.299999999999999822e+00 -1.980857940144639673e-02 -4.219501764554126066e-01
2.554190181234366808e+00 4.400000000000000355e+00 -2.345682076862158072e-01 -3.099560965287699865e-01
2.554190181234366808e+00 4.500000000000000000e+00 -3.357425261503915737e-01 -1.202472525369542716e-01
2.554190181234366808e+00 4.600000000000000533e+00 -3.216620451754327870e-01 7.009498734200164671e-02
2.554190181234366808e+00 4.700000000000000178e+00 -2.245600512202142185e-01 2.117003095301246696e-01
2.554190181234366808e+00 4.800000000000000711e+00 -8.335540719563268308e-02 2.841309997290613620e-01
2.554190181234366808e+00 4.900000000000000355e+00 6.910158426479688643e-02 2.839349794252559178e-01
2.554190181234366808e+00 5.000000000000000000e+00 2.055317151478445736e-01 2.143447055676329649e-01
2.554190181234366808e+00 5.100000000000000533e+00 2.984206995469246282e-01 8.334674737532668520e-02
2.554190181234366808e+00 5.200000000000000178e+00 3.173212474169376796e-01 -8.983279655100576133e-02
2.554190181234366808e+00 5.300000000000000711e+00 2.362760112665286960e-01 -2.649868570099813692e-01
2.554190181234366808e+00 5.400000000000000355e+00 5.368361391345552458e-02 -3.791840657014819982e-01
2.554190181234366808e+00 5.500000000000000000e+00 -1.850371048859988099e-01 -3.662904336014562445e-01
2.554190181234366808e+00 5.600000000000000533e+00 -3.855750877451157854e-01 -1.987515446569146083e-01
2.554190181234366808e+00 5.700000000000000178e+00 -4.438985532752044993e-01 7.416526305832442378e-02
2.554190181234366808e+00 5.800000000000000711e+00 -3.131650169448435550e-01 3.326697035463281882e-01
2.554190181234366808e+00 5.900000000000000355e+00 -4.680111807531951718e-02 4.507926196377539663e-01
2.554190181234366808e+00 6.000000000000000000e+00 2.270118000299031213e-01 3.761873820556593806e-01
2.554190181234366808e+00 6.100000000000000533e+00 3.852096639622135110e-01 1.598358891175357677e-01
2.554190181234366808e+00 6.200000000000000178e+00 3.792970439306508346e-01 -8.643090311038946483e-02
2.554190181234366808e+00 6.300000000000000711e+00 2.444884955138549032e-01 -2.624198597985141768e-01
2.554190181234366808e+00 6.400000000000000355e+00 5.741217539644449808e-02 -3.243695951328548488e-01
2.554190181234366808e+00 6.500000000000000000e+00 -1.124967844032298964e-01 -2.825971634939997146e-01
2.554190181234366808e+00 6.600000000000000533e+00 -2.259811514991983128e-01 -1.737233455804642057e-01
2.554190181234366808e+00 6.700000000000000178e+00 -2.709416347935801328e-01 -3.573983120367057315e-02
2.554190181234366808e+00 6.800000000000000711e+00 -2.495602201127803399e-01 1.017605394946628633e-01
2.554190181234366808e+00 6.900000000000000355e+00 -1.687343060981606468e-01 2.155898926903485058e-01
2.554190181234366808e+00 7.000000000000000000e+00 -3.886086766907276974e-02 2.830200957095623804e-01
2.554190181234366808e+00 7.100000000000000533e+00 1.199553976064752919e-01 2.796723920271789177e-01
2.554190181234366808e+00 7.200000000000000178e+00 2.697627753730825195e-01 1.867165963606165768e-01
2.554190181234366808e+00 7.300000000000000711e+00 3.545017148649693417e-01 8.600569917112462978e-03
2.554190181234366808e+00 7.400000000000000355e+00 3.189692341739296944e-01 -2.081380441012706251e-01
2.554190181234366808e+00 7.500000000000000000e+00 1.463705721784964719e-01 -3.761362297206303773e-01
2.554190181234366808e+00 7.600000000000000533e+00 -1.100798258315468375e-01 -4.051113960273368120e-01
2.554190181234366808e+00 7.700000000000000178e+00 -3.374917998617688042e-01 -2.618917007914794426e-01
2.554190181234366808e+00 7.800000000000000711e+00 -4.246649090952021588e-01 -5.169364106337603730e-03
2.554190181234366808e+00 7.900000000000000355e+00 -3.331672800065780260e-01 2.432593843820004542e-01
2.554190181234366808e+00 8.000000000000000000e+00 -1.192024249295661475e-01 3.736590126060057027e-01
2.554190181234366808e+00 8.099999999999999645e+00 1.101865321283282961e-01 3.493552108273147438e-01
2.554190181234366808e+00 8.200000000000001066e+00 2.646589860824923868e-01 2.103088420694880778e-01
2.554190181234366808e+00 8.300000000000000711e+00 3.090990496622508799e-01 3.088629330476402868e-02
2.554190181234366808e+00 8.400000000000000355e+00 2.581574137740731412e-01 -1.251392452988198678e-01
2.554190181234366808e+00 8.500000000000000000e+00 1.487095875772749265e-01 -2.239564520784078083e-01
2.554190181234366808e+00 8.599999999999999645e+00 1.684482735336801512e-02 -2.571648079680336485e-01
2.554190181234366808e+00 8.700000000000001066e+00 -1.103642890518890529e-01 -2.289184674998985536e-01
2.554190181234366808e+00 8.800000000000000711e+00 -2.122151666967344585e-01 -1.470388645936548666e-01
2.554190181234366808e+00 8.900000000000000355e+00 -2.686023320789963087e-01 -2.216782891407539230e-02
2.554190181234366808e+00 9.000000000000000000e+00 -2.580240393450328740e-01 1.263419689565800363e-01
2.554190181234366808e+00 9.099999999999999645e+00 -1.644656601217926173e-01 2.628067846566253252e-01
2.554190181234366808e+00 9.200000000000001066e+00 6.104939779184938124e-03 3.354203563731962268e-01
2.554190181234366808e+00 9.300000000000000711e+00 2.087397348532798458e-01 2.942697799475590403e-01
2.554190181234366808e+00 9.400000000000000355e+00 3.614442153970888194e-01 1.261009833041782102e-01
2.554190181234366808e+00 9.500000000000000000e+00 3.810982359324515123e-01 -1.168983496554451551e-01
2.554190181234366808e+00 9.600000000000001421e+00 2.394025512782987086e-01 -3.279874947286551268e-01
2.554190181234366808e+00 9.700000000000001066e+00 -5.871931504801833519e-03 -4.040378630864989717e-01
2.554190181234366808e+00 9.800000000000000711e+00 -2.392167603167917322e-01 -3.115698555641271406e-01
2.554190181234366808e+00 9.900000000000000355e+00 -3.583929331981696720e-01 -1.058356370141529945e-01
2.554190181234366808e+00 1.000000000000000000e+01 -3.309696036688978271e-01 1.114261302320398439e-01
2.554190181234366808e+00 1.010000000000000142e+01 -1.963139563095759599e-01 2.557178408018370153e-01
2.554190181234366808e+00 1.020000000000000107e+01 -2.524286783658247907e-02 2.952588668970058672e-01
2.554190181234366808e+00 1.030000000000000071e+01 1.222797726573625759e-01 2.449417769457657712e-01
2.554190181234366808e+00 1.040000000000000036e+01 2.150311960074631490e-01 1.399941661112459601e-01
2.554190181234366808e+00 1.050000000000000000e+01 2.456550793242208430e-01 1.452695354438026526e-02
2.554190181234366808e+00 1.060000000000000142e+01 2.182909296448031500e-01 -1.061976678960553505e-01
2.554190181234366808e+00 1.070000000000000107e+01 1.403361576357118334e-01 -2.029722951607434989e-01
2.554190181234366808e+00 1.080000000000000071e+01 2.164612291819843423e-02 -2.568688255214358063e-01
2.554190181234366808e+00 1.090000000000000036e+01 -1.198972687761220707e-01 -2.474715148091327366e-01
2.554190181234366808e+00 1.100000000000000000e+01 -2.506905538817750245e-01 -1.592505730247008033e-01
2.554190181234366808e+00 1.110000000000000142e+01 -3.215769868980928314e-01 2.976183144572179615e-03
2.554190181234366808e+00 1.120000000000000107e+01 -2.845295394584119730e-01 1.970638724142826370e-01
2.554190181234366808e+00 1.130000000000000071e+01 -1.256178969370888576e-01 3.452536428352927511e-01
2.554190181234366808e+00 1.140000000000000036e+01 1.066022357760771505e-01 3.676172587648679491e-01
2.554190181234366808e+00 1.150000000000000000e+01 3.109738087718410537e-01 2.353619878159567413e-01
2.554190181234366808e+00 1.160000000000000142e+01 3.881579767969750017e-01 1.912186495630911493e-03
2.554190181234366808e+00 1.170000000000000107e+01 3.041500046889368813e-01 -2.233386384590863305e-01
2.554190181234366808e+00 1.180000000000000071e+01 1.097851934204060326e-01 -3.418112798871668079e-01
2.554190181234366808e+00 1.190000000000000036e+01 -9.884010701529502563e-02 -3.205925712287410745e-01
2.554190181234366808e+00 1.200000000000000000e+01 -2.402801371757435078e-01 -1.954305793604817487e-01
2.554190181234366808e+00 1.210000000000000142e+01 -2.828472576005921502e-01 -3.282488803279394463e-02
2.554190181234366808e+00 1.220000000000000107e+01 -2.391451341306503886e-01 1.097940165649805844e-01
2.554190181234366808e+00 1.230000000000000071e+01 -1.417820563676480961e-01 2.019783206340192150e-01
2.554190181234366808e+00 1.240000000000000036e+01 -2.271955280647208752e-02 2.357274410271722187e-01
2.554190181234366808e+00 1.250000000000000000e+01 9.399102345568760564e-02 2.141474039358340353e-01
2.554190181234366808e+00 1.260000000000000142e+01 1.899746691065583304e-01 1.432324729647937167e-01
2.554190181234366808e+00 1.270000000000000107e+01 2.468284983044816694e-01 3.150041703971793311e-02
2.554190181234366808e+00 1.280000000000000071e+01 2.439822699784455484e-01 -1.050698673104585729e-01
2.554190181234366808e+00 1.290000000000000036e+01 1.649187720188920736e-01 -2.350396307458270662e-01
2.554190181234366808e+00 1.300000000000000000e+01 1.185157433174402995e-02 -3.108448258117799679e-01
2.554190181234366808e+00 1.310000000000000142e+01 -1.770736806191302304e-01 -2.841795956021487823e-01
2.554190181234366808e+00 1.320000000000000107e+01 -3.275871898541601879e-01 -1.380471179233541679e-01
2.554190181234366808e+00 1.330000000000000071e+01 -3.604312396199214619e-01 8.482767144585046104e-02
2.554190181234366808e+00 1.340000000000000036e+01 -2.430976767249402870e-01 2.883765710869313215e-01
2.554190181234366808e+00 1.350000000000000000e+01 -2.215378822793591732e-02 3.745954065910420683e-01
2.554190181234366808e+00 1.360000000000000142e+01 1.991103387446311879e-01 3.055233284735555110e-01
2.554190181234366808e+00 1.370000000000000107e+01 3.234752670041237677e-01 1.248975448710568231e-01
2.554190181234366808e+00 1.380000000000000071e+01 3.147633386441502923e-01 -7.669280779342027565e-02
2.554190181234366808e+00 1.390000000000000036e+01 2.026706382934482797e-01 -2.199062768229236575e-01
2.554190181234366808e+00 1.400000000000000000e+01 4.917662004749182025e-02 -2.705033931073571596e-01
2.554190181234366808e+00 1.410000000000000142e+01 -9.047500009374824514e-02 -2.375669555017657364e-01
2.554190181234366808e+00 1.420000000000000107e+01 -1.854184210825176871e-01 -1.501324864603688358e-01
2.554190181234366808e+00 1.430000000000000071e+01 -2.260104745277103366e-01 -3.804302582963044188e-02
2.554190181234366808e+00 1.440000000000000036e+01 -2.135344297840151007e-01 7.589736470010383096e-02
2.554190181234366808e+00 1.450000000000000000e+01 -1.521601813305374362e-01 1.736328462063506384e-01
2.554190181234366808e+00 1.460000000000000142e+01 -4.846170965508853068e-02 2.367809688049385131e-01
2.554190181234366808e+00 1.470000000000000107e+01 8.384584170210099274e-02 2.443943455732896231e-01
2.554190181234366808e+00 1.480000000000000071e+01 2.157811687316348315e-01 1.775194918502760455e-01
2.554190181234366808e+00 1.490000000000000036e+01 3.007557099806728584e-01 3.483329017810384010e-02
2.554190181234366808e+00 1.500000000000000000e+01 2.892095719016233857e-01 -1.502815344886160864e-01
2.554190181234366808e+00 1.510000000000000142e+01 1.589256274048183593e-01 -3.072924997153596016e-01
2.554190181234366808e+00 1.520000000000000107e+01 -5.452392699750006205e-02 -3.559767486894881983e-01
2.554190181234366808e+00 1.530000000000000071e+01 -2.604056123560978819e-01 -2.580474620164501798e-01
2.554190181234366808e+00 1.540000000000000036e+01 -3.608981461530830215e-01 -5.111117250958596009e-02
2.554190181234366808e+00 1.550000000000000000e+01 -3.115345995471057172e-01 1.679851788126155154e-01
2.554190181234366808e+00 1.560000000000000142e+01 -1.472654053079563985e-01 3.023443398341146837e-01
2.554190181234366808e+00 1.570000000000000107e+01 4.760439631516433234e-02 3.103541937072680224e-01
2.554190181234366808e+00 1.580000000000000071e+01 1.947772008646000419e-01 2.145493550925988424e-01
2.554190181234366808e+00 1.590000000000000036e+01 2.567325353391892717e-01 7.125027397572446242e-02
2.554190181234366808e+00 1.600000000000000000e+01 2.374277028070418682e-01 -6.594252033665021218e-02
2.554190181234366808e+00 1.610000000000000142e+01 1.621289204113875448e-01 -1.652553385230781935e-01
2.554190181234366808e+00 1.619999999999999929e+01 5.801777551342768291e-02 -2.150358853884767607e-01
2.554190181234366808e+00 1.630000000000000071e+01 -5.315003622812714684e-02 -2.140309117727194899e-01
2.554190181234366808e+00 1.640000000000000213e+01 -1.536751489020923567e-01 -1.644021236538103781e-01
2.554190181234366808e+00 1.650000000000000000e+01 -2.252853847906443885e-01 -7.022162144709823139e-02
2.554190181234366808e+00 1.660000000000000142e+01 -2.458577700772690833e-01 5.756428507120080890e-02
2.554190181234366808e+00 1.669999999999999929e+01 -1.939387293412916380e-01 1.924533596343658837e-01
2.554190181234366808e+00 1.680000000000000071e+01 -6.356900430693623871e-02 2.892325026926293452e-01
2.554190181234366808e+00 1.690000000000000213e+01 1.176435098802225410e-01 2.961793114742151678e-01
2.554190181234366808e+00 1.700000000000000000e+01 2.829960616425635789e-01 1.848674773698360529e-01
2.554190181234366808e+00 1.710000000000000142e+01 3.511281516810461634e-01 -1.770905360798639278e-02
2.554190181234366808e+00 1.719999999999999929e+01 2.762000647023770683e-01 -2.270098707157862106e-01
2.554190181234366808e+00 1.730000000000000071e+01 8.572719148497476294e-02 -3.445703648369840555e-01
2.554190181234366808e+00 1.740000000000000213e+01 -1.308437439441619554e-01 -3.186462022484956580e-01
2.554190181234366808e+00 1.750000000000000000e+01 -2.771144446330023881e-01 -1.736309571076785074e-01
2.554190181234366808e+00 1.760000000000000142e+01 -3.047545113592700083e-01 1.343057591391117085e-02
2.554190181234366808e+00 1.769999999999999929e+01 -2.279227459426833580e-01 1.650223663242553762e-01
2.554190181234366808e+00 1.780000000000000071e+01 -9.688253450746080186e-02 2.400161053631443830e-01
2.554190181234366808e+00 1.790000000000000213e+01 3.719436391050572749e-02 2.366845942401982761e-01
2.554190181234366808e+00 1.800000000000000000e+01 1.413267767190784785e-01 1.754442700530984001e-01
2.554190181234366808e+00 1.810000000000000142e+01 2.013581936166422559e-01 8.087813004332843059e-02
2.554190181234366808e+00 1.819999999999999929e+01 2.136047130381527881e-01 -2.653815451314125301e-02
2.554190181234366808e+00 1.830000000000000071e+01 1.777191894510502801e-01 -1.298313631393803735e-01
2.554190181234366808e+00 1.840000000000000213e+01 9.492074210309763005e-02 -2.107942052130131194e-01
2.554190181234366808e+00 1.850000000000000000e+01 -2.700030558305289291e-02 -2.461676937385862407e-01
2.554190181234366808e+00 1.860000000000000142e+01 -1.645787061347918356e-01 -2.116031938630404952e-01
2.554190181234366808e+00 1.869999999999999929e+01 -2.742935046496478013e-01 -9.604615524561113671e-02
2.554190181234366808e+00 1.880000000000000071e+01 -3.024177079058015249e-01 7.974085759593878275e-02
2.554190181234366808e+00 1.890000000000000213e+01 -2.133630438555162434e-01 2.538485696262748337e-01
2.554190181234366808e+00 1.900000000000000000e+01 -2.419973415785836232e-02 3.435924998162119826e-01
2.554190181234366808e+00 1.910000000000000142e+01 1.878857279001385772e-01 2.950518135466005942e-01
2.554190181234366808e+00 1.920000000000000284e+01 3.239781563476377690e-01 1.241751379857648635e-01
2.554190181234366808e+00 1.930000000000000071e+01 3.242342081251833874e-01 -8.822833951298213184e-02
2.554190181234366808e+00 1.940000000000000213e+01 2.016975721728229143e-01 -2.467128045062708941e-01
2.554190181234366808e+00 1.950000000000000000e+01 2.485680408468093211e-02 -2.961630280276540961e-01
2.554190181234366808e+00 1.960000000000000142e+01 -1.305433680276056052e-01 -2.407947281290911956e-01
2.554190181234366808e+00 1.970000000000000284e+01 -2.191013802267080535e-01 -1.241123579751314127e-01
2.554190181234366808e+00 1.980000000000000071e+01 -2.332487988897800901e-01 5.023180683627900302e-03
2.554190181234366808e+00 1.990000000000000213e+01 -1.882205805578912039e-01 1.132563007280238121e-01
2.554190181234366808e+00 2.000000000000000000e+01 -1.052940465102276124e-01 1.840587306576816629e-01
2.554190181234366808e+00 2.010000000000000142e+01 -3.197042518338936642e-03 2.109301873480358969e-01
2.554190181234366808e+00 2.020000000000000284e+01 1.020618966412500384e-01 1.902413564357182951e-01
2.554190181234366808e+00 2.030000000000000071e+01 1.922725968885552472e-01 1.209460732425723384e-01
2.554190181234366808e+00 2.040000000000000213e+01 2.435514116462251244e-01 7.312193104383819982e-03
2.554190181234366808e+00 2.050000000000000000e+01 2.287231120150914898e-01 -1.315796392637195444e-01
2.554190181234366808e+00 2.060000000000000142e+01 1.310495927585701992e-01 -2.546190804759564386e-01
2.554190181234366808e+00 2.070000000000000284e+01 -3.690745641152223117e-02 -3.055175159904642279e-01
2.554190181234366808e+00 2.080000000000000071e+01 -2.186558690165890662e-01 -2.416128172287789200e-01
2.554190181234366808e+00 2.090000000000000213e+01 -3.308605171052005356e-01 -6.964037948658892418e-02
2.554190181234366808e+00 2.100000000000000000e+01 -3.116256603629211086e-01 1.427489966239689767e-01
2.554190181234366808e+00 2.110000000000000142e+01 -1.641619288786295705e-01 2.973080805705689000e-01
2.554190181234366808e+00 2.120000000000000284e+01 4.126709593861573044e-02 3.256366923859214113e-01
2.554190181234366808e+00 2.130000000000000071e+01 2.107865062490187347e-01 2.289228904455424818e-01
2.554190181234366808e+00 2.140000000000000213e+01 2.822196204961672228e-01 6.529095648087718251e-02
2.554190181234366808e+00 2.150000000000000000e+01 2.506605582479343730e-01 -9.208373752038787052e-02
2.554190181234366808e+00 2.160000000000000142e+01 1.512662059748331733e-01 -1.933679318925815016e-01
2.554190181234366808e+00 2.170000000000000284e+01 2.903481281963775709e-02 -2.256835018766177314e-01
2.554190181234366808e+00 2.180000000000000071e+01 -8.150920139674383558e-02 -1.986741273301136368e-01
2.554190181234366808e+00 2.190000000000000213e+01 -1.623595847057464348e-01 -1.294434882321464642e-01
2.554190181234366808e+00 2.200000000000000000e+01 -2.040359890862953884e-01 -3.501217414079026841e-02
2.554190181234366808e+00 2.210000000000000142e+01 -2.003480576319385253e-01 7.034468003877572539e-02
2.554190181234366808e+00 2.220000000000000284e+01 -1.470631504049066118e-01 1.688302192421834991e-01
2.554190181234366808e+00 2.230000000000000071e+01 -4.388861209108047001e-02 2.362055063202231353e-01
2.554190181234366808e+00 2.240000000000000213e+01 9.389146217809014872e-02 2.431778210414918540e-01
2.554190181234366808e+00 2.250000000000000000e+01 2.285736191644694437e-01 1.658776758202777368e-01
2.554190181234366808e+00 2.260000000000000142e+01 3.034908125998203032e-01 9.649836050637993975e-03
2.554190181234366808e+00 2.270000000000000284e+01 2.678721743888561879e-01 -1.768044794707616107e-01
2.554190181234366808e+00 2.280000000000000071e+01 1.166714215278968486e-01 -3.115909864958551490e-01
2.554190181234366808e+00 2.290000000000000213e+01 -9.249706634492649293e-02 -3.237193526207322036e-01
2.554190181234366808e+00 2.300000000000000000e+01 -2.638205172989261382e-01 -2.030081045191904077e-01
2.554190181234366808e+00 2.310000000000000142e+01 -3.211943342249458100e-01 -8.547710507739383554e-03
2.554190181234366808e+00 2.320000000000000284e+01 -2.527803210288835367e-01 1.688541459873407480e-01
2.554190181234366808e+00 2.330000000000000071e+01 -1.061378207297135334e-01 2.620797096084956368e-01
2.554190181234366808e+00 2.340000000000000213e+01 4.939235441459485093e-02 2.558844761316688143e-01
2.554190181234366808e+00 2.350000000000000000e+01 1.625438511070760039e-01 1.762568585409610422e-01
2.554190181234366808e+00 2.360000000000000142e+01 2.130700210198362143e-01 6.422160034670090778e-02
2.554190181234366808e+00 2.370000000000000284e+01 2.048534235325156772e-01 -4.699532030679819117e-02
2.554190181234366808e+00 2.380000000000000071e+01 1.516454951540315288e-01 -1.360201933455354173e-01
2.554190181234366808e+00 2.390000000000000213e+01 6.703622244878192082e-02 -1.919884180399408224e-01
2.554190181234366808e+00 2.400000000000000000e+01 -3.526771224000826987e-02 -2.062910982692399697e-01
2.554190181234366808e+00 2.410000000000000142e+01 -1.400933615072175731e-01 -1.708726955082103816e-01
2.554190181234366808e+00 2.420000000000000284e+01 -2.231622090641414979e-01 -8.175898914554478869e-02
2.554190181234366808e+00 2.430000000000000071e+01 -2.525534680798501297e-01 5.193272398089113229e-02
2.554190181234366808e+00 2.440000000000000213e+01 -1.987928020233079018e-01 1.963283036575922402e-01
2.554190181234366808e+00 2.450000000000000000e+01 -5.789093299343439636e-02 2.943453880279231494e-01
2.554190181234366808e+00 2.460000000000000142e+01 1.297116227138264410e-01 2.888235914170986796e-01
2.554190181234366808e+00 2.470000000000000284e+01 2.843838042723269011e-01 1.627637610108913502e-01
2.554190181234366808e+00 2.480000000000000071e+01 3.287381404619453273e-01 -3.845695795245935439e-02
2.554190181234366808e+00 2.490000000000000213e+01 2.387515200957269768e-01 -2.230011288718604934e-01
2.554190181234366808e+00 2.500000000000000000e+01 5.978886137859806826e-02 -3.092512966595887258e-01
2.554190181234366808e+00 2.510000000000000142e+01 -1.220382876850270165e-01 -2.712264630265727727e-01
2.554190181234366808e+00 2.520000000000000284e+01 -2.354672392740540521e-01 -1.451550524251079832e-01
2.554190181234366808e+00 2.530000000000000071e+01 -2.544469281678845007e-01 5.633421271403697694e-03
2.554190181234366808e+00 2.540000000000000213e+01 -1.969157931662172123e-01 1.271011840409839722e-01
2.554190181234366808e+00 2.550000000000000000e+01 -9.761676240557243256e-02 1.944643934416483699e-01
2.554190181234366808e+00 2.560000000000000142e+01 1.022422753026915043e-02 2.055434477370467750e-01
2.554190181234366808e+00 2.570000000000000284e+01 1.053651004535638702e-01 1.700549851013451463e-01
2.554190181234366808e+00 2.580000000000000071e+01 1.742281851595783859e-01 9.823479632582012011e-02
2.554190181234366808e+00 2.590000000000000213e+01 2.064805691076656569e-01 1.671237919469039648e-03
2.554190181234366808e+00 2.600000000000000000e+01 1.906707118938680001e-01 -1.066462106711180829e-01
2.554190181234366808e+00 2.610000000000000142e+01 1.181927815412170679e-01 -2.032228067277473682e-01
2.554190181234366808e+00 2.620000000000000284e+01 -7.210440510536759821e-03 -2.554371206289189344e-01
2.554190181234366808e+00 2.630000000000000071e+01 -1.576790591952882403e-01 -2.272347289642197010e-01
2.554190181234366808e+00 2.640000000000000213e+01 -2.769491212081656162e-01 -1.062242046305767323e-01
2.554190181234366808e+00 2.650000000000000000e+01 -3.031993363969650024e-01 7.777685559746332078e-02
2.554190181234366808e+00 2.660000000000000142e+01 -2.054243082943342236e-01 2.489665464851998633e-01
2.554190181234366808e+00 2.670000000000000284e+01 -1.794494532975496326e-02 3.254351518922240505e-01
2.554190181234366808e+00 2.680000000000000071e+01 1.761277175734022593e-01 2.685067836419501863e-01
2.554190181234366808e+00 2.690000000000000213e+01 2.884017689475814605e-01 1.100194518889821005e-01
2.554190181234366808e+00 2.700000000000000000e+01 2.825521685780620906e-01 -7.124302512556640599e-02
2.554190181234366808e+00 2.710000000000000142e+01 1.801624682961245061e-01 -2.017172676629714612e-01
2.554190181234366808e+00 2.720000000000000284e+01 3.924638316761195483e-02 -2.456338428172346600e-01
2.554190181234366808e+00 2.730000000000000071e+01 -8.731666474485379192e-02 -2.121573492034635744e-01
2.554190181234366808e+00 2.740000000000000213e+01 -1.697988319898961762e-01 -1.288283827668925685e-01
2.554190181234366808e+00 2.750000000000000000e+01 -1.999718006438606088e-01 -2.731668260597957393e-02
2.554190181234366808e+00 2.760000000000000142e+01 -1.836397710045715448e-01 7.091781862695634153e-02
2.554190181234366808e+00 2.770000000000000284e+01 -1.270795344030967444e-01 1.510597339510528214e-01
2.554190181234366808e+00 2.780000000000000071e+01 -3.937255612297183710e-02 2.000448160210112902e-01
2.554190181234366808e+00 2.790000000000000213e+01 6.883440200466145464e-02 2.051172959945024021e-01
2.554190181234366808e+00 2.800000000000000000e+01 1.766685074735027394e-01 1.520013177658710024e-01
2.554190181234366808e+00 2.810000000000000142e+01 2.499766514084041658e-01 3.932201217165848944e-02
2.554190181234366808e+00 2.820000000000000284e+01 2.503293393056785221e-01 -1.124555187279371593e-01
2.554190181234366808e+00 2.830000000000000071e+01 1.527496858593267171e-01 -2.508568890863999701e-01
2.554190181234366808e+00 2.840000000000000213e+01 -2.156702869825433827e-02 -3.085563602097264324e-01
2.554190181234366808e+00 2.850000000000000000e+01 -2.055994352105997292e-01 -2.443862274573250781e-01
2.554190181234366808e+00 2.860000000000000142e+01 -3.124242487774765431e-01 -7.430865152509125160e-02
2.554190181234366808e+00 2.870000000000000284e+01 -2.903971204764717040e-01 1.229074253399720096e-01
2.554190181234366808e+00 2.880000000000000071e+01 -1.576128796481207350e-01 2.592488097373615297e-01
2.554190181234366808e+00 2.890000000000000213e+01 1.870748546467081511e-02 2.847844794553878733e-01
2.554190181234366808e+00 2.900000000000000000e+01 1.611972970430862462e-01 2.093315853422909323e-01
2.554190181234366808e+00 2.910000000000000142e+01 2.288509093092145896e-01 8.304341600796544265e-02
2.554190181234366808e+00 2.920000000000000284e+01 2.198134509614814713e-01 -4.448308334498250749e-02
2.554190181234366808e+00 2.930000000000000071e+01 1.557028575806438109e-01 -1.386985706068625257e-01
2.554190181234366808e+00 2.940000000000000213e+01 6.492426812847998385e-02 -1.874585182685979956e-01
2.554190181234366808e+00 2.950000000000000000e+01 -3.291486339990269683e-02 -1.910112833810737321e-01
2.554190181234366808e+00 2.960000000000000142e+01 -1.217412644123271187e-01 -1.521798084841572418e-01
2.554190181234366808e+00 2.970000000000000284e+01 -1.868045830980922251e-01 -7.698738684906199226e-02
2.554190181234366808e+00 2.980000000000000071e+01 -2.128560643246296402e-01 2.739201339749625097e-02
2.554190181234366808e+00 2.990000000000000213e+01 -1.818358605960456176e-01 1.434607890624403637e-01
2.554190181234366808e+00 3.000000000000000000e+01 -8.528899057931477179e-02 2.364460089695067380e-01
2.554190181234366808e+00 3.010000000000000142e+01 6.254886990178173956e-02 2.645795534212084243e-01
2.554190181234366808e+00 3.020000000000000284e+01 2.159799621439428552e-01 1.956720349097816614e-01
2.554190181234366808e+00 3.030000000000000071e+01 3.039761811187292606e-01 3.615090555771887509e-02
2.554190181234366808e+00 3.040000000000000213e+01 2.743995077977914310e-01 -1.537293412172161533e-01
2.554190181234366808e+00 3.050000000000000000e+01 1.307507298876451896e-01 -2.885855417855077709e-01
2.554190181234366808e+00 3.060000000000000142e+01 -6.427607625869238839e-02 -3.037947480637284703e-01
2.554190181234366808e+00 3.070000000000000284e+01 -2.201826543800256830e-01 -2.000498479942956764e-01
2.554190181234366808e+00 3.080000000000000071e+01 -2.774531250125959470e-01 -3.669862195212245798e-02
2.554190181234366808e+00 3.090000000000000213e+01 -2.323597851582344387e-01 1.148089282762144170e-01
2.554190181234366808e+00 3.100000000000000000e+01 -1.233551473927074760e-01 2.042245079925248119e-01
2.554190181234366808e+00 3.110000000000000142e+01 -2.033459620409747550e-04 2.193879702371906160e-01
2.554190181234366808e+00 3.120000000000000284e+01 1.026141277096428855e-01 1.771630905275667911e-01
2.554190181234366808e+00 3.130000000000000071e+01 1.678970767122174579e-01 9.946118242934179343e-02
2.554190181234366808e+00 3.140000000000000213e+01 1.904888277393121943e-01 5.907116492010771117e-03
2.554190181234366808e+00 3.150000000000000000e+01 1.719101572271356793e-01 -8.683208173255003992e-02
2.554190181234366808e+00 3.160000000000000142e+01 1.124612120906956780e-01 -1.653893753078421736e-01
2.554190181234366808e+00 3.170000000000000284e+01 1.588441831044496919e-02 -2.124724813208382357e-01
2.554190181234366808e+00 3.180000000000000071e+01 -1.024298141039065579e-01 -2.059219376822686853e-01
2.554190181234366808e+00 3.190000000000000213e+01 -2.129188445432168009e-01 -1.306668664439364635e-01
2.554190181234366808e+00 3.200000000000000000e+01 -2.706388322839328731e-01 8.000458933930585867e-03
2.554190181234366808e+00 3.210000000000000142e+01 -2.327690712194584732e-01 1.712375434357319148e-01
2.554190181234366808e+00 3.220000000000000284e+01 -9.476934260995632797e-02 2.884273156397167415e-01
2.554190181234366808e+00 3.230000000000000426e+01 9.560518197851405886e-02 2.962803109976008820e-01
2.554190181234366808e+00 3.239999999999999858e+01 2.541024178548481616e-01 1.821376739594061656e-01
2.554190181234366808e+00 3.250000000000000000e+01 3.054955559341751004e-01 -3.439562982005536090e-03
2.554190181234366808e+00 3.260000000000000142e+01 2.353050407162285418e-01 -1.734226022531152045e-01
2.554190181234366808e+00 3.270000000000000284e+01 8.933824805729442819e-02 -2.591574802599224125e-01
2.554190181234366808e+00 3.280000000000000426e+01 -6.428525076550119233e-02 -2.454037265174235094e-01
2.554190181234366808e+00 3.289999999999999858e+01 -1.704186613231744030e-01 -1.591457390773897695e-01
2.554190181234366808e+00 3.300000000000000000e+01 -2.100927302672708219e-01 -4.440285134620049201e-02
2.554190181234366808e+00 3.310000000000000142e+01 -1.911554692879247896e-01 6.143444807520363066e-02
2.554190181234366808e+00 3.320000000000000284e+01 -1.305883160227010176e-01 1.401258819229036778e-01
2.554190181234366808e+00 3.330000000000000426e+01 -4.641327091522338272e-02 1.824702744315368497e-01
2.554190181234366808e+00 3.339999999999999858e+01 4.753842006781582724e-02 1.842788763066671165e-01
2.554190181234366808e+00 3.350000000000000000e+01 1.365950602446918960e-01 1.444088366871452978e-01
2.554190181234366808e+00 3.360000000000000142e+01 2.028415892364748563e-01 6.098434011839097557e-02
2.554190181234366808e+00 3.370000000000000284e+01 2.223697904167627470e-01 -5.641265705051343865e-02
2.554190181234366808e+00 3.380000000000000426e+01 1.713090091561379757e-01 -1.802892318806659788e-01
2.554190181234366808e+00 3.389999999999999858e+01 4.758764156555625457e-02 -2.651504924900052740e-01
2.554190181234366808e+00 3.400000000000000000e+01 -1.187754074251168024e-01 -2.614986326449569853e-01
2.554190181234366808e+00 3.410000000000000142e+01 -2.609382822460117879e-01 -1.504567666139156323e-01
2.554190181234366808e+00 3.420000000000000284e+01 -3.059050829575630237e-01 3.372660058744336026e-02
2.554190181234366808e+00 3.430000000000000426e+01 -2.267053829593543568e-01 2.086629802958027968e-01
2.554190181234366808e+00 3.439999999999999858e+01 -5.856725928930451436e-02 2.948081271778167367e-01
2.554190181234366808e+00 3.450000000000000000e+01 1.183664249549327835e-01 2.619003676735122688e-01
2.554190181234366808e+00 3.460000000000000142e+01 2.302839412537778518e-01 1.382159086301249784e-01
2.554190181234366808e+00 3.470000000000000284e+01 2.481323929341683054e-01 -1.036372705193462120e-02
2.554190181234366808e+00 3.480000000000000426e+01 1.879903900368792014e-01 -1.291337840479737653e-01
2.554190181234366808e+00 3.489999999999999858e+01 8.829243680495103830e-02 -1.915195275956516341e-01
2.554190181234366808e+00 3.500000000000000000e+01 -1.790005047273997979e-02 -1.963185444170821303e-01
2.554190181234366808e+00 3.510000000000000142e+01 -1.061412758660100486e-01 -1.559152516135493827e-01
2.554190181234366808e+00 3.520000000000000284e+01 -1.654042942126846549e-01 -8.439734067064570688e-02
2.554190181234366808e+00 3.530000000000000426e+01 -1.888541609698088097e-01 4.809643967681249098e-03
2.554190181234366808e+00 3.539999999999999858e+01 -1.700337008040502806e-01 1.008776218826062526e-01
2.554190181234366808e+00 3.550000000000000000e+01 -1.034696459295089133e-01 1.837971272570580461e-01
2.554190181234366808e+00 3.560000000000000142e+01 7.065645961102521092e-03 2.281996266491138348e-01
2.554190181234366808e+00 3.570000000000000284e+01 1.383125971807406540e-01 2.055680448667371318e-01
2.554190181234366808e+00 3.580000000000000426e+01 2.478673527640409546e-01 1.029805567212842971e-01
2.554190181234366808e+00 3.589999999999999858e+01 2.791910565005107370e-01 -6.027696511953346825e-02
2.554190181234366808e+00 3.600000000000000000e+01 2.003626510190027465e-01 -2.214536772916018137e-01
2.554190181234366808e+00 3.610000000000000142e+01 3.117214567258050004e-02 -3.027864860874623920e-01
2.554190181234366808e+00 3.620000000000000284e+01 -1.534367441136968713e-01 -2.623734679111983104e-01
2.554190181234366808e+00 3.630000000000000426e+01 -2.716728937608806072e-01 -1.183930539061170267e-01
2.554190181234366808e+00 3.639999999999999858e+01 -2.762849018897974296e-01 5.799065658562924802e-02
2.554190181234366808e+00 3.650000000000000000e+01 -1.818045904142680802e-01 1.914137871617449249e-01
2.554190181234366808e+00 3.660000000000000142e+01 -4.351667402126635498e-02 2.390888780454766549e-01
2.554190181234366808e+00 3.670000000000000284e+01 8.229787852857869956e-02 2.081112325085512638e-01
2.554190181234366808e+00 3.680000000000000426e+01 1.634484537545661254e-01 1.264900304518062346e-01
2.554190181234366808e+00 3.689999999999999858e+01 1.923292663564031280e-01 2.711458870694128873e-02
2.554190181234366808e+00 3.700000000000000000e+01 1.736408631179755802e-01 -6.718369300559175195e-02
2.554190181234366808e+00 3.710000000000000142e+01 1.187628840041708295e-01 -1.399587522825181674e-01
2.554190181234366808e+00 3.720000000000000284e+01 3.775664411915363727e-02 -1.834173775939628159e-01
2.554190181234366808e+00 3.730000000000000426e+01 -5.879369072933086221e-02 -1.872209095762200903e-01
2.554190181234366808e+00 3.739999999999999858e+01 -1.553936704220490184e-01 -1.424284308538116828e-01
2.554190181234366808e+00 3.750000000000000000e+01 -2.236005610799811638e-01 -4.432715878966818346e-02
2.554190181234366808e+00 3.760000000000000142e+01 -2.306301030431677501e-01 8.915964438018632310e-02
2.554190181234366808e+00 3.770000000000000284e+01 -1.536470344527022525e-01 2.179952853196694407e-01
2.554190181234366808e+00 3.780000000000000426e+01 -2.776641340099479660e-03 2.835793343107100850e-01
2.554190181234366808e+00 3.789999999999999858e+01 1.707989867461697786e-01 2.427515427299773154e-01
2.554190181234366808e+00 3.800000000000000000e+01 2.866206270420550983e-01 9.592229891575762557e-02
2.554190181234366808e+00 3.810000000000000142e+01 2.860397645380768905e-01 -9.199529630443382955e-02
2.554190181234366808e+00 3.820000000000000284e+01 1.717109347294361044e-01 -2.356475616266267004e-01
2.554190181234366808e+00 3.830000000000000426e+01 4.443533155451273760e-03 -2.766983013372162903e-01
2.554190181234366808e+00 3.840000000000000568e+01 -1.424925336235961792e-01 -2.165377345802048104e-01
2.554190181234366808e+00 3.850000000000000000e+01 -2.194085390544516234e-01 -9.508202070149524010e-02
2.554190181234366808e+00 3.860000000000000142e+01 -2.173320362460578470e-01 3.212657769668125080e-02
2.554190181234366808e+00 3.870000000000000284e+01 -1.574194964110786910e-01 1.281188958054077509e-01
2.554190181234366808e+00 3.880000000000000426e+01 -6.941907687071835475e-02 1.768904058854379180e-01
2.554190181234366808e+00 3.890000000000000568e+01 2.336080869305236923e-02 1.819204694219623830e-01
2.554190181234366808e+00 3.900000000000000000e+01 1.069325249113488863e-01 1.474521536341686645e-01
2.554190181234366808e+00 3.910000000000000142e+01 1.682810438519901641e-01 7.971409487115949100e-02
2.554190181234366808e+00 3.920000000000000284e+01 1.953169213601234078e-01 -1.383615676243195314e-02
2.554190181234366808e+00 3.930000000000000426e+01 1.730751362262551440e-01 -1.174980784679969109e-01
2.554190181234366808e+00 3.940000000000000568e+01 9.515224341523476070e-02 -2.060115041592568974e-01
2.554190181234366808e+00 3.950000000000000000e+01 -3.317342897860206530e-02 -2.448383035443443823e-01
2.554190181234366808e+00 3.960000000000000142e+01 -1.762854203585741131e-01 -1.996726035135302502e-01
2.554190181234366808e+00 3.970000000000000284e+01 -2.754838497371375206e-01 -6.644772559638785492e-02
2.554190181234366808e+00 3.980000000000000426e+01 -2.722328261300219210e-01 1.121220494795575756e-01
2.554190181234366808e+00 3.990000000000000568e+01 -1.558432398846598677e-01 2.546131962041964791e-01
2.554190181234366808e+00 4.000000000000000000e+01 2.467896726006321012e-02 2.955099797650818094e-01
2.554190181234366808e+00 4.010000000000000142e+01 1.874158549958128972e-01 2.179735534364931615e-01
2.554190181234366808e+00 4.020000000000000284e+01 2.647136367315683914e-01 6.660394494239996188e-02
2.554190181234366808e+00 4.030000000000000426e+01 2.392175656810287543e-01 -8.829278137883783684e-02
2.554190181234366808e+00 4.040000000000000568e+01 1.399498016098494058e-01 -1.879986777913350005e-01
2.554190181234366808e+00 4.050000000000000000e+01 1.901448391448761974e-02 -2.141012682360225461e-01
2.554190181234366808e+00 4.060000000000000142e+01 -8.511715352631255005e-02 -1.799215005819410906e-01
2.554190181234366808e+00 4.070000000000000284e+01 -1.526172591506097520e-01 -1.083529056982813210e-01
2.554190181234366808e+00 4.080000000000000426e+01 -1.800103121927923433e-01 -2.094133496627889959e-02
2.554190181234366808e+00 4.090000000000000568e+01 -1.674086935010125343e-01 6.791349438816536577e-02
2.554190181234366808e+00 4.100000000000000000e+01 -1.166123858656803458e-01 1.432715152938512648e-01
2.554190181234366808e+00 4.110000000000000142e+01 -3.346757967255682698e-02 1.916481160798170491e-01
2.554190181234366808e+00 4.120000000000000284e+01 7.222532295907709010e-02 1.959796685576435660e-01
2.554190181234366808e+00 4.130000000000000426e+01 1.769862732226271385e-01 1.413948892827333881e-01
2.554190181234366808e+00 4.140000000000000568e+01 2.454915529562019250e-01 2.626184200229777360e-02
2.554190181234366808e+00 4.150000000000000000e+01 2.351850742241944903e-01 -1.247208423740513578e-01
2.554190181234366808e+00 4.160000000000000142e+01 1.278500012392816410e-01 -2.510972565305323867e-01
2.554190181234366808e+00 4.170000000000000284e+01 -4.506838382161217765e-02 -2.889778494667272213e-01
2.554190181234366808e+00 4.180000000000000426e+01 -2.101464255511049095e-01 -2.088093300752850989e-01
2.554190181234366808e+00 4.190000000000000568e+01 -2.893800426554255512e-01 -4.419402744763459290e-02
2.554190181234366808e+00 4.200000000000000000e+01 -2.523748155635094359e-01 1.292789407576253324e-01
2.554190181234366808e+00 4.210000000000000142e+01 -1.246706922175401383e-01 2.382888997257044117e-01
2.554190181234366808e+00 4.220000000000000284e+01 2.858896573263589036e-02 2.484142442949072160e-01
2.554190181234366808e+00 4.230000000000000426e+01 1.465618333167304776e-01 1.777288624449566146e-01
2.554190181234366808e+00 4.240000000000000568e+01 2.000471590224382201e-01 6.841054059300172296e-02
2.554190181234366808e+00 4.250000000000000000e+01 1.914794094140245262e-01 -3.838559052507157371e-02
2.554190181234366808e+00 4.260000000000000142e+01 1.401987408795852541e-01 -1.197340775720028699e-01
2.554190181234366808e+00 4.270000000000000284e+01 6.343692652368213003e-02 -1.671844753564825092e-01
2.554190181234366808e+00 4.280000000000000426e+01 -2.401662764826402105e-02 -1.768678256671638582e-01
2.554190181234366808e+00 4.290000000000000568e+01 -1.093512947620634279e-01 -1.477822896151777254e-01
2.554190181234366808e+00 4.300000000000000000e+01 -1.774218292207618008e-01 -7.904712155988077860e-02
2.554190181234366808e+00 4.310000000000000142e+01 -2.071884565025186586e-01 2.256779250304505671e-02
2.554190181234366808e+00 4.320000000000000284e+01 -1.796159088147497862e-01 1.375242081618412993e-01
2.554190181234366808e+00 4.330000000000000426e+01 -8.407654716826037933e-02 2.312131010390010566e-01
2.554190181234366808e+00 4.340000000000000568e+01 6.384676712490580663e-02 2.568882396968388826e-01
2.554190181234366808e+00 4.350000000000000000e+01 2.115176835623018559e-01 1.839401781368028843e-01
2.554190181234366808e+00 4.360000000000000142e+01 2.897878452998241539e-01 2.546689609784747940e-02
2.554190181234366808e+00 4.370000000000000284e+01 2.509671931106030596e-01 -1.532337779559447555e-01
2.554190181234366808e+00 4.380000000000000426e+01 1.102129238862585986e-01 -2.678765026114408032e-01
2.554190181234366808e+00 4.390000000000000568e+01 -6.454908328339391266e-02 -2.718101308242392156e-01
2.554190181234366808e+00 4.400000000000000000e+01 -1.971539748671456427e-01 -1.754215414140848361e-01
2.554190181234366808e+00 4.410000000000000142e+01 -2.428668461578922799e-01 -3.311089797181954869e-02
2.554190181234366808e+00 4.420000000000000284e+01 -2.049742920691819403e-01 9.521947989131721024e-02
2.554190181234366808e+00 4.430000000000000426e+01 -1.148648474411191889e-01 1.736699051744517164e-01
2.554190181234366808e+00 4.440000000000000568e+01 -1.041054068730651837e-02 1.926787910270578996e-01
2.554190181234366808e+00 4.450000000000000000e+01 8.042351404155767547e-02 1.634134232795702579e-01
2.554190181234366808e+00 4.460000000000000142e+01 1.445788170787686289e-01 1.019131579126199699e-01
2.554190181234366808e+00 4.470000000000000284e+01 1.757103277338815939e-01 2.077981933890543295e-02
2.554190181234366808e+00 4.480000000000000426e+01 1.694416712913495160e-01 -6.797463133445416639e-02
2.554190181234366808e+00 4.490000000000000568e+01 1.213054691413516517e-01 -1.510317876074290244e-01
2.554190181234366808e+00 4.500000000000000000e+01 2.999872072871108408e-02 -2.069628714651028378e-01
2.554190181234366808e+00 4.510000000000000142e+01 -9.032511390008446384e-02 -2.081083627076577292e-01
2.554190181234366808e+00 4.520000000000000284e+01 -2.046224103991503007e-01 -1.364208620770680780e-01
2.554190181234366808e+00 4.530000000000000426e+01 -2.639707563715280592e-01 1.645026633405672917e-03
2.554190181234366808e+00 4.540000000000000568e+01 -2.268731204527227874e-01 1.613028197811260667e-01
2.554190181234366808e+00 4.550000000000000000e+01 -9.300029305996727891e-02 2.719103471932614036e-01
2.554190181234366808e+00 4.560000000000000142e+01 8.623400928630600704e-02 2.775048833876308518e-01
2.554190181234366808e+00 4.570000000000000284e+01 2.304831848390869464e-01 1.702616499053765664e-01
2.554190181234366808e+00 4.580000000000000426e+01 2.755433307041244562e-01 2.862409858269775783e-03
2.554190181234366808e+00 4.590000000000000568e+01 2.142090814228505558e-01 -1.463931112591639605e-01
2.554190181234366808e+00 4.600000000000000000e+01 8.962962469520577291e-02 -2.235180927078340707e-01
2.554190181234366808e+00 4.610000000000000142e+01 -4.084257390222702927e-02 -2.173168000028156133e-01
2.554190181234366808e+00 4.620000000000000284e+01 -1.351719892035420367e-01 -1.517021813146428866e-01
2.554190181234366808e+00 4.630000000000000426e+01 -1.794105850777437672e-01 -5.961359478576193360e-02
2.554190181234366808e+00 4.640000000000000568e+01 -1.766076838562285201e-01 3.356454026406904823e-02
2.554190181234366808e+00 4.650000000000000000e+01 -1.350838664481311957e-01 1.115085814146418997e-01
2.554190181234366808e+00 4.660000000000000142e+01 -6.556118133641723744e-02 1.633789739562520604e-01
2.554190181234366808e+00 4.670000000000000284e+01 2.241400162398885995e-02 1.810332026001034433e-01
2.554190181234366808e+00 4.680000000000000426e+01 1.155347672629715716e-01 1.553991124685189240e-01
2.554190181234366808e+00 4.690000000000000568e+01 1.922180020256642752e-01 8.114291121658727401e-02
2.554190181234366808e+00 4.700000000000000000e+01 2.242530857418578993e-01 -3.413091562941688445e-02
2.554190181234366808e+00 4.710000000000000142e+01 1.843786069525937543e-01 -1.634609545503498129e-01
2.554190181234366808e+00 4.720000000000000284e+01 6.475499967405526358e-02 -2.562689939183669940e-01
2.554190181234366808e+00 4.730000000000000426e+01 -1.004814136699978960e-01 -2.595146837436440035e-01
2.554190181234366808e+00 4.740000000000000568e+01 -2.410804911763206326e-01 -1.553382014780650411e-01
2.554190181234366808e+00 4.750000000000000000e+01 -2.883040693425741874e-01 1.839528703981454377e-02
2.554190181234366808e+00 4.760000000000000142e+01 -2.170470501989852641e-01 1.818883152708957174e-01
2.554190181234366808e+00 4.770000000000000284e+01 -6.759485214842896050e-02 2.626493147025749653e-01
2.554190181234366808e+00 4.780000000000000426e+01 8.804339981625354528e-02 2.392198782909877863e-01
2.554190181234366808e+00 4.790000000000000568e+01 1.906398632247858493e-01 1.399707433084843855e-01
2.554190181234366808e+00 4.800000000000000000e+01 2.167668149203292038e-01 1.485263654694243991e-02
2.554190181234366808e+00 4.810000000000000142e+01 1.778747618307399969e-01 -9.113532428110560080e-02
2.554190181234366808e+00 4.820000000000000284e+01 1.011607850088903776e-01 -1.564803027826229820e-01
2.554190181234366808e+00 4.830000000000000426e+01 1.142635221981622325e-02 -1.769323116047431810e-01
2.554190181234366808e+00 4.840000000000000568e+01 -7.314731326239484743e-02 -1.568757785964813301e-01
2.554190181234366808e+00 4.850000000000000000e+01 -1.398313767593602486e-01 -1.037174259358241840e-01
2.554190181234366808e+00 4.860000000000000142e+01 -1.793815666409701859e-01 -2.503479885680074887e-02
2.554190181234366808e+00 4.870000000000000284e+01 -1.795955005331172083e-01 7.071804424546933310e-02
2.554190181234366808e+00 4.880000000000000426e+01 -1.285973611119611282e-01 1.645111728111826599e-01
2.554190181234366808e+00 4.890000000000000568e+01 -2.472501036560914578e-02 2.256452008673506815e-01
2.554190181234366808e+00 4.900000000000000000e+01 1.111227142569969489e-01 2.197493364165941376e-01
2.554190181234366808e+00 4.910000000000000142e+01 2.315674813847402314e-01 1.267527063972189172e-01
2.554190181234366808e+00 4.920000000000000284e+01 2.749927445650711677e-01 -3.277575657373646423e-02
2.554190181234366808e+00 4.930000000000000426e+01 2.084177900658951421e-01 -1.932049916270245082e-01
2.554190181234366808e+00 4.940000000000000568e+01 5.414765771438843217e-02 -2.798866318232608452e-01
2.554190181234366808e+00 4.950000000000000000e+01 -1.185701198145241164e-01 -2.533112664801530078e-01
2.554190181234366808e+00 4.960000000000000142e+01 -2.333437384666550984e-01 -1.311745416483079685e-01
2.554190181234366808e+00 4.970000000000000284e+01 -2.499518617412137267e-01 2.285970072484653018e-02
2.554190181234366808e+00 4.980000000000000426e+01 -1.815457333016383956e-01 1.452825005934126334e-01
2.554190181234366808e+00 4.990000000000000568e+01 -6.976686789422283097e-02 2.023007565477143166e-01
2.554190181234366808e+00 5.000000000000000000e+01 4.132953987783663519e-02 1.929150002806966080e-01
2.554190181234366808e+00 5.010000000000000142e+01 1.231167065764912499e-01 1.361562748205468187e-01
2.554190181234366808e+00 5.020000000000000284e+01 1.653735577444455929e-01 5.658036711228348753e-02
2.554190181234366808e+00 5.030000000000000426e+01 1.692601435759505391e-01 -2.873488338563297620e-02
2.554190181234366808e+00 5.040000000000000568e+01 1.367193938683659848e-01 -1.072977397919762793e-01
2.554190181234366808e+00 5.050000000000000000e+01 7.095324540678361880e-02 -1.665778277401833984e-01
2.554190181234366808e+00 5.060000000000000142e+01 -2.186144044622019209e-02 -1.917712048283433390e-01
2.554190181234366808e+00 5.070000000000000284e+01 -1.263841972826456050e-01 -1.670003481507060794e-01
2.554190181234366808e+00 5.080000000000000426e+01 -2.133688701057413484e-01 -8.091124477608024890e-02
2.554190181234366808e+00 5.090000000000000568e+01 -2.405549026902774890e-01 5.415150443728238699e-02
2.554190181234366808e+00 5.100000000000000000e+01 -1.784403346379322131e-01 1.930130694854271522e-01
2.554190181234366808e+00 5.110000000000000142e+01 -3.496514257682332982e-02 2.729446508425252271e-01
2.554190181234366808e+00 5.120000000000000284e+01 1.355570627422062191e-01 2.476570360555709061e-01
2.554190181234366808e+00 5.130000000000000426e+01 2.560315472510486523e-01 1.193894240217543423e-01
2.554190181234366808e+00 5.140000000000000568e+01 2.703079105746444277e-01 -5.245261649124343534e-02
2.554190181234366808e+00 5.150000000000000000e+01 1.818671771261020365e-01 -1.898660865645645235e-01
2.554190181234366808e+00 5.160000000000000142e+01 4.004003840227195882e-02 -2.433744963073074807e-01
2.554190181234366808e+00 5.170000000000000284e+01 -9.284675678390583164e-02 -2.087454151849591766e-01
2.554190181234366808e+00 5.180000000000000426e+01 -1.743630110373841358e-01 -1.168417929732612354e-01
2.554190181234366808e+00 5.190000000000000568e+01 -1.927653918336996175e-01 -9.952505512488277889e-03
2.554190181234366808e+00 5.200000000000000000e+01 -1.611035031883123747e-01 8.094689383916608971e-02
2.554190181234366808e+00 5.210000000000000142e+01 -9.738617061540634501e-02 1.424266732498598587e-01
2.554190181234366808e+00 5.220000000000000284e+01 -1.744789102309477619e-02 1.689111110379098724e-01
2.554190181234366808e+00 5.230000000000000426e+01 6.607013252705018491e-02 1.591790718730654308e-01
2.554190181234366808e+00 5.240000000000000568e+01 1.405404991930070402e-01 1.126280402497084054e-01
2.554190181234366808e+00 5.250000000000000000e+01 1.906023158696725228e-01 3.095399610824300235e-02
2.554190181234366808e+00 5.260000000000000142e+01 1.953672926465224724e-01 -7.743087761476753761e-02
2.554190181234366808e+00 5.270000000000000284e+01 1.349020426864220579e-01 -1.845504866549866063e-01
2.554190181234366808e+00 5.280000000000000426e+01 1.131693029151937743e-02 -2.465783941063024176e-01
2.554190181234366808e+00 5.290000000000000568e+01 -1.395562398004775717e-01 -2.228939354231679049e-01
2.554190181234366808e+00 5.300000000000000000e+01 -2.541600197440588849e-01 -1.046391169827064205e-01
2.554190181234366808e+00 5.310000000000000142e+01 -2.732466646251132669e-01 6.730720778932612613e-02
2.554190181234366808e+00 5.320000000000000284e+01 -1.792558540884427176e-01 2.152860633638958576e-01
2.554190181234366808e+00 5.330000000000000426e+01 -1.822494162223678785e-02 2.717019561889792434e-01
2.554190181234366808e+00 5.340000000000000568e+01 1.350343693785248378e-01 2.215986205845561219e-01
2.554190181234366808e+00 5.350000000000000000e+01 2.214633580732489337e-01 1.001174303347833194e-01
2.554190181234366808e+00 5.360000000000000142e+01 2.224049602692665939e-01 -3.447286168120744509e-02
2.554190181234366808e+00 5.370000000000000284e+01 1.564046976767426156e-01 -1.353669805318283015e-01
2.554190181234366808e+00 5.380000000000000426e+01 6.016903741586569765e-02 -1.809220384728316700e-01
2.554190181234366808e+00 5.390000000000000568e+01 -3.480369030480696957e-02 -1.751037941541664644e-01
2.554190181234366808e+00 5.400000000000000000e+01 -1.108413237651250105e-01 -1.308897620349525892e-01
2.554190181234366808e+00 5.410000000000000142e+01 -1.577247412968071083e-01 -6.104395925263293721e-02
2.554190181234366808e+00 5.420000000000000284e+01 -1.706214985521557759e-01 2.242930901714523806e-02
2.554190181234366808e+00 5.430000000000000426e+01 -1.446229151078932962e-01 1.068189564333918151e-01
2.554190181234366808e+00 5.440000000000000568e+01 -7.798435804668035765e-02 1.761196162548011035e-01
2.554190181234366808e+00 5.450000000000000000e+01 2.514072835126392527e-02 2.082030523330845595e-01
2.554190181234366808e+00 5.460000000000000142e+01 1.443488695549720591e-01 1.770794192703741554e-01
2.554190181234366808e+00 5.470000000000000284e+01 2.356398882303854247e-01 7.343395384000965531e-02
2.554190181234366808e+00 5.480000000000000426e+01 2.504702073738457879e-01 -7.879952034261013261e-02
2.554190181234366808e+00 5.490000000000000568e+01 1.646736239751117603e-01 -2.191184606518459532e-01
2.554190181234366808e+00 5.500000000000000000e+01 3.597846779378412532e-03 -2.794116773261695608e-01
2.554190181234366808e+00 5.510000000000000142e+01 -1.622876497786718275e-01 -2.259223235572168365e-01
2.554190181234366808e+00 5.520000000000000284e+01 -2.557354890931003988e-01 -8.395386934041894345e-02
2.554190181234366808e+00 5.530000000000000426e+01 -2.439722199492959653e-01 7.465761378462586195e-02
2.554190181234366808e+00 5.540000000000000568e+01 -1.493128845709399966e-01 1.847791276806893535e-01
2.554190181234366808e+00 5.550000000000000000e+01 -2.335200641757442103e-02 2.179506349572141732e-01
2.554190181234366808e+00 5.560000000000000142e+01 8.650592008553628642e-02 1.820139643245501648e-01
2.554190181234366808e+00 5.570000000000000284e+01 1.547609503943724041e-01 1.046796398477133766e-01
2.554190181234366808e+00 5.580000000000000426e+01 1.748032509464525763e-01 1.439093554113950527e-02
2.554190181234366808e+00 5.590000000000000568e+01 1.545244774066321936e-01 -6.865734894921106390e-02
2.554190181234366808e+00 5.600000000000000000e+01 1.024976010274719213e-01 -1.331042636762532205e-01
2.554190181234366808e+00 5.610000000000000142e+01 2.647084838330198212e-02 -1.701566743093019252e-01
2.554190181234366808e+00 5.620000000000000284e+01 -6.280969885081916226e-02 -1.695180304515165048e-01
2.554190181234366808e+00 5.630000000000000426e+01 -1.493926759925413850e-01 -1.232072627961230127e-01
2.554190181234366808e+00 5.640000000000000568e+01 -2.072750032672135978e-01 -3.083233286693341443e-02
2.554190181234366808e+00 5.650000000000000000e+01 -2.085452698223922707e-01 9.183068319068603269e-02
2.554190181234366808e+00 5.660000000000000142e+01 -1.330251148468294953e-01 2.068523891369836720e-01
2.554190181234366808e+00 5.670000000000000284e+01 9.514341068140124563e-03 2.614048253103078978e-01
2.554190181234366808e+00 5.680000000000000426e+01 1.663622441912863681e-01 2.156270059589923682e-01
2.554190181234366808e+00 5.690000000000000568e+01 2.663024283743701814e-01 7.745556196367818502e-02
2.554190181234366808e+00 5.700000000000000000e+01 2.587758657452047806e-01 -9.405558726563301164e-02
2.554190181234366808e+00 5.710000000000000142e+01 1.497622468651604033e-01 -2.216628977923749966e-01
2.554190181234366808e+00 5.720000000000000284e+01 -5.647233943054874410e-03 -2.537941203019046799e-01
2.554190181234366808e+00 5.730000000000000426e+01 -1.379930496193645384e-01 -1.919060356479827256e-01
2.554190181234366808e+00 5.740000000000000568e+01 -2.021967869079890900e-01 -7.869051207137857384e-02
2.554190181234366808e+00 5.750000000000000000e+01 -1.957902129102957467e-01 3.582086243901977385e-02
2.554190181234366808e+00 5.760000000000000142e+01 -1.393774224761979708e-01 1.196677631891536753e-01
2.554190181234366808e+00 5.770000000000000284e+01 -5.925432585085495252e-02 1.625446815531917388e-01
2.554190181234366808e+00 5.780000000000000426e+01 2.495484779948543494e-02 1.651590654402478875e-01
2.554190181234366808e+00 5.790000000000000568e+01 1.001048029379005277e-01 1.328882734265978971e-01
2.554190181234366808e+00 5.800000000000000000e+01 1.552972713316554954e-01 7.077312329286074288e-02
2.554190181234366808e+00 5.810000000000000142e+01 1.800466648616508014e-01 -1.416614384422918392e-02
2.554190181234366808e+00 5.820000000000000284e+01 1.602860505619344567e-01 -1.105350212227971113e-01
2.554190181234366808e+00 5.830000000000000426e+01 8.633789023719658229e-02 -1.936941538881617741e-01
2.554190181234366808e+00 5.840000000000000568e+01 -3.528087415307009506e-02 -2.277036710305768430e-01
2.554190181234366808e+00 5.850000000000000000e+01 -1.683312491245406717e-01 -1.818352190428761395e-01
2.554190181234366808e+00 5.860000000000000142e+01 -2.559531064021854929e-01 -5.481866762519440467e-02
2.554190181234366808e+00 5.870000000000000284e+01 -2.486624375510626817e-01 1.085861634816158161e-01
2.554190181234366808e+00 5.880000000000000426e+01 -1.383891777646408805e-01 2.374765922877489221e-01
2.554190181234366808e+00 5.890000000000000568e+01 2.801603446839035297e-02 2.700168135314064966e-01
2.554190181234366808e+00 5.900000000000000000e+01 1.743912440284071108e-01 1.955908309819981983e-01
2.554190181234366808e+00 5.910000000000000142e+01 2.406410494408378065e-01 5.754490959513886700e-02
2.554190181234366808e+00 5.920000000000000284e+01 2.156838055724968894e-01 -8.008806391414086123e-02
2.554190181234366808e+00 5.930000000000000426e+01 1.280366696624898326e-01 -1.690097603889107458e-01
2.554190181234366808e+00 5.940000000000000568e+01 1.994656026352055467e-02 -1.946374020550032391e-01
2.554190181234366808e+00 5.950000000000000000e+01 -7.525276588467859351e-02 -1.653915879965418279e-01
2.554190181234366808e+00 5.960000000000000142e+01 -1.387671356568484504e-01 -1.011527118070063153e-01
2.554190181234366808e+00 5.970000000000000284e+01 -1.648666470757327585e-01 -2.115446535004135431e-02
2.554190181234366808e+00 5.980000000000000426e+01 -1.547695466689702204e-01 5.976801764241166520e-02
2.554190181234366808e+00 5.990000000000000568e+01 -1.100489720839794294e-01 1.304153047535253629e-01
