2.025737040289325552e+00 0.000000000000000000e+00 1.000000000000000000e+00 -0.000000000000000000e+00
2.025737040289325552e+00 1.000000000000000056e-01 7.002836813255597370e-01 -6.051116452787814737e-01
2.025737040289325552e+00 2.000000000000000111e-01 1.871415251504742749e-01 -8.340630822514975007e-01
2.025737040289325552e+00 3.000000000000000444e-01 -2.978008069780773148e-01 -7.258668299959093462e-01
2.025737040289325552e+00 4.000000000000000222e-01 -5.907772576955365729e-01 -4.004436553039937285e-01
2.025737040289325552e+00 5.000000000000000000e-01 -6.446890146140222821e-01 -2.232713301927665914e-02
2.025737040289325552e+00 6.000000000000000888e-01 -5.108472204661458349e-01 2.803933242412228188e-01
2.025737040289325552e+00 7.000000000000000666e-01 -2.793062059750242576e-01 4.507188390648488308e-01
2.025737040289325552e+00 8.000000000000000444e-01 -2.921437400922622871e-02 4.892099459378672077e-01
2.025737040289325552e+00 9.000000000000000222e-01 1.898073133199659757e-01 4.228981953027876606e-01
2.025737040289325552e+00 1.000000000000000000e+00 3.521744223413628139e-01 2.815957042817742173e-01
2.025737040289325552e+00 1.100000000000000089e+00 4.427623751738103408e-01 8.981277441610302503e-02
2.025737040289325552e+00 1.200000000000000178e+00 4.468315388611423522e-01 -1.290035210189356407e-01
2.025737040289325552e+00 1.300000000000000044e+00 3.493400790963764879e-01 -3.422448700664612597e-01
2.025737040289325552e+00 1.400000000000000133e+00 1.460428601146737948e-01 -5.001187946980139021e-01
2.025737040289325552e+00 1.500000000000000000e+00 -1.365415307640488463e-01 -5.402618386465875000e-01
2.025737040289325552e+00 1.600000000000000089e+00 -4.254763999277247355e-01 -4.134203138743048900e-01
2.025737040289325552e+00 1.700000000000000178e+00 -6.117074372162430995e-01 -1.240669768163075448e-01
2.025737040289325552e+00 1.800000000000000044e+00 -5.981693430450905069e-01 2.427828854871785236e-01
2.025737040289325552e+00 1.900000000000000133e+00 -3.642021591315244833e-01 5.434111386021019952e-01
2.025737040289325552e+00 2.000000000000000000e+00 4.356191094710929780e-03 6.483460348839619192e-01
2.025737040289325552e+00 2.100000000000000089e+00 3.544203540984633416e-01 5.189187085847642988e-01
2.025737040289325552e+00 2.200000000000000178e+00 5.515613856159129469e-01 2.269637128983864049e-01
2.025737040289325552e+00 2.300000000000000266e+00 5.477480662575082704e-01 -9.629594196204710466e-02
2.025737040289325552e+00 2.400000000000000355e+00 3.857832536385963351e-01 -3.369211884992193706e-01
2.025737040289325552e+00 2.500000000000000000e+00 1.526051781992874556e-01 -4.438637080461171891e-01
2.025737040289325552e+00 2.600000000000000089e+00 -7.273824964459014997e-02 -4.256437248159229414e-01
2.025737040289325552e+00 2.700000000000000178e+00 -2.440741229934139112e-01 -3.201790675362097272e-01
2.025737040289325552e+00 2.800000000000000266e+00 -3.452764132457060708e-01 -1.671187614498909624e-01
2.025737040289325552e+00 2.900000000000000355e+00 -3.756498131186900014e-01 4.088113171481537293e-03
2.025737040289325552e+00 3.000000000000000000e+00 -3.374224561616492868e-01 1.724959235176636296e-01
2.025737040289325552e+00 3.100000000000000089e+00 -2.313254904895167274e-01 3.176350845751392260e-01
2.025737040289325552e+00 3.200000000000000178e+00 -6.114728536706679624e-02 4.119028734093233557e-01
2.025737040289325552e+00 3.300000000000000266e+00 1.545519844415675914e-01 4.197303939611302659e-01
2.025737040289325552e+00 3.400000000000000355e+00 3.699487684733617221e-01 3.096169460678086516e-01
2.025737040289325552e+00 3.500000000000000000e+00 5.116668403699846657e-01 7.952395655840133193e-02
2.025737040289325552e+00 3.600000000000000089e+00 5.039004644565245883e-01 -2.179531852609068177e-01
2.025737040289325552e+00 3.700000000000000178e+00 3.154521475806977282e-01 -4.769772002514098275e-01
2.025737040289325552e+00 3.800000000000000266e+00 -2.369257195185246918e-03 -5.831111143928188190e-01
2.025737040289325552e+00 3.900000000000000355e+00 -3.260706394679800391e-01 -4.809876604222643737e-01
2.025737040289325552e+00 4.000000000000000000e+00 -5.239401671594989818e-01 -2.136983759298257679e-01
2.025737040289325552e+00 4.100000000000000533e+00 -5.295057487950841635e-01 1.017024129914952529e-01
2.025737040289325552e+00 4.200000000000000178e+00 -3.689578856074410274e-01 3.439688833789372735e-01
2.025737040289325552e+00 4.299999999999999822e+00 -1.288153074245393104e-01 4.476553038788989580e-01
2.025737040289325552e+00 4.400000000000000355e+00 1.008547768771103220e-01 4.157573963652080873e-01
2.025737040289325552e+00 4.500000000000000000e+00 2.643453340824578057e-01 2.925912703272222637e-01
2.025737040289325552e+00 4.600000000000000533e+00 3.449316662912927933e-01 1.289662292431061619e-01
2.025737040289325552e+00 4.700000000000000178e+00 3.494342781066076542e-01 -3.751655823708928417e-02
2.025737040289325552e+00 4.800000000000000711e+00 2.912914319034674571e-01 -1.844787656196539005e-01
2.025737040289325552e+00 4.900000000000000355e+00 1.817593010377574203e-01 -2.973589207577477245e-01
2.025737040289325552e+00 5.000000000000000000e+00 3.037087866874495917e-02 -3.609208087736144877e-01
2.025737040289325552e+00 5.100000000000000533e+00 -1.477818322666540340e-01 -3.552896785845704453e-01
2.025737040289325552e+00 5.200000000000000178e+00 -3.221833744086385898e-01 -2.606384167367284954e-01
2.025737040289325552e+00 5.300000000000000711e+00 -4.422246505625506696e-01 -7.253100122828225194e-02
2.025737040289325552e+00 5.400000000000000355e+00 -4.483655063886483050e-01 1.774509162775704807e-01
2.025737040289325552e+00 5.500000000000000000e+00 -3.037380942906678372e-01 4.126805014987094955e-01
2.025737040289325552e+00 5.600000000000000533e+00 -3.151941500613387320e-02 5.338256234136272704e-01
2.025737040289325552e+00 5.700000000000000178e+00 2.746273650461353855e-01 4.721003706038858772e-01
2.025737040289325552e+00 5.800000000000000711e+00 4.896255787943337712e-01 2.393280092904611911e-01
2.025737040289325552e+00 5.900000000000000355e+00 5.267072631247264880e-01 -6.928613260976761168e-02
2.025737040289325552e+00 6.000000000000000000e+00 3.857035379332237057e-01 -3.285198773417244977e-01
2.025737040289325552e+00 6.100000000000000533e+00 1.433639773240384108e-01 -4.521427666489097885e-01
2.025737040289325552e+00 6.200000000000000178e+00 -1.002745400862961045e-01 -4.267055668009578362e-01
2.025737040289325552e+00 6.300000000000000711e+00 -2.735845393716523910e-01 -2.957288002081625566e-01
2.025737040289325552e+00 6.400000000000000355e+00 -3.516069057786413987e-01 -1.204422017918642257e-01
2.025737040289325552e+00 6.500000000000000000e+00 -3.438021099420093263e-01 5.048304779538428239e-02
2.025737040289325552e+00 6.600000000000000533e+00 -2.725487040080773471e-01 1.897397196417573983e-01
2.025737040289325552e+00 6.700000000000000178e+00 -1.585504115730129726e-01 2.852378883317083780e-01
2.025737040289325552e+00 6.800000000000000711e+00 -1.711052363940151338e-02 3.300085152689596346e-01
2.025737040289325552e+00 6.900000000000000355e+00 1.374653566997478538e-01 3.154087276493762193e-01
2.025737040289325552e+00 7.000000000000000000e+00 2.839632466650242604e-01 2.311920740422735432e-01
2.025737040289325552e+00 7.100000000000000533e+00 3.879798673055493974e-01 7.393884810144089881e-02
2.025737040289325552e+00 7.200000000000000178e+00 4.048381089012627609e-01 -1.377857641087312512e-01
2.025737040289325552e+00 7.300000000000000711e+00 2.982870300901192540e-01 -3.509499379831508281e-01
2.025737040289325552e+00 7.400000000000000355e+00 7.129502549166139014e-02 -4.845105941622488976e-01
2.025737040289325552e+00 7.500000000000000000e+00 -2.123220711152041251e-01 -4.650553322093008979e-01
2.025737040289325552e+00 7.600000000000000533e+00 -4.429823312339533636e-01 -2.764347058410684399e-01
2.025737040289325552e+00 7.700000000000000178e+00 -5.207182863016933672e-01 1.561126453000302727e-02
2.025737040289325552e+00 7.800000000000000711e+00 -4.150133958882228913e-01 2.924075640720337765e-01
2.025737040289325552e+00 7.900000000000000355e+00 -1.813943036222182281e-01 4.487536883971273705e-01
2.025737040289325552e+00 8.000000000000000000e+00 7.757853494840009911e-02 4.463639654019462277e-01
2.025737040289325552e+00 8.099999999999999645e+00 2.721856991756341215e-01 3.181110086169058326e-01
2.025737040289325552e+00 8.200000000000001066e+00 3.616349482251015601e-01 1.318259499812675650e-01
2.025737040289325552e+00 8.300000000000000711e+00 3.517563991139652235e-01 -5.046722661889378736e-02
2.025737040289325552e+00 8.400000000000000355e+00 2.714540977485609963e-01 -1.922520861875323950e-01
2.025737040289325552e+00 8.500000000000000000e+00 1.509974322906271760e-01 -2.803278929357895799e-01
2.025737040289325552e+00 8.599999999999999645e+00 1.264696905005493859e-02 -3.132337499275352211e-01
2.025737040289325552e+00 8.700000000000001066e+00 -1.279176625813265855e-01 -2.912095782071363326e-01
2.025737040289325552e+00 8.800000000000000711e+00 -2.548393579119778152e-01 -2.124715538323376784e-01
2.025737040289325552e+00 8.900000000000000355e+00 -3.452353730219982486e-01 -7.685568501566213129e-02
2.025737040289325552e+00 9.000000000000000000e+00 -3.675403498582821005e-01 1.039561052319326745e-01
2.025737040289325552e+00 9.099999999999999645e+00 -2.907650164459271158e-01 2.945251597309433422e-01
2.025737040289325552e+00 9.200000000000001066e+00 -1.063295419111021517e-01 4.329886679041939912e-01
2.025737040289325552e+00 9.300000000000000711e+00 1.479273491719754474e-01 4.502894865372821798e-01
2.025737040289325552e+00 9.400000000000000355e+00 3.847395069302808057e-01 3.106975888513019424e-01
2.025737040289325552e+00 9.500000000000000000e+00 5.024377461488055419e-01 4.805746125378115158e-02
2.025737040289325552e+00 9.600000000000001421e+00 4.435489891638974003e-01 -2.374619367066151121e-01
2.025737040289325552e+00 9.700000000000001066e+00 2.334413111805164198e-01 -4.306296849532952331e-01
2.025737040289325552e+00 9.800000000000000711e+00 -3.470526382011618338e-02 -4.653157584979452088e-01
2.025737040289325552e+00 9.900000000000000355e+00 -2.566603526254050971e-01 -3.530105265437922246e-01
2.025737040289325552e+00 1.000000000000000000e+01 -3.699933864577637510e-01 -1.601923491792860144e-01
2.025737040289325552e+00 1.010000000000000142e+01 -3.687865939079247313e-01 3.798974554856632962e-02
2.025737040289325552e+00 1.020000000000000107e+01 -2.841366995804935347e-01 1.912762334369288997e-01
2.025737040289325552e+00 1.030000000000000071e+01 -1.557319326280277305e-01 2.807349241544248586e-01
2.025737040289325552e+00 1.040000000000000036e+01 -1.467539557431582833e-02 3.075247368629581701e-01
2.025737040289325552e+00 1.050000000000000000e+01 1.196525898234077900e-01 2.792000693758964758e-01
2.025737040289325552e+00 1.060000000000000142e+01 2.337580511967606300e-01 2.019190339478588725e-01
2.025737040289325552e+00 1.070000000000000107e+01 3.127782342254341041e-01 8.015730098077610000e-02
2.025737040289325552e+00 1.080000000000000071e+01 3.360425024612817557e-01 -7.694592800876169647e-02
2.025737040289325552e+00 1.090000000000000036e+01 2.801726996675787951e-01 -2.457785919513403861e-01
2.025737040289325552e+00 1.100000000000000000e+01 1.324036007978835194e-01 -3.816528834641260692e-01
2.025737040289325552e+00 1.110000000000000142e+01 -8.847636635103052483e-02 -4.260687302219033357e-01
2.025737040289325552e+00 1.120000000000000107e+01 -3.195853063790335402e-01 -3.339912281809235273e-01
2.025737040289325552e+00 1.130000000000000071e+01 -4.688292618808464485e-01 -1.114167949515992156e-01
2.025737040289325552e+00 1.140000000000000036e+01 -4.613212949247683659e-01 1.686003572356450098e-01
2.025737040289325552e+00 1.150000000000000000e+01 -2.897766026861396949e-01 3.938664927121150461e-01
2.025737040289325552e+00 1.160000000000000142e+01 -2.516900910651191647e-02 4.747063268488519450e-01
2.025737040289325552e+00 1.170000000000000107e+01 2.233606601253502189e-01 3.933212814806877344e-01
2.025737040289325552e+00 1.180000000000000071e+01 3.704913107281770368e-01 2.033595115367429207e-01
2.025737040289325552e+00 1.190000000000000036e+01 3.900720579146296774e-01 -1.139205244999824500e-02
2.025737040289325552e+00 1.200000000000000000e+01 3.081138815584815172e-01 -1.839898645078253681e-01
2.025737040289325552e+00 1.210000000000000142e+01 1.719873432006836789e-01 -2.837383759078233036e-01
2.025737040289325552e+00 1.220000000000000107e+01 2.330091311203802765e-02 -3.106078502644908368e-01
2.025737040289325552e+00 1.230000000000000071e+01 -1.116896882737607871e-01 -2.776713147737944198e-01
2.025737040289325552e+00 1.240000000000000036e+01 -2.192320180548793795e-01 -1.989462071379589636e-01
2.025737040289325552e+00 1.250000000000000000e+01 -2.896871394091214968e-01 -8.444745377940997277e-02
2.025737040289325552e+00 1.260000000000000142e+01 -3.111477067432936172e-01 5.588411020205501928e-02
2.025737040289325552e+00 1.270000000000000107e+01 -2.682357749652776180e-01 2.057821568234979859e-01
2.025737040289325552e+00 1.280000000000000071e+01 -1.493848266880812570e-01 3.339009975696368149e-01
2.025737040289325552e+00 1.290000000000000036e+01 3.842473630176793803e-02 3.947835817364045430e-01
2.025737040289325552e+00 1.300000000000000000e+01 2.539100285334613405e-01 3.433280376127311184e-01
2.025737040289325552e+00 1.310000000000000142e+01 4.217328006100171667e-01 1.659200132179589893e-01
2.025737040289325552e+00 1.320000000000000107e+01 4.624550306002206401e-01 -9.365136675873110550e-02
2.025737040289325552e+00 1.330000000000000071e+01 3.401498221239572795e-01 -3.388132651765281000e-01
2.025737040289325552e+00 1.340000000000000036e+01 9.574082314782784986e-02 -4.674876096800607561e-01
2.025737040289325552e+00 1.350000000000000000e+01 -1.710822971210832211e-01 -4.304361350271608821e-01
2.025737040289325552e+00 1.360000000000000142e+01 -3.568346122955354804e-01 -2.573540024846505681e-01
2.025737040289325552e+00 1.370000000000000107e+01 -4.095770375496426974e-01 -3.062505769195824484e-02
2.025737040289325552e+00 1.380000000000000071e+01 -3.404853165024964712e-01 1.664083985659788600e-01
2.025737040289325552e+00 1.390000000000000036e+01 -1.995921553684998073e-01 2.856916774630948730e-01
2.025737040289325552e+00 1.400000000000000000e+01 -3.998929745684275117e-02 3.200837587346492263e-01
2.025737040289325552e+00 1.410000000000000142e+01 1.023168849391811186e-01 2.855116114668753702e-01
2.025737040289325552e+00 1.420000000000000107e+01 2.095206536034564804e-01 2.035143540062152312e-01
2.025737040289325552e+00 1.430000000000000071e+01 2.749683249442452793e-01 9.122114954039084456e-02
2.025737040289325552e+00 1.440000000000000036e+01 2.934784826161748739e-01 -3.918672913686714609e-02
2.025737040289325552e+00 1.450000000000000000e+01 2.574328608343053326e-01 -1.741553515905845395e-01
2.025737040289325552e+00 1.460000000000000142e+01 1.593074653466171886e-01 -2.923926882320824761e-01
2.025737040289325552e+00 1.470000000000000107e+01 6.180032725214178657e-04 -3.606594959287890978e-01
2.025737040289325552e+00 1.480000000000000071e+01 -1.934092422830483993e-01 -3.398359726062119002e-01
2.025737040289325552e+00 1.490000000000000036e+01 -3.666189617284499325e-01 -2.063363701169935727e-01
2.025737040289325552e+00 1.500000000000000000e+01 -4.454705879955457304e-01 2.128208627306655762e-02
2.025737040289325552e+00 1.510000000000000142e+01 -3.763698659751127384e-01 2.704087182364912079e-01
2.025737040289325552e+00 1.520000000000000107e+01 -1.677045000901131733e-01 4.398559053149134201e-01
2.025737040289325552e+00 1.530000000000000071e+01 1.021514377458239142e-01 4.556269199335792330e-01
2.025737040289325552e+00 1.540000000000000036e+01 3.244029454655792399e-01 3.153490708115375130e-01
2.025737040289325552e+00 1.550000000000000000e+01 4.200698800286876144e-01 8.738454894292210784e-02
2.025737040289325552e+00 1.560000000000000142e+01 3.767349030142886357e-01 -1.344319057582161470e-01
2.025737040289325552e+00 1.570000000000000107e+01 2.380710261844488362e-01 -2.818172742582952806e-01
2.025737040289325552e+00 1.580000000000000071e+01 6.642756659426443666e-02 -3.327971164028261097e-01
2.025737040289325552e+00 1.590000000000000036e+01 -8.879225475129952361e-02 -3.015782488874003686e-01
2.025737040289325552e+00 1.600000000000000000e+01 -2.023936749881766473e-01 -2.162241884856199725e-01
2.025737040289325552e+00 1.610000000000000142e+01 -2.672912567330454903e-01 -1.017282248559820690e-01
2.025737040289325552e+00 1.619999999999999929e+01 -2.833245786585033565e-01 2.461497809504727130e-02
2.025737040289325552e+00 1.630000000000000071e+01 -2.500340408243355017e-01 1.497137048807285764e-01
2.025737040289325552e+00 1.640000000000000213e+01 -1.651896965446233434e-01 2.584011869544139417e-01
2.025737040289325552e+00 1.650000000000000000e+01 -2.968164802533867705e-02 3.277079857706524657e-01
2.025737040289325552e+00 1.660000000000000142e+01 1.416034672360170776e-01 3.272418547042046932e-01
2.025737040289325552e+00 1.669999999999999929e+01 3.096388942987902126e-01 2.313544048033950029e-01
2.025737040289325552e+00 1.680000000000000071e+01 4.135037081978084617e-01 4.120306041944248737e-02
2.025737040289325552e+00 1.690000000000000213e+01 3.937849286860653497e-01 -1.962128837609748155e-01
2.025737040289325552e+00 1.700000000000000000e+01 2.317472483603934263e-01 -3.932247965495314634e-01
2.025737040289325552e+00 1.710000000000000142e+01 -2.366216514149612621e-02 -4.621049675742502916e-01
2.025737040289325552e+00 1.719999999999999929e+01 -2.717478844185304276e-01 -3.685909106726113493e-01
2.025737040289325552e+00 1.730000000000000071e+01 -4.146721934258466025e-01 -1.551102320801541756e-01
2.025737040289325552e+00 1.740000000000000213e+01 -4.101885662262893528e-01 8.599783968777163778e-02
2.025737040289325552e+00 1.750000000000000000e+01 -2.847302735267053242e-01 2.668123029542661118e-01
2.025737040289325552e+00 1.760000000000000142e+01 -1.040784047658314254e-01 3.443136219109342866e-01
2.025737040289325552e+00 1.769999999999999929e+01 6.834624819003558283e-02 3.239186657643852163e-01
2.025737040289325552e+00 1.780000000000000071e+01 1.951439577829937599e-01 2.370469423490433047e-01
2.025737040289325552e+00 1.790000000000000213e+01 2.648412184608575637e-01 1.174467671485586728e-01
2.025737040289325552e+00 1.800000000000000000e+01 2.802451932964087900e-01 -1.030138900716101764e-02
2.025737040289325552e+00 1.810000000000000142e+01 2.473582412437465017e-01 -1.307777047000758808e-01
2.025737040289325552e+00 1.819999999999999929e+01 1.699671855218916339e-01 -2.320822484475251191e-01
2.025737040289325552e+00 1.830000000000000071e+01 5.099681458730459527e-02 -2.990742528499804598e-01
2.025737040289325552e+00 1.840000000000000213e+01 -9.986981604149747227e-02 -3.102516556161740713e-01
2.025737040289325552e+00 1.850000000000000000e+01 -2.564995496389079199e-01 -2.432545200029017640e-01
2.025737040289325552e+00 1.860000000000000142e+01 -3.725156136269875962e-01 -8.997549544604734051e-02
2.025737040289325552e+00 1.869999999999999929e+01 -3.922655688394868223e-01 1.242399724787051213e-01
2.025737040289325552e+00 1.880000000000000071e+01 -2.804786694761480237e-01 3.323743791776970768e-01
2.025737040289325552e+00 1.890000000000000213e+01 -5.579760796189477817e-02 4.469601105089331949e-01
2.025737040289325552e+00 1.900000000000000000e+01 2.020474788082971818e-01 4.083542197150677455e-01
2.025737040289325552e+00 1.910000000000000142e+01 3.885560545976664559e-01 2.264061034961446783e-01
2.025737040289325552e+00 1.920000000000000284e+01 4.335020291636862977e-01 -2.123987296137391095e-02
2.025737040289325552e+00 1.930000000000000071e+01 3.361086988437637091e-01 -2.352959259754976995e-01
2.025737040289325552e+00 1.940000000000000213e+01 1.542648085470406938e-01 -3.487836670257292160e-01
2.025737040289325552e+00 1.950000000000000000e+01 -3.711880430085612997e-02 -3.494042963987795125e-01
2.025737040289325552e+00 1.960000000000000142e+01 -1.839217009827635863e-01 -2.659129123999811606e-01
2.025737040289325552e+00 1.970000000000000284e+01 -2.652011024893070612e-01 -1.405010270581231735e-01
2.025737040289325552e+00 1.980000000000000071e+01 -2.838792964748321213e-01 -6.792334713101458657e-03
2.025737040289325552e+00 1.990000000000000213e+01 -2.509791753943201309e-01 1.143717691954281024e-01
2.025737040289325552e+00 2.000000000000000000e+01 -1.763868110084599039e-01 2.121509602788257676e-01
2.025737040289325552e+00 2.010000000000000142e+01 -6.752943397009557314e-02 2.763074515643886286e-01
2.025737040289325552e+00 2.020000000000000284e+01 6.687005651537465678e-02 2.932055639759503785e-01
2.025737040289325552e+00 2.030000000000000071e+01 2.098791772082701790e-01 2.461718792450518223e-01
2.025737040289325552e+00 2.040000000000000213e+01 3.282191243328791419e-01 1.248630593250695114e-01
2.025737040289325552e+00 2.050000000000000000e+01 3.756494079616283788e-01 -6.081552092927736131e-02
2.025737040289325552e+00 2.060000000000000142e+01 3.104703087877730416e-01 -2.650515507629654932e-01
2.025737040289325552e+00 2.070000000000000284e+01 1.273836252281965453e-01 -4.115074718113787555e-01
2.025737040289325552e+00 2.080000000000000071e+01 -1.219098541742796860e-01 -4.278907443509747388e-01
2.025737040289325552e+00 2.090000000000000213e+01 -3.406385485114869494e-01 -2.924020950857897927e-01
2.025737040289325552e+00 2.100000000000000000e+01 -4.386866451346960183e-01 -5.592050850982821508e-02
2.025737040289325552e+00 2.110000000000000142e+01 -3.837320389480868288e-01 1.845155132198653403e-01
2.025737040289325552e+00 2.120000000000000284e+01 -2.142095532327663865e-01 3.398191416460190628e-01
2.025737040289325552e+00 2.130000000000000071e+01 -7.865118167103045746e-03 3.729118647987217927e-01
2.025737040289325552e+00 2.140000000000000213e+01 1.640435661577265558e-01 3.016625515016019832e-01
2.025737040289325552e+00 2.150000000000000000e+01 2.651414208400537098e-01 1.721275318940725385e-01
2.025737040289325552e+00 2.160000000000000142e+01 2.924878707629502972e-01 2.905625571963603784e-02
2.025737040289325552e+00 2.170000000000000284e+01 2.607018648037356390e-01 -9.850247218216608147e-02
2.025737040289325552e+00 2.180000000000000071e+01 1.866032036187058041e-01 -1.970444872668883352e-01
2.025737040289325552e+00 2.190000000000000213e+01 8.312157129548819468e-02 -2.595862660590380622e-01
2.025737040289325552e+00 2.200000000000000000e+01 -4.060245518926964420e-02 -2.788780522284209362e-01
2.025737040289325552e+00 2.210000000000000142e+01 -1.712301123110986922e-01 -2.449341770216441061e-01
2.025737040289325552e+00 2.220000000000000284e+01 -2.859345749287008909e-01 -1.478631641700179633e-01
2.025737040289325552e+00 2.230000000000000071e+01 -3.494247207157425983e-01 9.188607078464442954e-03
2.025737040289325552e+00 2.240000000000000213e+01 -3.220305341004387478e-01 1.984754346366288669e-01
2.025737040289325552e+00 2.250000000000000000e+01 -1.840974780405315869e-01 3.612674528153843601e-01
2.025737040289325552e+00 2.260000000000000142e+01 4.009908297828642526e-02 4.249305038952009839e-01
2.025737040289325552e+00 2.270000000000000284e+01 2.742139808131394685e-01 3.444401328245500493e-01
2.025737040289325552e+00 2.280000000000000071e+01 4.213169208351200123e-01 1.369187079631655757e-01
2.025737040289325552e+00 2.290000000000000213e+01 4.199875960559081856e-01 -1.155413603288797525e-01
2.025737040289325552e+00 2.300000000000000000e+01 2.783313530996163188e-01 -3.118532024031032690e-01
2.025737040289325552e+00 2.310000000000000142e+01 6.682322153217304384e-02 -3.879443944319511672e-01
2.025737040289325552e+00 2.320000000000000284e+01 -1.311941826368384079e-01 -3.402982699236561381e-01
2.025737040289325552e+00 2.330000000000000071e+01 -2.596084173442603782e-01 -2.130432748739807536e-01
2.025737040289325552e+00 2.340000000000000213e+01 -3.034561536513340485e-01 -5.920425211282386718e-02
2.025737040289325552e+00 2.350000000000000000e+01 -2.769840809540020099e-01 7.998567687902632950e-02
2.025737040289325552e+00 2.360000000000000142e+01 -2.020518027758587964e-01 1.849686762921033678e-01
2.025737040289325552e+00 2.370000000000000284e+01 -9.921457275544001697e-02 2.487112600930255768e-01
2.025737040289325552e+00 2.380000000000000071e+01 1.882271749757520249e-02 2.689233455755817848e-01
2.025737040289325552e+00 2.390000000000000213e+01 1.397852263226952163e-01 2.421107911457581752e-01
2.025737040289325552e+00 2.400000000000000000e+01 2.485024558706526165e-01 1.628756716852898245e-01
2.025737040289325552e+00 2.410000000000000142e+01 3.190327706847122524e-01 3.076269864984074176e-02
2.025737040289325552e+00 2.420000000000000284e+01 3.196636890535231590e-01 -1.388394261443075539e-01
2.025737040289325552e+00 2.430000000000000071e+01 2.227551230876752830e-01 -3.038668219847805441e-01
2.025737040289325552e+00 2.440000000000000213e+01 3.353451212100388296e-02 -4.021599002142747792e-01
2.025737040289325552e+00 2.450000000000000000e+01 -1.974450174229523403e-01 -3.748606125483804341e-01
2.025737040289325552e+00 2.460000000000000142e+01 -3.808139319775405429e-01 -2.118800600884849228e-01
2.025737040289325552e+00 2.470000000000000284e+01 -4.362508654878388126e-01 3.383524554032912857e-02
2.025737040289325552e+00 2.480000000000000071e+01 -3.390360312842276014e-01 2.620690335033662444e-01
2.025737040289325552e+00 2.490000000000000213e+01 -1.373602599298791582e-01 3.873425238890347289e-01
2.025737040289325552e+00 2.500000000000000000e+01 8.242871775180030114e-02 3.766612708592607106e-01
2.025737040289325552e+00 2.510000000000000142e+01 2.437023476213124595e-01 2.614930781050629482e-01
2.025737040289325552e+00 2.520000000000000284e+01 3.134048375872982017e-01 9.893195414886649108e-02
2.025737040289325552e+00 2.530000000000000071e+01 2.976948548339941047e-01 -5.565883807906552710e-02
2.025737040289325552e+00 2.540000000000000213e+01 2.239699980359764475e-01 -1.730125956673564391e-01
2.025737040289325552e+00 2.550000000000000000e+01 1.183482840648618500e-01 -2.419950257270526428e-01
2.025737040289325552e+00 2.560000000000000142e+01 1.689796954086268460e-03 -2.643950256113995478e-01
2.025737040289325552e+00 2.570000000000000284e+01 -1.146149613859345912e-01 -2.413120619923697918e-01
2.025737040289325552e+00 2.580000000000000071e+01 -2.170532816958243849e-01 -1.732405493428244014e-01
2.025737040289325552e+00 2.590000000000000213e+01 -2.900379283956173726e-01 -6.041592542750930106e-02
2.025737040289325552e+00 2.600000000000000000e+01 -3.070892896299368124e-01 8.887079476045500748e-02
2.025737040289325552e+00 2.610000000000000142e+01 -2.450142754956428359e-01 2.465743607675767168e-01
2.025737040289325552e+00 2.620000000000000284e+01 -9.312021258889244257e-02 3.644102390044027806e-01
2.025737040289325552e+00 2.630000000000000071e+01 1.189427269067337423e-01 3.830881085246587991e-01
2.025737040289325552e+00 2.640000000000000213e+01 3.217503642986840329e-01 2.718535532073843575e-01
2.025737040289325552e+00 2.650000000000000000e+01 4.285132277584552951e-01 5.173454269712118164e-02
2.025737040289325552e+00 2.660000000000000142e+01 3.863445830029391126e-01 -1.927724497779781387e-01
2.025737040289325552e+00 2.670000000000000284e+01 2.125235109954528023e-01 -3.653508646460303377e-01
2.025737040289325552e+00 2.680000000000000071e+01 -1.791997791623504283e-02 -4.030607706476606045e-01
2.025737040289325552e+00 2.690000000000000213e+01 -2.124757603684212792e-01 -3.129386732518106840e-01
2.025737040289325552e+00 2.700000000000000000e+01 -3.169361703136026609e-01 -1.493786896398288100e-01
2.025737040289325552e+00 2.710000000000000142e+01 -3.208019580574711926e-01 2.278841156000123436e-02
2.025737040289325552e+00 2.720000000000000284e+01 -2.518494562055231256e-01 1.573164320581174058e-01
2.025737040289325552e+00 2.730000000000000071e+01 -1.432360701751868581e-01 2.383652886666410564e-01
2.025737040289325552e+00 2.740000000000000213e+01 -2.247406387194001223e-02 2.644220918483726757e-01
2.025737040289325552e+00 2.750000000000000000e+01 9.270248478188862495e-02 2.442735939472434892e-01
2.025737040289325552e+00 2.760000000000000142e+01 1.927018538982329943e-01 1.822210951798590439e-01
2.025737040289325552e+00 2.770000000000000284e+01 2.638063812743566827e-01 8.202638573265182143e-02
2.025737040289325552e+00 2.780000000000000071e+01 2.911705646107732859e-01 -4.901112186011526151e-02
2.025737040289325552e+00 2.790000000000000213e+01 2.531393523094415121e-01 -1.952318530481037540e-01
2.025737040289325552e+00 2.800000000000000000e+01 1.360796477088361545e-01 -3.187874015790971849e-01
2.025737040289325552e+00 2.810000000000000142e+01 -4.783684511690646651e-02 -3.719335054640964255e-01
2.025737040289325552e+00 2.820000000000000284e+01 -2.524455737607372297e-01 -3.104385783355722017e-01
2.025737040289325552e+00 2.830000000000000071e+01 -3.968461269677703296e-01 -1.306210429323265143e-01
2.025737040289325552e+00 2.840000000000000213e+01 -4.132220286854629832e-01 1.105115361932130086e-01
2.025737040289325552e+00 2.850000000000000000e+01 -2.833220356585602340e-01 3.204014131915310926e-01
2.025737040289325552e+00 2.860000000000000142e+01 -5.962173656003328520e-02 4.119020058567811060e-01
2.025737040289325552e+00 2.870000000000000284e+01 1.631140955520445079e-01 3.617557144575897499e-01
2.025737040289325552e+00 2.880000000000000071e+01 3.082322784143100569e-01 2.082954923588409557e-01
2.025737040289325552e+00 2.890000000000000213e+01 3.424304216452135341e-01 2.147425130032784915e-02
2.025737040289325552e+00 2.900000000000000000e+01 2.845682442991689376e-01 -1.352569726558476848e-01
2.025737040289325552e+00 2.910000000000000142e+01 1.743361170340136379e-01 -2.337963592863724072e-01
2.025737040289325552e+00 2.920000000000000284e+01 4.663394431151723918e-02 -2.691103852253594053e-01
2.025737040289325552e+00 2.930000000000000071e+01 -7.266388146529606518e-02 -2.511602478669854310e-01
2.025737040289325552e+00 2.940000000000000213e+01 -1.722308074848058479e-01 -1.929797232093920512e-01
2.025737040289325552e+00 2.950000000000000000e+01 -2.435108771109012749e-01 -1.005473738395708527e-01
2.025737040289325552e+00 2.960000000000000142e+01 -2.746226219356073805e-01 1.800009596441965593e-02
2.025737040289325552e+00 2.970000000000000284e+01 -2.535449902773826425e-01 1.504304256741437473e-01
2.025737040289325552e+00 2.980000000000000071e+01 -1.652675152007908876e-01 2.738397322139253243e-01
2.025737040289325552e+00 2.990000000000000213e+01 -9.751187593616495938e-03 3.466057563795456598e-01
2.025737040289325552e+00 3.000000000000000000e+01 1.812680302381667330e-01 3.272005618176012653e-01
2.025737040289325552e+00 3.010000000000000142e+01 3.478714075464880984e-01 1.944304399140350803e-01
2.025737040289325552e+00 3.020000000000000284e+01 4.148120279093243656e-01 -2.661807556918281692e-02
2.025737040289325552e+00 3.030000000000000071e+01 3.385318121806387137e-01 -2.544027649462280438e-01
2.025737040289325552e+00 3.040000000000000213e+01 1.424924265843492965e-01 -3.969688360465558619e-01
2.025737040289325552e+00 3.050000000000000000e+01 -9.580797357026778205e-02 -3.994177167577458998e-01
2.025737040289325552e+00 3.060000000000000142e+01 -2.807582836394225123e-01 -2.711714350065955181e-01
2.025737040289325552e+00 3.070000000000000284e+01 -3.552981484202542006e-01 -7.957298632701623187e-02
2.025737040289325552e+00 3.080000000000000071e+01 -3.210150971165265377e-01 1.017620252672362252e-01
2.025737040289325552e+00 3.090000000000000213e+01 -2.126433664191264561e-01 2.251855808807151638e-01
2.025737040289325552e+00 3.100000000000000000e+01 -7.688609295512084663e-02 2.754046043459732473e-01
2.025737040289325552e+00 3.110000000000000142e+01 5.110352813903241281e-02 2.636600513505456544e-01
2.025737040289325552e+00 3.120000000000000284e+01 1.556585434008663227e-01 2.066202845891714768e-01
2.025737040289325552e+00 3.130000000000000071e+01 2.279131103916057499e-01 1.173172232497833728e-01
2.025737040289325552e+00 3.140000000000000213e+01 2.611356423137388694e-01 6.992191086648104521e-03
2.025737040289325552e+00 3.150000000000000000e+01 2.495084413175554794e-01 -1.144777438232711803e-01
2.025737040289325552e+00 3.160000000000000142e+01 1.822262311130378176e-01 -2.315956375430295588e-01
2.025737040289325552e+00 3.170000000000000284e+01 5.443675396027589791e-02 -3.144519267075920887e-01
2.025737040289325552e+00 3.180000000000000071e+01 -1.163201979966006633e-01 -3.261949648569026361e-01
2.025737040289325552e+00 3.190000000000000213e+01 -2.874979748946797642e-01 -2.383165949834433750e-01
2.025737040289325552e+00 3.200000000000000000e+01 -3.937682109046874435e-01 -5.288760036767155281e-02
2.025737040289325552e+00 3.210000000000000142e+01 -3.736618023713914050e-01 1.760044050728577780e-01
2.025737040289325552e+00 3.220000000000000284e+01 -2.193691107975897781e-01 3.581090627086566114e-01
2.025737040289325552e+00 3.230000000000000426e+01 1.335586034785361809e-02 4.171002256244306095e-01
2.025737040289325552e+00 3.239999999999999858e+01 2.326360720342810773e-01 3.317416733763196568e-01
2.025737040289325552e+00 3.250000000000000000e+01 3.548776381451465012e-01 1.472757069195951840e-01
2.025737040289325552e+00 3.260000000000000142e+01 3.535314701710634000e-01 -5.453799251982423962e-02
2.025737040289325552e+00 3.270000000000000284e+01 2.573503359027940474e-01 -2.067528411024086021e-01
2.025737040289325552e+00 3.280000000000000426e+01 1.153672561200893287e-01 -2.809556397391516080e-01
2.025737040289325552e+00 3.289999999999999858e+01 -2.613020561838689734e-02 -2.799053405246516579e-01
2.025737040289325552e+00 3.300000000000000000e+01 -1.393977126514276688e-01 -2.242844755725821593e-01
2.025737040289325552e+00 3.310000000000000142e+01 -2.155099840622753948e-01 -1.364989637900718145e-01
2.025737040289325552e+00 3.320000000000000284e+01 -2.520855642644393435e-01 -2.958153356458928865e-02
2.025737040289325552e+00 3.330000000000000426e+01 -2.458558972657581554e-01 8.544427430030897275e-02
2.025737040289325552e+00 3.339999999999999858e+01 -1.919767226248257352e-01 1.949281792640601696e-01
2.025737040289325552e+00 3.350000000000000000e+01 -8.810951144132365964e-02 2.806558736209308624e-01
2.025737040289325552e+00 3.360000000000000142e+01 6.060191913924007495e-02 3.137029675260406547e-01
2.025737040289325552e+00 3.370000000000000284e+01 2.265711354053497328e-01 2.631215826454350593e-01
2.025737040289325552e+00 3.380000000000000426e+01 3.542976003834141796e-01 1.172619688015508199e-01
2.025737040289325552e+00 3.389999999999999858e+01 3.844108008770714124e-01 -9.358237370141102296e-02
2.025737040289325552e+00 3.400000000000000000e+01 2.827586898191291054e-01 -2.983449544052903524e-01
2.025737040289325552e+00 3.410000000000000142e+01 7.243658656636201010e-02 -4.111564948439144218e-01
2.025737040289325552e+00 3.420000000000000284e+01 -1.644627086295954166e-01 -3.787332478820680803e-01
2.025737040289325552e+00 3.430000000000000426e+01 -3.327348887525926058e-01 -2.203892872164815164e-01
2.025737040289325552e+00 3.439999999999999858e+01 -3.774403211988603957e-01 -8.885879553273854856e-03
2.025737040289325552e+00 3.450000000000000000e+01 -3.051014226575005095e-01 1.753436543962043070e-01
2.025737040289325552e+00 3.460000000000000142e+01 -1.624132353064855205e-01 2.802531104435123654e-01
2.025737040289325552e+00 3.470000000000000284e+01 -7.498002303836526390e-03 2.975405490329995351e-01
2.025737040289325552e+00 3.480000000000000426e+01 1.202838967344461996e-01 2.479240103550120200e-01
2.025737040289325552e+00 3.489999999999999858e+01 2.060327447336466056e-01 1.593526486341368398e-01
2.025737040289325552e+00 3.500000000000000000e+01 2.468974777501970752e-01 5.165598605891060652e-02
2.025737040289325552e+00 3.510000000000000142e+01 2.444779524274498794e-01 -6.012899725195498118e-02
2.025737040289325552e+00 3.520000000000000284e+01 1.993910842843937548e-01 -1.649197405679770079e-01
2.025737040289325552e+00 3.530000000000000426e+01 1.118900745601227875e-01 -2.496272540679416729e-01
2.025737040289325552e+00 3.539999999999999858e+01 -1.660618582982439570e-02 -2.941930821723192646e-01
2.025737040289325552e+00 3.550000000000000000e+01 -1.687582524663894523e-01 -2.721734498686304016e-01
2.025737040289325552e+00 3.560000000000000142e+01 -3.059683337863307595e-01 -1.645743698832398683e-01
2.025737040289325552e+00 3.570000000000000284e+01 -3.727773814631593630e-01 1.787234011852766036e-02
2.025737040289325552e+00 3.580000000000000426e+01 -3.239172647266012617e-01 2.258590385927188027e-01
2.025737040289325552e+00 3.589999999999999858e+01 -1.541176801955841669e-01 3.789395627223758889e-01
2.025737040289325552e+00 3.600000000000000000e+01 8.151375924700718367e-02 4.059720671322430974e-01
2.025737040289325552e+00 3.610000000000000142e+01 2.876379601184655410e-01 2.897766876581251427e-01
2.025737040289325552e+00 3.620000000000000284e+01 3.844680828935091443e-01 8.395967751738998841e-02
2.025737040289325552e+00 3.630000000000000426e+01 3.495949319174975201e-01 -1.257401665773439647e-01
2.025737040289325552e+00 3.639999999999999858e+01 2.183299895793936740e-01 -2.676699126901048720e-01
2.025737040289325552e+00 3.650000000000000000e+01 5.154480123939959163e-02 -3.137787692469813927e-01
2.025737040289325552e+00 3.660000000000000142e+01 -9.579699209060538179e-02 -2.760847389193289980e-01
2.025737040289325552e+00 3.670000000000000284e+01 -1.964400760817935354e-01 -1.871315320418758255e-01
2.025737040289325552e+00 3.680000000000000426e+01 -2.450408034939802193e-01 -7.660133255273286756e-02
2.025737040289325552e+00 3.689999999999999858e+01 -2.471121098486248335e-01 3.642297845757191260e-02
2.025737040289325552e+00 3.700000000000000000e+01 -2.072490545739690826e-01 1.401618700180443655e-01
2.025737040289325552e+00 3.710000000000000142e+01 -1.295332712696559141e-01 2.235250681116872085e-01
2.025737040289325552e+00 3.720000000000000284e+01 -1.728336272011691405e-02 2.731323715227615967e-01
2.025737040289325552e+00 3.730000000000000426e+01 1.188257617144721917e-01 2.701989677602542050e-01
2.025737040289325552e+00 3.739999999999999858e+01 2.544239240133355229e-01 1.956940212454362782e-01
2.025737040289325552e+00 3.750000000000000000e+01 3.450507690228131197e-01 4.540151127637927914e-02
2.025737040289325552e+00 3.760000000000000142e+01 3.417793663699152384e-01 -1.505334956821182124e-01
2.025737040289325552e+00 3.770000000000000284e+01 2.197768988469417373e-01 -3.266540202111103963e-01
2.025737040289325552e+00 3.780000000000000426e+01 6.839045551865886516e-03 -4.066258502103812789e-01
2.025737040289325552e+00 3.789999999999999858e+01 -2.202910090493983841e-01 -3.464010247393674025e-01
2.025737040289325552e+00 3.800000000000000000e+01 -3.686771654690090827e-01 -1.653286217671166014e-01
2.025737040289325552e+00 3.810000000000000142e+01 -3.838712742895422081e-01 5.934631777689338555e-02
2.025737040289325552e+00 3.820000000000000284e+01 -2.766443516594229712e-01 2.391854931931151895e-01
2.025737040289325552e+00 3.830000000000000426e+01 -1.069399473984508353e-01 3.218963174823740725e-01
2.025737040289325552e+00 3.840000000000000568e+01 6.054305414472854058e-02 3.061333233086607208e-01
2.025737040289325552e+00 3.850000000000000000e+01 1.827849150901074970e-01 2.216701141867972180e-01
2.025737040289325552e+00 3.860000000000000142e+01 2.455976896070847515e-01 1.057457960879299025e-01
2.025737040289325552e+00 3.870000000000000284e+01 2.531640319245549442e-01 -1.338003766895795067e-02
2.025737040289325552e+00 3.880000000000000426e+01 2.168900030969795056e-01 -1.186358970151044218e-01
2.025737040289325552e+00 3.890000000000000568e+01 1.457095808844785512e-01 -2.017762527431115060e-01
2.025737040289325552e+00 3.900000000000000000e+01 4.479342012813844476e-02 -2.540402968060411770e-01
2.025737040289325552e+00 3.910000000000000142e+01 -7.834342328662752264e-02 -2.627885271012578294e-01
2.025737040289325552e+00 3.920000000000000284e+01 -2.067130096880638590e-01 -2.118266314300581710e-01
2.025737040289325552e+00 3.930000000000000426e+01 -3.075944963578116642e-01 -9.326186194012936470e-02
2.025737040289325552e+00 3.940000000000000568e+01 -3.391757611087385937e-01 7.979888513360768043e-02
2.025737040289325552e+00 3.950000000000000000e+01 -2.661406653035673364e-01 2.619496936153531408e-01
2.025737040289325552e+00 3.960000000000000142e+01 -8.912476733137035534e-02 3.830606985388968488e-01
2.025737040289325552e+00 3.970000000000000284e+01 1.392286457056128024e-01 3.803855292095467133e-01
2.025737040289325552e+00 3.980000000000000426e+01 3.274864909603408258e-01 2.416248684802876912e-01
2.025737040289325552e+00 3.990000000000000568e+01 3.985729087365866841e-01 2.164952533449246777e-02
2.025737040289325552e+00 4.000000000000000000e+01 3.326776128701507962e-01 -1.894054261035503506e-01
2.025737040289325552e+00 4.010000000000000142e+01 1.721215211126583267e-01 -3.161606099168005612e-01
2.025737040289325552e+00 4.020000000000000284e+01 -1.254196197120934810e-02 -3.334918632852676978e-01
2.025737040289325552e+00 4.030000000000000426e+01 -1.612090208250349099e-01 -2.611196508509604497e-01
2.025737040289325552e+00 4.040000000000000568e+01 -2.442520363360885238e-01 -1.417300827053759316e-01
2.025737040289325552e+00 4.050000000000000000e+01 -2.628066587009852961e-01 -1.400452189529681132e-02
2.025737040289325552e+00 4.060000000000000142e+01 -2.303985989155764580e-01 9.818145669084274441e-02
2.025737040289325552e+00 4.070000000000000284e+01 -1.621603715871464679e-01 1.841040169763402679e-01
2.025737040289325552e+00 4.080000000000000426e+01 -6.743587811246964936e-02 2.387700399121163997e-01
2.025737040289325552e+00 4.090000000000000568e+01 4.573576918410436620e-02 2.537044831540080092e-01
2.025737040289325552e+00 4.100000000000000000e+01 1.650362536984173734e-01 2.192100715012396395e-01
2.025737040289325552e+00 4.110000000000000142e+01 2.682477110415369403e-01 1.264178223202071516e-01
2.025737040289325552e+00 4.120000000000000284e+01 3.212876027975404281e-01 -2.084774621819190932e-02
2.025737040289325552e+00 4.130000000000000426e+01 2.897783542674783885e-01 -1.947493648704943237e-01
2.025737040289325552e+00 4.140000000000000568e+01 1.557818622414493814e-01 -3.396784106583446428e-01
2.025737040289325552e+00 4.150000000000000000e+01 -5.385319261407178759e-02 -3.885065839806947641e-01
2.025737040289325552e+00 4.160000000000000142e+01 -2.647309684715051237e-01 -3.037861703296834137e-01
2.025737040289325552e+00 4.170000000000000284e+01 -3.888647072096316215e-01 -1.073418858331200293e-01
2.025737040289325552e+00 4.180000000000000426e+01 -3.754933237637292920e-01 1.204626256303193699e-01
2.025737040289325552e+00 4.190000000000000568e+01 -2.409336038670940039e-01 2.904540112376964855e-01
2.025737040289325552e+00 4.200000000000000000e+01 -4.902217909810718810e-02 3.510120854442640992e-01
2.025737040289325552e+00 4.210000000000000142e+01 1.259210004513461045e-01 3.028403733392110997e-01
2.025737040289325552e+00 4.220000000000000284e+01 2.373899262836473567e-01 1.862100450750082403e-01
2.025737040289325552e+00 4.230000000000000426e+01 2.739869879190316992e-01 4.823464199808822489e-02
2.025737040289325552e+00 4.240000000000000568e+01 2.480859804897577736e-01 -7.558330451263721439e-02
2.025737040289325552e+00 4.250000000000000000e+01 1.813544983478888040e-01 -1.689910245198180394e-01
2.025737040289325552e+00 4.260000000000000142e+01 8.920850819885575711e-02 -2.268975531813650359e-01
2.025737040289325552e+00 4.270000000000000284e+01 -1.780230478051381127e-02 -2.466221097868120660e-01
2.025737040289325552e+00 4.280000000000000426e+01 -1.295618475988889740e-01 -2.234318661492038227e-01
2.025737040289325552e+00 4.290000000000000568e+01 -2.313807523123649346e-01 -1.498136116032063314e-01
2.025737040289325552e+00 4.300000000000000000e+01 -2.966495574955722581e-01 -2.558646525043557773e-02
2.025737040289325552e+00 4.310000000000000142e+01 -2.947414599830091575e-01 1.326498424368826867e-01
2.025737040289325552e+00 4.320000000000000284e+01 -2.024177795705448257e-01 2.852238466589029353e-01
2.025737040289325552e+00 4.330000000000000426e+01 -2.464247489201697519e-02 3.722402026213143533e-01
2.025737040289325552e+00 4.340000000000000568e+01 1.878630519101830154e-01 3.430491384506723640e-01
2.025737040289325552e+00 4.350000000000000000e+01 3.536808426519170712e-01 1.887669924897869000e-01
2.025737040289325552e+00 4.360000000000000142e+01 3.986229017809793662e-01 -3.804445032995621562e-02
2.025737040289325552e+00 4.370000000000000284e+01 3.044430404122188127e-01 -2.435475393798759436e-01
2.025737040289325552e+00 4.380000000000000426e+01 1.197892692231098816e-01 -3.519931167003862438e-01
2.025737040289325552e+00 4.390000000000000568e+01 -7.667728251530252226e-02 -3.392666616868855178e-01
2.025737040289325552e+00 4.400000000000000000e+01 -2.191462750747926180e-01 -2.349892878081338288e-01
2.025737040289325552e+00 4.410000000000000142e+01 -2.812327962029274042e-01 -9.174789733212773690e-02
2.025737040289325552e+00 4.420000000000000284e+01 -2.696679817724367267e-01 4.674173406465222808e-02
2.025737040289325552e+00 4.430000000000000426e+01 -2.054930792996855771e-01 1.530583918061596271e-01
2.025737040289325552e+00 4.440000000000000568e+01 -1.124352935704968776e-01 2.180906602094063729e-01
2.025737040289325552e+00 4.450000000000000000e+01 -6.991849811259905241e-03 2.419410311025602944e-01
2.025737040289325552e+00 4.460000000000000142e+01 1.001122875921868910e-01 2.246107081635101976e-01
2.025737040289325552e+00 4.470000000000000284e+01 1.972321796464792665e-01 1.653970605810450301e-01
2.025737040289325552e+00 4.480000000000000426e+01 2.688942344971223530e-01 6.267425292418425664e-02
2.025737040289325552e+00 4.490000000000000568e+01 2.898321285356673660e-01 -7.744033004420189381e-02
2.025737040289325552e+00 4.500000000000000000e+01 2.329704382696212439e-01 -2.279047660788460772e-01
2.025737040289325552e+00 4.510000000000000142e+01 9.084357221327454823e-02 -3.397798357006243108e-01
2.025737040289325552e+00 4.520000000000000284e+01 -1.090027715261191188e-01 -3.578600845567640465e-01
2.025737040289325552e+00 4.530000000000000426e+01 -2.973966096374830448e-01 -2.523064529650962950e-01
2.025737040289325552e+00 4.540000000000000568e+01 -3.945004907093354052e-01 -4.943646166384487589e-02
2.025737040289325552e+00 4.550000000000000000e+01 -3.560935006798856550e-01 1.746062493744626742e-01
2.025737040289325552e+00 4.560000000000000142e+01 -1.974649160973324657e-01 3.320057528258281154e-01
2.025737040289325552e+00 4.570000000000000284e+01 1.110890259416671098e-02 3.675558208564433937e-01
2.025737040289325552e+00 4.580000000000000426e+01 1.881354320704991812e-01 2.875168173728790411e-01
2.025737040289325552e+00 4.590000000000000568e+01 2.836413838585329916e-01 1.415216673277507331e-01
2.025737040289325552e+00 4.600000000000000000e+01 2.903780603295142981e-01 -1.276678810595138075e-02
2.025737040289325552e+00 4.610000000000000142e+01 2.317030488259015364e-01 -1.345299551343039912e-01
2.025737040289325552e+00 4.620000000000000284e+01 1.383766000048918809e-01 -2.101449132684513887e-01
2.025737040289325552e+00 4.630000000000000426e+01 3.198195896993776682e-02 -2.401945087806760248e-01
2.025737040289325552e+00 4.640000000000000568e+01 -7.418682636211021419e-02 -2.286073375130735219e-01
2.025737040289325552e+00 4.650000000000000000e+01 -1.694936468299055032e-01 -1.779999097108876660e-01
2.025737040289325552e+00 4.660000000000000142e+01 -2.428331305132321871e-01 -8.919773848244724745e-02
2.025737040289325552e+00 4.670000000000000284e+01 -2.750232013039058954e-01 3.381684076996115812e-02
2.025737040289325552e+00 4.680000000000000426e+01 -2.447059852915824119e-01 1.732757504052761799e-01
2.025737040289325552e+00 4.690000000000000568e+01 -1.389838179385256001e-01 2.941292270940829567e-01
2.025737040289325552e+00 4.700000000000000000e+01 3.275007968477647302e-02 3.495939184472580674e-01
2.025737040289325552e+00 4.710000000000000142e+01 2.257484621529783075e-01 2.973414531021915108e-01
2.025737040289325552e+00 4.720000000000000284e+01 3.654731348175234151e-01 1.335796802051974763e-01
2.025737040289325552e+00 4.730000000000000426e+01 3.863794593119554976e-01 -9.048676112276198003e-02
2.025737040289325552e+00 4.740000000000000568e+01 2.708982597756953159e-01 -2.870076477634176393e-01
2.025737040289325552e+00 4.750000000000000000e+01 6.712995218819049759e-02 -3.764931336178068966e-01
2.025737040289325552e+00 4.760000000000000142e+01 -1.373142408990979668e-01 -3.350199901276165182e-01
2.025737040289325552e+00 4.770000000000000284e+01 -2.711031447749160939e-01 -2.003521771570196675e-01
2.025737040289325552e+00 4.780000000000000426e+01 -3.084432839339610322e-01 -3.496280289639767946e-02
2.025737040289325552e+00 4.790000000000000568e+01 -2.642068768097910469e-01 1.081032839983013805e-01
2.025737040289325552e+00 4.800000000000000000e+01 -1.711932936836541297e-01 2.015336266139651222e-01
2.025737040289325552e+00 4.810000000000000142e+01 -6.000495252097743509e-02 2.421813292026492592e-01
2.025737040289325552e+00 4.820000000000000284e+01 5.043662956983370471e-02 2.361051192025903078e-01
2.025737040289325552e+00 4.830000000000000426e+01 1.471327613483152386e-01 1.897365920968897002e-01
2.025737040289325552e+00 4.840000000000000568e+01 2.200791358848834534e-01 1.093445341679043364e-01
2.025737040289325552e+00 4.850000000000000000e+01 2.583415959854243882e-01 4.706462168783738954e-04
2.025737040289325552e+00 4.860000000000000142e+01 2.469424586396216370e-01 -1.264533740573278164e-01
2.025737040289325552e+00 4.870000000000000284e+01 1.707274582236237570e-01 -2.476238433603972777e-01
2.025737040289325552e+00 4.880000000000000426e+01 2.883708910880613055e-02 -3.254211695435553220e-01
2.025737040289325552e+00 4.890000000000000568e+01 -1.531074095300923310e-01 -3.175824068606943884e-01
2.025737040289325552e+00 4.900000000000000000e+01 -3.167178066939372316e-01 -1.997557244465011372e-01
2.025737040289325552e+00 4.910000000000000142e+01 -3.891261438499307168e-01 5.189308453687237199e-03
2.025737040289325552e+00 4.920000000000000284e+01 -3.262619534237510832e-01 2.215762166452358572e-01
2.025737040289325552e+00 4.930000000000000426e+01 -1.487674289566863484e-01 3.605223392361208146e-01
2.025737040289325552e+00 4.940000000000000568e+01 6.933690753170217158e-02 3.699397074875708236e-01
2.025737040289325552e+00 4.950000000000000000e+01 2.416363265774918723e-01 2.609367772110376960e-01
2.025737040289325552e+00 4.960000000000000142e+01 3.172554423316498173e-01 9.221771443295583015e-02
2.025737040289325552e+00 4.970000000000000284e+01 2.958828354240560787e-01 -7.090265853985994182e-02
2.025737040289325552e+00 4.980000000000000426e+01 2.088081995872069496e-01 -1.875012334356867816e-01
2.025737040289325552e+00 4.990000000000000568e+01 9.217543785185067229e-02 -2.438690637606480416e-01
2.025737040289325552e+00 5.000000000000000000e+01 -2.479530373041240882e-02 -2.452570883024982051e-01
2.025737040289325552e+00 5.010000000000000142e+01 -1.251074748910726286e-01 -2.035727233099297595e-01
2.025737040289325552e+00 5.020000000000000284e+01 -2.003550254422381549e-01 -1.291395335388242360e-01
2.025737040289325552e+00 5.030000000000000426e+01 -2.433810393554376728e-01 -2.955681504897982384e-02
2.025737040289325552e+00 5.040000000000000568e+01 -2.436774041724891482e-01 8.598581736151704458e-02
2.025737040289325552e+00 5.050000000000000000e+01 -1.907694119333489813e-01 2.020971894976606731e-01
2.025737040289325552e+00 5.060000000000000142e+01 -7.812988587534118456e-02 2.920324979396413112e-01
2.025737040289325552e+00 5.070000000000000284e+01 8.368110191151466315e-02 3.178793170969621551e-01
2.025737040289325552e+00 5.080000000000000426e+01 2.541768166524930872e-01 2.466457191129302895e-01
2.025737040289325552e+00 5.090000000000000568e+01 3.667808026686880107e-01 7.754329617645752681e-02
2.025737040289325552e+00 5.100000000000000000e+01 3.624962588477635417e-01 -1.397059779445170846e-01
2.025737040289325552e+00 5.110000000000000142e+01 2.275291176671722648e-01 -3.202535993715820428e-01
2.025737040289325552e+00 5.120000000000000284e+01 1.300736246026138257e-02 -3.867568793145355066e-01
2.025737040289325552e+00 5.130000000000000426e+01 -1.918581544982172482e-01 -3.189284069809926736e-01
2.025737040289325552e+00 5.140000000000000568e+01 -3.123980246491652735e-01 -1.589056485460902668e-01
2.025737040289325552e+00 5.150000000000000000e+01 -3.245046021186675511e-01 2.185705818464980799e-02
2.025737040289325552e+00 5.160000000000000142e+01 -2.498180047062416309e-01 1.653897269454207009e-01
2.025737040289325552e+00 5.170000000000000284e+01 -1.302529223813554404e-01 2.431971627258043278e-01
2.025737040289325552e+00 5.180000000000000426e+01 -4.376576115586154440e-03 2.568010778290771290e-01
2.025737040289325552e+00 5.190000000000000568e+01 1.042916879611972547e-01 2.202408011321751180e-01
2.025737040289325552e+00 5.200000000000000000e+01 1.847169543451189777e-01 1.487222865220618473e-01
2.025737040289325552e+00 5.210000000000000142e+01 2.315733286058913321e-01 5.383927521504926900e-02
2.025737040289325552e+00 5.220000000000000284e+01 2.388843889547846711e-01 -5.436308409857137924e-02
2.025737040289325552e+00 5.230000000000000426e+01 2.006230425749808421e-01 -1.640160746373297285e-01
2.025737040289325552e+00 5.240000000000000568e+01 1.107377761067275257e-01 -2.563671502051770301e-01
2.025737040289325552e+00 5.250000000000000000e+01 -2.754380425865768714e-02 -3.020115485318513593e-01
2.025737040289325552e+00 5.260000000000000142e+01 -1.892634178257959765e-01 -2.694468564081577422e-01
2.025737040289325552e+00 5.270000000000000284e+01 -3.236369711438225050e-01 -1.426258349907154055e-01
2.025737040289325552e+00 5.280000000000000426e+01 -3.696325857232483636e-01 5.464335636487988035e-02
2.025737040289325552e+00 5.290000000000000568e+01 -2.897341530835068624e-01 2.559972055617464326e-01
2.025737040289325552e+00 5.300000000000000000e+01 -1.009815114035608197e-01 3.764990810955448630e-01
2.025737040289325552e+00 5.310000000000000142e+01 1.209077581936884166e-01 3.636740124561024801e-01
2.025737040289325552e+00 5.320000000000000284e+01 2.868736517912364725e-01 2.301716978984938711e-01
2.025737040289325552e+00 5.330000000000000426e+01 3.430194471843440729e-01 4.101597879293351900e-02
2.025737040289325552e+00 5.340000000000000568e+01 2.925053705408254268e-01 -1.294908942360092907e-01
2.025737040289325552e+00 5.350000000000000000e+01 1.754135067148763771e-01 -2.357750884931800461e-01
2.025737040289325552e+00 5.360000000000000142e+01 4.043065668219545522e-02 -2.672918847966687661e-01
2.025737040289325552e+00 5.370000000000000284e+01 -7.915786051071373175e-02 -2.392724474882756691e-01
2.025737040289325552e+00 5.380000000000000426e+01 -1.679060052016311255e-01 -1.715044937032882133e-01
2.025737040289325552e+00 5.390000000000000568e+01 -2.208227851627222738e-01 -8.017543482696573576e-02
2.025737040289325552e+00 5.400000000000000000e+01 -2.360047098485125450e-01 2.360364287586825746e-02
2.025737040289325552e+00 5.410000000000000142e+01 -2.092076991403999942e-01 1.294225089240142457e-01
2.025737040289325552e+00 5.420000000000000284e+01 -1.369635871949860528e-01 2.225253328817286547e-01
2.025737040289325552e+00 5.430000000000000426e+01 -1.936509917630656330e-02 2.814470303340874668e-01
2.025737040289325552e+00 5.440000000000000568e+01 1.291666343733350597e-01 2.774282462387797632e-01
2.025737040289325552e+00 5.450000000000000000e+01 2.714779578765473267e-01 1.896672836510240046e-01
2.025737040289325552e+00 5.460000000000000142e+01 3.536218520257645159e-01 2.247167436826998793e-02
2.025737040289325552e+00 5.470000000000000284e+01 3.272382459863951154e-01 -1.785577117366611288e-01
2.025737040289325552e+00 5.480000000000000426e+01 1.829342893119338676e-01 -3.379866933431378007e-01
2.025737040289325552e+00 5.490000000000000568e+01 -3.355887149054386648e-02 -3.857441951582999407e-01
2.025737040289325552e+00 5.500000000000000000e+01 -2.354921171259251600e-01 -2.982208323502988923e-01
2.025737040289325552e+00 5.510000000000000142e+01 -3.448633067450443401e-01 -1.180637458409452278e-01
2.025737040289325552e+00 5.520000000000000284e+01 -3.337789261685658038e-01 7.726352614254401729e-02
2.025737040289325552e+00 5.530000000000000426e+01 -2.289043434029822133e-01 2.192572301077674313e-01
2.025737040289325552e+00 5.540000000000000568e+01 -8.434711991653977281e-02 2.785437416886032969e-01
2.025737040289325552e+00 5.550000000000000000e+01 5.247119117552587197e-02 2.622923887436596768e-01
2.025737040289325552e+00 5.560000000000000142e+01 1.538089344134038472e-01 1.954573431922936866e-01
2.025737040289325552e+00 5.570000000000000284e+01 2.130639430814557922e-01 1.033322712763607709e-01
2.025737040289325552e+00 5.580000000000000426e+01 2.323208305714008770e-01 1.776407342324234960e-03
2.025737040289325552e+00 5.590000000000000568e+01 2.130340688180675235e-01 -9.940252502390392597e-02
2.025737040289325552e+00 5.600000000000000000e+01 1.548260299611415036e-01 -1.904620875402107394e-01
2.025737040289325552e+00 5.610000000000000142e+01 5.599394884970820135e-02 -2.560821069936666250e-01
2.025737040289325552e+00 5.620000000000000284e+01 -7.579435399719847144e-02 -2.735663312117302404e-01
2.025737040289325552e+00 5.630000000000000426e+01 -2.168184255425354423e-01 -2.201027733760676230e-01
2.025737040289325552e+00 5.640000000000000568e+01 -3.233308406593073947e-01 -8.654422375087625352e-02
2.025737040289325552e+00 5.650000000000000000e+01 -3.418419639289748679e-01 1.024085578778951428e-01
2.025737040289325552e+00 5.660000000000000142e+01 -2.440725525455724187e-01 2.827584997774296727e-01
2.025737040289325552e+00 5.670000000000000284e+01 -5.086650354311974404e-02 3.788593734057935647e-01
2.025737040289325552e+00 5.680000000000000426e+01 1.650955373180721664e-01 3.447818299408377807e-01
2.025737040289325552e+00 5.690000000000000568e+01 3.185736344715150437e-01 1.946260082356765231e-01
2.025737040289325552e+00 5.700000000000000000e+01 3.571026324655116602e-01 -6.376507418758823632e-03
2.025737040289325552e+00 5.710000000000000142e+01 2.819514285983960034e-01 -1.805053184075246786e-01
2.025737040289325552e+00 5.720000000000000284e+01 1.409067001272022168e-01 -2.759699609117768904e-01
2.025737040289325552e+00 5.730000000000000426e+01 -1.046652267736460779e-02 -2.850410144578017779e-01
2.025737040289325552e+00 5.740000000000000568e+01 -1.318906956313919687e-01 -2.283303471632726900e-01
2.025737040289325552e+00 5.750000000000000000e+01 -2.066810402738182839e-01 -1.349103908770312166e-01
2.025737040289325552e+00 5.760000000000000142e+01 -2.343828019890103753e-01 -2.895583023322887209e-02
2.025737040289325552e+00 5.770000000000000284e+01 -2.196859763655404918e-01 7.446352648550362552e-02
2.025737040289325552e+00 5.780000000000000426e+01 -1.681880842392479702e-01 1.639262409524999131e-01
2.025737040289325552e+00 5.790000000000000568e+01 -8.318028688511241997e-02 2.305829831263607743e-01
2.025737040289325552e+00 5.800000000000000000e+01 3.133139106275377450e-02 2.600182972618103605e-01
2.025737040289325552e+00 5.810000000000000142e+01 1.615125453164678315e-01 2.334648564782245139e-01
2.025737040289325552e+00 5.820000000000000284e+01 2.768756368571727022e-01 1.368070348568972694e-01
2.025737040289325552e+00 5.830000000000000426e+01 3.335164909419899293e-01 -2.431345607972722200e-02
2.025737040289325552e+00 5.840000000000000568e+01 2.895061758247922667e-01 -2.085175558688881492e-01
2.025737040289325552e+00 5.850000000000000000e+01 1.382941513921675525e-01 -3.478219095361986257e-01
2.025737040289325552e+00 5.860000000000000142e+01 -7.706700753770751033e-02 -3.756219839402484828e-01
2.025737040289325552e+00 5.870000000000000284e+01 -2.719129366123846925e-01 -2.703013330320863106e-01
2.025737040289325552e+00 5.880000000000000426e+01 -3.653116515504430395e-01 -7.457347160503417782e-02
2.025737040289325552e+00 5.890000000000000568e+01 -3.313532800279486157e-01 1.275427375375630668e-01
2.025737040289325552e+00 5.900000000000000000e+01 -2.009191219206900025e-01 2.632057824777088162e-01
2.025737040289325552e+00 5.910000000000000142e+01 -3.819381863697433876e-02 3.027770760548999518e-01
2.025737040289325552e+00 5.920000000000000284e+01 1.036236675150070535e-01 2.602064094536579164e-01
2.025737040289325552e+00 5.930000000000000426e+01 1.961423380155289664e-01 1.685853308852640897e-01
2.025737040289325552e+00 5.940000000000000568e+01 2.348094167784125219e-01 5.883020344967706400e-02
2.025737040289325552e+00 5.950000000000000000e+01 2.273594831196611710e-01 -4.692076368497423433e-02
2.025737040289325552e+00 5.960000000000000142e+01 1.835208858224900152e-01 -1.388109501290567260e-01
2.025737040289325552e+00 5.970000000000000284e+01 1.078725456610803851e-01 -2.087199425727976343e-01
2.025737040289325552e+00 5.980000000000000426e+01 5.136688245468734246e-03 -2.472893747628334693e-01
2.025737040289325552e+00 5.990000000000000568e+01 -1.159014629304032512e-01 -2.388677387690362752e-01
