2.979100000000000000e+04
1.053173824394062041e+00
7.926654595212022369e-02
-2.000000000000000000e+00
1.000000000000000000e+00
1.000000000000000000e+00
1.000000000000000000e+00
6.283185307179586232e-01
7.926654595212021537e-01
-4.705675251716524343e+00
9.299912086509409814e-01
4.183637185720297524e-01
7.292459462482638044e-02
4.358892232063123554e-03
-5.193096463780627836e+00
1.058190211755304144e+00
2.107356560930101486e-01
2.107356560930090938e-01
8.099881540169630023e-01
9.999999999999951150e-01
1.000000000000000000e+00
9.999938923957764070e-01
9.999881231500546974e-01
2.106797763827455375e-03
4.358892234257582578e-03
8.099881540169630023e-01
1.216100382034758676e+00
