-2.500000000000000000e+01 -2.500000000000000000e+01 -2.500000000000000000e+01 1.063201793315343875e-02 1.063201793315343355e-02 1.135758865150301652e-02 -1.250385135757131572e+01 -1.250385135757131572e+01 -1.250385135757131572e+01 1.970159021952321335e-04 1.970159021952308325e-04 1.963141346634614845e-04 -1.232796740687697579e+01 1.979755069252671720e-04
-2.475000000000000000e+01 -2.475000000000000000e+01 -2.475000000000000000e+01 1.062801047352495386e-02 1.062801047352495039e-02 1.135347030889428954e-02 -1.237881284399560222e+01 -1.237881284399560222e+01 -1.237881284399560222e+01 1.992759732944074499e-04 1.992759732944052815e-04 1.971612673709303867e-04 -1.220292889330126229e+01 2.016446885377956631e-04
-2.450000000000000000e+01 -2.450000000000000000e+01 -2.450000000000000000e+01 1.062003334066811099e-02 1.062003334066811272e-02 1.134523010104741131e-02 -1.225377433041988873e+01 -1.225377433041988873e+01 -1.225377433041988873e+01 2.032045200936460894e-04 2.032045200936425386e-04 2.001911071564388953e-04 -1.207789037972554880e+01 2.064656904959956906e-04
-2.425000000000000000e+01 -2.425000000000000000e+01 -2.425000000000000000e+01 1.060802025979475788e-02 1.060802025979475614e-02 1.133288385047368646e-02 -1.212873581684417523e+01 -1.212873581684417523e+01 -1.212873581684417523e+01 2.080922481900998459e-04 2.080922481900942622e-04 2.045849925547001645e-04 -1.195285186614983530e+01 2.118404360165993764e-04
-2.400000000000000000e+01 -2.400000000000000000e+01 -2.400000000000000000e+01 1.059208441136612160e-02 1.059208441136612160e-02 1.131642048827596198e-02 -1.200369730326846351e+01 -1.200369730326846351e+01 -1.200369730326846351e+01 2.134880824893633892e-04 2.134880824893557185e-04 2.096721201691605595e-04 -1.182781335257412358e+01 2.175389724952224023e-04
-2.375000000000000000e+01 -2.375000000000000000e+01 -2.375000000000000000e+01 1.057209407523389960e-02 1.057209407523389787e-02 1.129587312328488892e-02 -1.187865878969275002e+01 -1.187865878969275002e+01 -1.187865878969275002e+01 2.192135527808428586e-04 2.192135527808335615e-04 2.151439437668041781e-04 -1.170277483899841009e+01 2.235136005107616404e-04
-2.350000000000000000e+01 -2.350000000000000000e+01 -2.350000000000000000e+01 1.054823728161150519e-02 1.054823728161150519e-02 1.127122162387191387e-02 -1.175362027611703652e+01 -1.175362027611703652e+01 -1.175362027611703652e+01 2.252243489538536571e-04 2.252243489538429235e-04 2.209130161664354768e-04 -1.157773632542269659e+01 2.297633532171027991e-04
-2.325000000000000000e+01 -2.325000000000000000e+01 -2.325000000000000000e+01 1.052031856132570713e-02 1.052031856132570539e-02 1.124251936086175310e-02 -1.162858176254132303e+01 -1.162858176254132303e+01 -1.162858176254132303e+01 2.315164033447877424e-04 2.315164033447763582e-04 2.269653116852777728e-04 -1.145269781184698310e+01 2.362940820431581402e-04
-2.300000000000000000e+01 -2.300000000000000000e+01 -2.300000000000000000e+01 1.048859985986333454e-02 1.048859985986333281e-02 1.120973456718453096e-02 -1.150354324896560954e+01 -1.150354324896560954e+01 -1.150354324896560954e+01 2.380943322178440829e-04 2.380943322178334849e-04 2.333027432038326876e-04 -1.132765929827126961e+01 2.431129845840262333e-04
-2.275000000000000000e+01 -2.275000000000000000e+01 -2.275000000000000000e+01 1.045282459912413517e-02 1.045282459912414037e-02 1.117294546152249567e-02 -1.137850473538989782e+01 -1.137850473538989782e+01 -1.137850473538989782e+01 2.449649984551613446e-04 2.449649984551521289e-04 2.399305544219413689e-04 -1.120262078469555789e+01 2.502283971216454810e-04
-2.250000000000000000e+01 -2.250000000000000000e+01 -2.250000000000000000e+01 1.041332727312918940e-02 1.041332727312918593e-02 1.113210494283180425e-02 -1.125346622181418432e+01 -1.125346622181418432e+01 -1.125346622181418432e+01 2.521366194656604891e-04 2.521366194656533876e-04 2.468555643582890854e-04 -1.107758227111984439e+01 2.576498074327118770e-04
-2.225000000000000000e+01 -2.225000000000000000e+01 -2.225000000000000000e+01 1.036979389886201648e-02 1.036979389886201475e-02 1.108732242681281267e-02 -1.112842770823847083e+01 -1.112842770823847083e+01 -1.112842770823847083e+01 2.596186234222854004e-04 2.596186234222816599e-04 2.540859179887097643e-04 -1.095254375754413090e+01 2.653878121155798749e-04
-2.200000000000000000e+01 -2.200000000000000000e+01 -2.200000000000000000e+01 1.032262965860743405e-02 1.032262965860743405e-02 1.103853055325935452e-02 -1.100338919466275733e+01 -1.100338919466275733e+01 -1.100338919466275733e+01 2.674216084454455566e-04 2.674216084454447977e-04 2.616310295031508068e-04 -1.082750524396841740e+01 2.734541098836974250e-04
-2.175000000000000000e+01 -2.175000000000000000e+01 -2.175000000000000000e+01 1.027146810201443917e-02 1.027146810201443050e-02 1.098587826243670532e-02 -1.087835068108704384e+01 -1.087835068108704384e+01 -1.087835068108704384e+01 2.755573048948282478e-04 2.755573048948301452e-04 2.695015106898337445e-04 -1.070246673039270391e+01 2.818614786752735761e-04
-2.150000000000000000e+01 -2.150000000000000000e+01 -2.150000000000000000e+01 1.021678266289708682e-02 1.021678266289709029e-02 1.092927164742266838e-02 -1.075331216751133212e+01 -1.075331216751133212e+01 -1.075331216751133212e+01 2.840385757517118435e-04 2.840385757517163972e-04 2.777091621638343969e-04 -1.057742821681699219e+01 2.906238024455984662e-04
-2.125000000000000000e+01 -2.125000000000000000e+01 -2.125000000000000000e+01 1.015816082282817653e-02 1.015816082282816613e-02 1.086890976631923154e-02 -1.062827365393561863e+01 -1.062827365393561863e+01 -1.062827365393561863e+01 2.928794086098461666e-04 2.928794086098521839e-04 2.862669348882051264e-04 -1.045238970324127870e+01 2.997560698274646463e-04
-2.100000000000000000e+01 -2.100000000000000000e+01 -2.100000000000000000e+01 1.009614114597084250e-02 1.009614114597084250e-02 1.080466434005714592e-02 -1.050323514035990513e+01 -1.050323514035990513e+01 -1.050323514035990513e+01 3.020949460091172179e-04 3.020949460091233978e-04 2.951889568585431851e-04 -1.032735118966556520e+01 3.092744289589294737e-04
-2.075000000000000000e+01 -2.075000000000000000e+01 -2.075000000000000000e+01 1.003027320561054869e-02 1.003027320561054869e-02 1.073679777726476749e-02 -1.037819662678419164e+01 -1.037819662678419164e+01 -1.037819662678419164e+01 3.117015008003990372e-04 3.117015008004045125e-04 3.044905211432135782e-04 -1.020231267608985171e+01 3.191962034171143682e-04
-2.050000000000000000e+01 -2.050000000000000000e+01 -2.050000000000000000e+01 9.961156753143306924e-03 9.961156753143298251e-03 1.066513784161768168e-02 -1.025315811320847814e+01 -1.025315811320847814e+01 -1.025315811320847814e+01 3.217166117632972951e-04 3.217166117633009272e-04 3.141881425818645224e-04 -1.007727416251413821e+01 3.295399719830742176e-04
-2.025000000000000000e+01 -2.025000000000000000e+01 -2.025000000000000000e+01 9.888313760060460020e-03 9.888313760060463489e-03 1.059002664332465461e-02 -1.012811959963276642e+01 -1.012811959963276642e+01 -1.012811959963276642e+01 3.321590787802065903e-04 3.321590787802069697e-04 3.242995671799661942e-04 -9.952235648938426493e+00 3.403255998962012824e-04
-2.000000000000000000e+01 -2.000000000000000000e+01 -2.000000000000000000e+01 9.812400227186948709e-03 9.812400227186943505e-03 1.051123636759791410e-02 -1.000308108605705115e+01 -1.000308108605705115e+01 -1.000308108605705115e+01 3.430490414735650351e-04 3.430490414735626499e-04 3.348438553225908357e-04 -9.827197135362711222e+00 3.515743425787621842e-04
-1.975000000000000000e+01 -1.975000000000000000e+01 -1.975000000000000000e+01 9.732923473011523274e-03 9.732923473011519805e-03 1.042920890491212671e-02 -9.878042572481339434e+00 -9.878042572481339434e+00 -9.878042572481339434e+00 3.544080327600974902e-04 3.544080327600915271e-04 3.458414095908000766e-04 -9.702158621786999504e+00 3.633088919736272415e-04
-1.950000000000000000e+01 -1.950000000000000000e+01 -1.950000000000000000e+01 9.650589599962783663e-03 9.650589599962788867e-03 1.034364686305801542e-02 -9.753004058905625939e+00 -9.753004058905625939e+00 -9.753004058905625939e+00 3.662590801723024088e-04 3.662590801722928678e-04 3.573140831444137321e-04 -9.577120108211286009e+00 3.755535048926127856e-04
-1.925000000000000000e+01 -1.925000000000000000e+01 -1.925000000000000000e+01 9.564907499002354291e-03 9.564907499002356026e-03 1.025511649182173253e-02 -9.627965545329912445e+00 -9.627965545329912445e+00 -9.627965545329912445e+00 3.786267780776449198e-04 3.786267780776326683e-04 3.692852250571410674e-04 -9.452081594635572515e+00 3.883340655828719230e-04
-1.900000000000000000e+01 -1.900000000000000000e+01 -1.900000000000000000e+01 9.476625749152185405e-03 9.476625749152176731e-03 1.016323402461727365e-02 -9.502927031754200726e+00 -9.502927031754200726e+00 -9.502927031754200726e+00 3.915374129315461770e-04 3.915374129315321366e-04 3.817798143641108191e-04 -9.327043081059860796e+00 4.016782407573929025e-04
-1.875000000000000000e+01 -1.875000000000000000e+01 -1.875000000000000000e+01 9.385275128250733165e-03 9.385275128250729695e-03 1.006872012995595894e-02 -9.377888518178485455e+00 -9.377888518178485455e+00 -9.377888518178485455e+00 4.050190558909811398e-04 4.050190558909665031e-04 3.948245236977612088e-04 -9.202004567484145525e+00 4.156155607712700610e-04
-1.850000000000000000e+01 -1.850000000000000000e+01 -1.850000000000000000e+01 9.291637259096959325e-03 9.291637259096964530e-03 9.971084556268071386e-03 -9.252850004602773737e+00 -9.252850004602773737e+00 -9.252850004602773737e+00 4.191017146466863492e-04 4.191017146466715498e-04 4.084478810660434616e-04 -9.076966053908433807e+00 4.301776047068516071e-04
-1.825000000000000000e+01 -1.825000000000000000e+01 -1.825000000000000000e+01 9.195290251966695833e-03 9.195290251966694098e-03 9.871239175986541714e-03 -9.127811491027060242e+00 -9.127811491027060242e+00 -9.127811491027060242e+00 4.338174494996298162e-04 4.338174494996163721e-04 4.226803540383000722e-04 -8.951927540332720312e+00 4.453981037743656268e-04
-1.800000000000000000e+01 -1.800000000000000000e+01 -1.800000000000000000e+01 9.097037124180052184e-03 9.097037124180059123e-03 9.768563196170903379e-03 -9.002772977451346748e+00 -9.002772977451346748e+00 -9.002772977451346748e+00 4.492005557953054722e-04 4.492005557952945217e-04 4.375545427725400127e-04 -8.826889026757006818e+00 4.613131611974549944e-04
-1.775000000000000000e+01 -1.775000000000000000e+01 -1.775000000000000000e+01 8.996535237261961762e-03 8.996535237261961762e-03 9.664204792449067327e-03 -8.877734463875635029e+00 -8.877734463875635029e+00 -8.877734463875635029e+00 4.652877079131216695e-04 4.652877079131129958e-04 4.531052884132909502e-04 -8.701850513181295099e+00 4.779613828096712235e-04
-1.750000000000000000e+01 -1.750000000000000000e+01 -1.750000000000000000e+01 8.894594632551799593e-03 8.894594632551794389e-03 9.557383853389415582e-03 -8.752695950299919758e+00 -8.752695950299919758e+00 -8.752695950299919758e+00 4.821181778166461402e-04 4.821181778166403397e-04 4.693699023778960641e-04 -8.576811999605579828e+00 4.953841380454116622e-04
-1.725000000000000000e+01 -1.725000000000000000e+01 -1.725000000000000000e+01 8.790992051125080808e-03 8.790992051125079074e-03 9.449540306252607672e-03 -8.627657436724208040e+00 -8.627657436724208040e+00 -8.627657436724208040e+00 4.997340129663911407e-04 4.997340129663875629e-04 4.863883041407865361e-04 -8.451773486029868110e+00 5.136257243082699127e-04
-1.700000000000000000e+01 -1.700000000000000000e+01 -1.700000000000000000e+01 8.686526843043948856e-03 8.686526843043954060e-03 9.339700272571116110e-03 -8.502618923148494545e+00 -8.502618923148494545e+00 -8.502618923148494545e+00 5.181802982430196115e-04 5.181802982430171178e-04 5.042032934663650840e-04 -8.326734972454154615e+00 5.327336772486729105e-04
-1.675000000000000000e+01 -1.675000000000000000e+01 -1.675000000000000000e+01 8.581145725195221674e-03 8.581145725195233817e-03 9.229663851081291309e-03 -8.377580409572781051e+00 -8.377580409572781051e+00 -8.377580409572781051e+00 5.375053756717392385e-04 5.375053756717379375e-04 5.228607245117985287e-04 -8.201696458878441121e+00 5.527589774666871085e-04
-1.650000000000000000e+01 -1.650000000000000000e+01 -1.650000000000000000e+01 8.475615526095870572e-03 8.475615526095872307e-03 9.118222108904922019e-03 -8.252541895997069332e+00 -8.252541895997069332e+00 -8.252541895997069332e+00 5.577611591169395018e-04 5.577611591169390681e-04 5.424098297061070864e-04 -8.076657945302729402e+00 5.737564206012491690e-04
-1.625000000000000000e+01 -1.625000000000000000e+01 -1.625000000000000000e+01 8.370116958766294149e-03 8.370116958766297618e-03 9.007620108037005593e-03 -8.127503382421354061e+00 -8.127503382421354061e+00 -8.127503382421354061e+00 5.790034060584721377e-04 5.790034060584705114e-04 5.629034392611802868e-04 -7.951619431727013243e+00 5.957848774617101979e-04
-1.600000000000000000e+01 -1.600000000000000000e+01 -1.600000000000000000e+01 8.265357433955065544e-03 8.265357433955063809e-03 8.896364300000580289e-03 -8.002464868845642343e+00 -8.002464868845642343e+00 -8.002464868845642343e+00 6.012920971698503068e-04 6.012920971698474878e-04 5.843983679089502373e-04 -7.826580918151301525e+00 6.189077374510500162e-04
-1.575000000000000000e+01 -1.575000000000000000e+01 -1.575000000000000000e+01 8.161833001219531702e-03 8.161833001219535172e-03 8.787250315182766960e-03 -7.877426355269929736e+00 -7.877426355269929736e+00 -7.877426355269929736e+00 6.246917734072626304e-04 6.246917734072582936e-04 6.069556916498904152e-04 -7.701542404575588918e+00 6.431932365071284631e-04
-1.550000000000000000e+01 -1.550000000000000000e+01 -1.550000000000000000e+01 8.060158518200372796e-03 8.060158518200376265e-03 8.678440389237372307e-03 -7.752387841694215354e+00 -7.752387841694215354e+00 -7.752387841694215354e+00 6.492719960920112672e-04 6.492719960920051957e-04 6.306412117783003358e-04 -7.576503890999874535e+00 6.687149912801275842e-04
-1.525000000000000000e+01 -1.525000000000000000e+01 -1.525000000000000000e+01 7.961249205219469993e-03 7.961249205219471728e-03 8.573412985884968154e-03 -7.627349328118502747e+00 -7.627349328118502747e+00 -7.627349328118502747e+00 6.751077665169142716e-04 6.751077665169065737e-04 6.555258042502176479e-04 -7.451465377424161929e+00 6.955524135870796206e-04
-1.500000000000000000e+01 -1.500000000000000000e+01 -1.500000000000000000e+01 7.865586547928946071e-03 7.865586547928944336e-03 8.469914313445627355e-03 -7.502310814542789252e+00 -7.502310814542789252e+00 -7.502310814542789252e+00 7.022800867543103377e-04 7.022800867543020978e-04 6.816859796186342749e-04 -7.326426863848448434e+00 7.237913578939090577e-04
-1.475000000000000000e+01 -1.475000000000000000e+01 -1.475000000000000000e+01 7.774638192680785771e-03 7.774638192680784904e-03 8.372272355475891825e-03 -7.377272300967076646e+00 -7.377272300967076646e+00 -7.377272300967076646e+00 7.308764841970739152e-04 7.308764841970644827e-04 7.092043250781420935e-04 -7.201388350272735828e+00 7.535246467324222723e-04
-1.450000000000000000e+01 -1.450000000000000000e+01 -1.450000000000000000e+01 7.688701978659260444e-03 7.688701978659264781e-03 8.277730599397967529e-03 -7.252233787391364039e+00 -7.252233787391364039e+00 -7.252233787391364039e+00 7.609916994133883493e-04 7.609916994133793505e-04 7.381701844612044644e-04 -7.076349836697023221e+00 7.848528608582491057e-04
-1.425000000000000000e+01 -1.425000000000000000e+01 -1.425000000000000000e+01 7.609970012523967729e-03 7.609970012523965995e-03 8.191678056560555699e-03 -7.127195273815649657e+00 -7.127195273815649657e+00 -7.127195273815649657e+00 7.927283449985657706e-04 7.927283449985585064e-04 7.686802192374962055e-04 -6.951311323121308838e+00 8.178850077872188611e-04
-1.400000000000000000e+01 -1.400000000000000000e+01 -1.400000000000000000e+01 7.538494596145392350e-03 7.538494596145390615e-03 8.110750640637966191e-03 -7.002156760239937050e+00 -7.002156760239937050e+00 -7.002156760239937050e+00 8.261977549647136609e-04 8.261977549647072641e-04 8.008392400915577674e-04 -6.826272809545596232e+00 8.527394931588157950e-04
-1.375000000000000000e+01 -1.375000000000000000e+01 -1.375000000000000000e+01 7.477415873960327128e-03 7.477415873960332332e-03 8.041668794310662463e-03 -6.877118246664223555e+00 -6.877118246664223555e+00 -6.877118246664223555e+00 8.615208166564252692e-04 8.615208166564222335e-04 8.347609215118421315e-04 -6.701234295969882737e+00 8.895449749778529345e-04
-1.350000000000000000e+01 -1.350000000000000000e+01 -1.350000000000000000e+01 7.426464495012483069e-03 7.426464495012477865e-03 7.980333842135634709e-03 -6.752079733088510949e+00 -6.752079733088510949e+00 -6.752079733088510949e+00 8.988290272002321616e-04 8.988290272002310774e-04 8.705688263868761965e-04 -6.576195782394170131e+00 9.284415671233776750e-04
-1.325000000000000000e+01 -1.325000000000000000e+01 -1.325000000000000000e+01 7.390021355018132170e-03 7.390021355018130435e-03 7.935146209640467005e-03 -6.627041219512798342e+00 -6.627041219512798342e+00 -6.627041219512798342e+00 9.382655499862820785e-04 9.382655499862821869e-04 9.083973201483279023e-04 -6.451157268818457524e+00 9.695819361206398394e-04
-1.300000000000000000e+01 -1.300000000000000000e+01 -1.300000000000000000e+01 7.367402013288813084e-03 7.367402013288818288e-03 7.901118603502961524e-03 -6.502002705937083959e+00 -6.502002705937083959e+00 -6.502002705937083959e+00 9.799865387542460414e-04 9.799865387542486435e-04 9.483928432899386887e-04 -6.326118755242743141e+00 1.013132804708062693e-03
-1.275000000000000000e+01 -1.275000000000000000e+01 -1.275000000000000000e+01 7.364614490121487028e-03 7.364614490121482691e-03 7.888784775351005002e-03 -6.376964192361371353e+00 -6.376964192361371353e+00 -6.376964192361371353e+00 1.024162487635215963e-03 1.024162487635218782e-03 9.907150865258698876e-04 -6.201080241667030535e+00 1.059276367582906875e-03
-1.250000000000000000e+01 -1.250000000000000000e+01 -1.250000000000000000e+01 7.380444921328119592e-03 7.380444921328120460e-03 7.892081975270514096e-03 -6.251925678785657858e+00 -6.251925678785657858e+00 -6.251925678785657858e+00 1.070979904172247388e-03 1.070979904172249773e-03 1.035538584597682022e-03 -6.076041728091317040e+00 1.108212186377813269e-03
-1.225000000000000000e+01 -1.225000000000000000e+01 -1.225000000000000000e+01 7.423043091696087184e-03 7.423043091696084582e-03 7.924272755518402614e-03 -6.126887165209944364e+00 -6.126887165209944364e+00 -6.126887165209944364e+00 1.120643046142289368e-03 1.120643046142290886e-03 1.083054235301438234e-03 -5.951003214515603545e+00 1.160159028108915169e-03
-1.200000000000000000e+01 -1.200000000000000000e+01 -1.200000000000000000e+01 7.490526554417292412e-03 7.490526554417298484e-03 7.977992499277893057e-03 -6.001848651634231757e+00 -6.001848651634231757e+00 -6.001848651634231757e+00 1.173376053614765468e-03 1.173376053614764601e-03 1.133471313497111995e-03 -5.825964700939890939e+00 1.215357275606203467e-03
-1.175000000000000000e+01 -1.175000000000000000e+01 -1.175000000000000000e+01 7.593879255620567675e-03 7.593879255620560736e-03 8.070023212725319084e-03 -5.876810138058518262e+00 -5.876810138058518262e+00 -5.876810138058518262e+00 1.229425199653035776e-03 1.229425199653031006e-03 1.187019446668803168e-03 -5.700926187364177444e+00 1.274071330719622362e-03
-1.150000000000000000e+01 -1.150000000000000000e+01 -1.150000000000000000e+01 7.730382270673523577e-03 7.730382270673527914e-03 8.191424876798601706e-03 -5.751771624482804768e+00 -5.751771624482804768e+00 -5.751771624482804768e+00 1.289061631962276112e-03 1.289061631962269174e-03 1.243951183760961827e-03 -5.575887673788463950e+00 1.336592710322651771e-03
-1.125000000000000000e+01 -1.125000000000000000e+01 -1.125000000000000000e+01 7.914795669884806123e-03 7.914795669884800919e-03 8.363561272246706341e-03 -5.626733110907092161e+00 -5.626733110907092161e+00 -5.626733110907092161e+00 1.352584312435155213e-03 1.352584312435145238e-03 1.304544581887911699e-03 -5.450849160212751343e+00 1.403243210731070596e-03
-1.100000000000000000e+01 -1.100000000000000000e+01 -1.100000000000000000e+01 8.143364395165034533e-03 8.143364395165038003e-03 8.575588569060313068e-03 -5.501694597331378667e+00 -5.501694597331378667e+00 -5.501694597331378667e+00 1.420323576337381710e-03 1.420323576337368483e-03 1.369106515048382124e-03 -5.325810646637037848e+00 1.474378925046927876e-03
-1.075000000000000000e+01 -1.075000000000000000e+01 -1.075000000000000000e+01 8.435922026292071163e-03 8.435922026292071163e-03 8.854898393887387920e-03 -5.376656083755666060e+00 -5.376656083755666060e+00 -5.376656083755666060e+00 1.492645004008608459e-03 1.492645004008594147e-03 1.437976086244519870e-03 -5.200772133061325242e+00 1.550394443300018082e-03
-1.050000000000000000e+01 -1.050000000000000000e+01 -1.050000000000000000e+01 8.787445680436134152e-03 8.787445680436130682e-03 9.188353364562414777e-03 -5.251617570179952565e+00 -5.251617570179952565e+00 -5.251617570179952565e+00 1.569954087881877481e-03 1.569954087881862735e-03 1.511528933098584340e-03 -5.075733619485611747e+00 1.631728121499975053e-03
-1.025000000000000000e+01 -1.025000000000000000e+01 -1.025000000000000000e+01 9.224654032319061156e-03 9.224654032319064625e-03 9.611369941597622604e-03 -5.126579056604239071e+00 -5.126579056604239071e+00 -5.126579056604239071e+00 1.652701378330024553e-03 1.652701378330011977e-03 1.590181765348752012e-03 -4.950695105909898253e+00 1.718867705295456377e-03
-1.000000000000000000e+01 -1.000000000000000000e+01 -1.000000000000000000e+01 9.740998960344863372e-03 9.740998960344859903e-03 1.010806425047057304e-02 -5.001540543028525576e+00 -5.001540543028525576e+00 -5.001540543028525576e+00 1.741388668314271509e-03 1.741388668314260667e-03 1.674398028252764830e-03 -4.825656592334184758e+00 1.812357319048279016e-03
-9.750000000000000000e+00 -9.750000000000000000e+00 -9.750000000000000000e+00 1.037265275813555390e-02 1.037265275813554870e-02 1.072467967793929930e-02 -4.876502029452812970e+00 -4.876502029452812970e+00 -4.876502029452812970e+00 1.836575899491566530e-03 1.836575899491558941e-03 1.764693989950070823e-03 -4.700618078758472151e+00 1.912805067184959913e-03
-9.500000000000000000e+00 -9.500000000000000000e+00 -9.500000000000000000e+00 1.111127961353860182e-02 1.111127961353860182e-02 1.144207945727676069e-02 -4.751463515877100363e+00 -4.751463515877100363e+00 -4.751463515877100363e+00 1.938889449759322947e-03 1.938889449759319478e-03 1.861646275130144365e-03 -4.575579565182759545e+00 2.020892415248517690e-03
-9.250000000000000000e+00 -9.250000000000000000e+00 -9.250000000000000000e+00 1.200620987522890183e-02 1.200620987522890704e-02 1.232133591959800635e-02 -4.626425002301386868e+00 -4.626425002301386868e+00 -4.626425002301386868e+00 2.049031498761269034e-03 2.049031498761269034e-03 1.965900109735061775e-03 -4.450541051607046050e+00 2.137384570509987328e-03
-9.000000000000000000e+00 -9.000000000000000000e+00 -9.000000000000000000e+00 1.304710334994080984e-02 1.304710334994080116e-02 1.333953550024748018e-02 -4.501386488725673374e+00 -4.501386488725673374e+00 -4.501386488725673374e+00 2.167791264405128076e-03 2.167791264405131112e-03 2.078179461218124767e-03 -4.325502538031332556e+00 2.263143231402448864e-03
-8.750000000000000000e+00 -8.750000000000000000e+00 -8.750000000000000000e+00 1.430189436488332397e-02 1.430189436488332744e-02 1.457840925212718075e-02 -4.376347975149959879e+00 -4.376347975149959879e+00 -4.376347975149959879e+00 2.296057845619819179e-03 2.296057845619826551e-03 2.199298320082620703e-03 -4.200464024455619061e+00 2.399140921507073899e-03
-8.500000000000000000e+00 -8.500000000000000000e+00 -8.500000000000000000e+00 1.575818038076392050e-02 1.575818038076391009e-02 1.601081790959220028e-02 -4.251309461574247273e+00 -4.251309461574247273e+00 -4.251309461574247273e+00 2.434835646385651378e-03 2.434835646385660485e-03 2.330174517507622219e-03 -4.075425510879906454e+00 2.546478544853453176e-03
-8.250000000000000000e+00 -8.250000000000000000e+00 -8.250000000000000000e+00 1.751068004997186761e-02 1.751068004997187802e-02 1.774783345686474501e-02 -4.126270947998534666e+00 -4.126270947998534666e+00 -4.126270947998534666e+00 2.585262196344589088e-03 2.585262196344601665e-03 2.471845332320139147e-03 -3.950386997304193848e+00 2.706405415648361484e-03
-8.000000000000000000e+00 -8.000000000000000000e+00 -8.000000000000000000e+00 1.954527054583693121e-02 1.954527054583691387e-02 1.975792958941410132e-02 -4.001232434422821171e+00 -4.001232434422821171e+00 -4.001232434422821171e+00 2.748629598773790796e-03 2.748629598773800337e-03 2.625486562322937138e-03 -3.825348483728480353e+00 2.880343764298156934e-03
-7.750000000000000000e+00 -7.750000000000000000e+00 -7.750000000000000000e+00 2.199604508436793851e-02 2.199604508436793851e-02 2.219477527240466125e-02 -3.876193920847107677e+00 -3.876193920847107677e+00 -3.876193920847107677e+00 2.926409569777003832e-03 2.926409569777014674e-03 2.792434367601508149e-03 -3.700309970152766859e+00 3.069917083103516822e-03
-7.500000000000000000e+00 -7.500000000000000000e+00 -7.500000000000000000e+00 2.484841159545638292e-02 2.484841159545640027e-02 2.502305100444094862e-02 -3.751155407271394626e+00 -3.751155407271394626e+00 -3.751155407271394626e+00 3.120283668420311025e-03 3.120283668420318832e-03 2.974211944711033836e-03 -3.575271456577053808e+00 3.276984826788508463e-03
-7.250000000000000000e+00 -7.250000000000000000e+00 -7.250000000000000000e+00 2.829575720488832630e-02 2.829575720488831242e-02 2.845983930569402978e-02 -3.626116893695682020e+00 -3.626116893695682020e+00 -3.626116893695682020e+00 3.332178943084703956e-03 3.332178943084710462e-03 3.172560474025236648e-03 -3.450232943001341201e+00 3.503683066939955806e-03
-7.000000000000000000e+00 -7.000000000000000000e+00 -7.000000000000000000e+00 3.232625811896332885e-02 3.232625811896331497e-02 3.246839266305161925e-02 -3.501078380119968525e+00 -3.501078380119968525e+00 -3.501078380119968525e+00 3.564311138836671021e-03 3.564311138836674924e-03 3.389476939499587275e-03 -3.325194429425627707e+00 3.752474357844550867e-03
-6.750000000000000000e+00 -6.750000000000000000e+00 -6.750000000000000000e+00 3.722511580624160432e-02 3.722511580624156963e-02 3.736295661533348134e-02 -3.376039866544255474e+00 -3.376039866544255474e+00 -3.376039866544255474e+00 3.819236137884538147e-03 3.819236137884542484e-03 3.627258532806666800e-03 -3.200155915849914656e+00 4.026206861265838217e-03
-6.500000000000000000e+00 -6.500000000000000000e+00 -6.500000000000000000e+00 4.299081444853754957e-02 4.299081444853751488e-02 4.311171335251415965e-02 -3.251001352968541980e+00 -3.251001352968541980e+00 -3.251001352968541980e+00 4.099912599522549488e-03 4.099912599522550355e-03 3.888557020489554449e-03 -3.075117402274201162e+00 4.328187088083619224e-03
-6.250000000000000000e+00 -6.250000000000000000e+00 -6.250000000000000000e+00 5.005540329696274437e-02 5.005540329696273050e-02 5.018281661554262196e-02 -3.125962839392828929e+00 -3.125962839392828929e+00 -3.125962839392828929e+00 4.409777220818476492e-03 4.409777220818475625e-03 4.176443279065922450e-03 -2.950078888698488111e+00 4.662267108179620097e-03
-6.000000000000000000e+00 -6.000000000000000000e+00 -6.000000000000000000e+00 5.844461485440820975e-02 5.844461485440820281e-02 5.856467429625811932e-02 -3.000924325817115879e+00 -3.000924325817115879e+00 -3.000924325817115879e+00 4.752836840687766663e-03 4.752836840687766663e-03 4.494486523383336464e-03 -2.825040375122775060e+00 5.032952247877956267e-03
-5.750000000000000000e+00 -5.750000000000000000e+00 -5.750000000000000000e+00 6.883439030786989155e-02 6.883439030786993318e-02 6.897881513747203264e-02 -2.875885812241402384e+00 -2.875885812241402384e+00 -2.875885812241402384e+00 5.133780043988192543e-03 5.133780043988194278e-03 4.846849288386199765e-03 -2.700001861547061566e+00 5.445531509465218259e-03
-5.500000000000000000e+00 -5.500000000000000000e+00 -5.500000000000000000e+00 8.131564417129015510e-02 8.131564417129022448e-02 8.146943891227119428e-02 -2.750847298665689333e+00 -2.750847298665689333e+00 -2.750847298665689333e+00 5.558114419757480794e-03 5.558114419757489467e-03 5.238404398122603785e-03 -2.574963347971348515e+00 5.906239258219139407e-03
-5.250000000000000000e+00 -5.250000000000000000e+00 -5.250000000000000000e+00 9.698762141428153571e-02 9.698762141428146633e-02 9.719433944544260406e-02 -2.625808785089976283e+00 -2.625808785089976283e+00 -2.625808785089976283e+00 6.032334124290166140e-03 6.032334124290175681e-03 5.674876409344734030e-03 -2.449924834395635465e+00 6.422452695250383675e-03
-5.000000000000000000e+00 -5.000000000000000000e+00 -5.000000000000000000e+00 1.160927797535511591e-01 1.160927797535512285e-01 1.163363057800911177e-01 -2.500770271514262788e+00 -2.500770271514262788e+00 -2.500770271514262788e+00 6.564126848312042996e-03 6.564126848312052537e-03 6.163016316347439023e-03 -2.324886320819921970e+00 7.002937452738481131e-03
-4.750000000000000000e+00 -4.750000000000000000e+00 -4.750000000000000000e+00 1.405039155651550686e-01 1.405039155651549299e-01 1.408446931787935286e-01 -2.375731757938550182e+00 -2.375731757938550182e+00 -2.375731757938550182e+00 7.162627946695195730e-03 7.162627946695206138e-03 6.710814299090393786e-03 -2.199847807244209363e+00 7.658149371789513618e-03
-4.500000000000000000e+00 -4.500000000000000000e+00 -4.500000000000000000e+00 1.708179318403264535e-01 1.708179318403263980e-01 1.712381106201650571e-01 -2.250693244362836687e+00 -2.250693244362836687e+00 -2.250693244362836687e+00 7.838735180801983948e-03 7.838735180801997826e-03 7.327763079718488046e-03 -2.074809293668495869e+00 8.400610188318164209e-03
-4.250000000000000000e+00 -4.250000000000000000e+00 -4.250000000000000000e+00 2.104092038168470513e-01 2.104092038168468848e-01 2.109928719400198383e-01 -2.125654730787123636e+00 -2.125654730787123636e+00 -2.125654730787123636e+00 8.605496370642040302e-03 8.605496370642050710e-03 8.025180212555556303e-03 -1.949770780092783040e+00 9.245370003964843361e-03
-4.000000000000000000e+00 -4.000000000000000000e+00 -4.000000000000000000e+00 2.607274923687585289e-01 2.607274923687585844e-01 2.614521887089823471e-01 -2.000616217211410586e+00 -2.000616217211410586e+00 -2.000616217211410586e+00 9.478589367265923341e-03 9.478589367265938953e-03 8.816607363277996837e-03 -1.824732266517069990e+00 1.021058076236059688e-02
-3.750000000000000000e+00 -3.750000000000000000e+00 -3.750000000000000000e+00 3.282757270357845036e-01 3.282757270357843371e-01 3.292570517713042655e-01 -1.875577703635697313e+00 -1.875577703635697313e+00 -1.875577703635697313e+00 1.047691244886437244e-02 1.047691244886438805e-02 9.718300204775914136e-03 -1.699693752941356717e+00 1.131819790507615497e-02
-3.500000000000000000e+00 -3.500000000000000000e+00 -3.500000000000000000e+00 4.166530827942010462e-01 4.166530827942008797e-01 4.178543277812586942e-01 -1.750539190059984263e+00 -1.750539190059984263e+00 -1.750539190059984263e+00 1.162331140954316576e-02 1.162331140954317964e-02 1.074983500224586074e-02 -1.574655239365643666e+00 1.259483797816026568e-02
-3.250000000000000000e+00 -3.250000000000000000e+00 -3.250000000000000000e+00 5.394455418111020473e-01 5.394455418111019362e-01 5.410197337133633155e-01 -1.625500676484270990e+00 -1.625500676484270990e+00 -1.625500676484270990e+00 1.294546677043505352e-02 1.294546677043506393e-02 1.193485393663761863e-02 -1.449616725789930394e+00 1.407280449715789770e-02
-3.000000000000000000e+00 -3.000000000000000000e+00 -3.000000000000000000e+00 7.060235885520615984e-01 7.060235885520614874e-01 7.078918278006512965e-01 -1.500462162908557939e+00 -1.500462162908557939e+00 -1.500462162908557939e+00 1.447697204263009851e-02 1.447697204263010198e-02 1.330198897628730517e-02 -1.324578212214217343e+00 1.579129364628543281e-02
-2.750000000000000000e+00 -2.750000000000000000e+00 -2.750000000000000000e+00 9.476616746815985648e-01 9.476616746815984538e-01 9.500090230058773066e-01 -1.375423649332844667e+00 -1.375423649332844667e+00 -1.375423649332844667e+00 1.625862640717825811e-02 1.625862640717825117e-02 1.488600543657853104e-02 -1.199539698638504071e+00 1.779774562304699270e-02
-2.500000000000000000e+00 -2.500000000000000000e+00 -2.500000000000000000e+00 1.290549360412833080e+00 1.290549360412832858e+00 1.293180702898983014e+00 -1.250385135757131394e+00 -1.250385135757131394e+00 -1.250385135757131394e+00 1.833996899654111168e-02 1.833996899654113250e-02 1.672924350819907785e-02 -1.074501185062790798e+00 2.014925548752329737e-02
-2.250000000000000000e+00 -2.250000000000000000e+00 -2.250000000000000000e+00 1.815650276904462457e+00 1.815650276904462901e+00 1.818743791904970486e+00 -1.125346622181418343e+00 -1.125346622181418343e+00 -1.125346622181418343e+00 2.078106708271527242e-02 2.078106708271526895e-02 1.888347598695757149e-02 -9.494626714870777473e-01 2.291379971976424679e-02
-2.000000000000000000e+00 -2.000000000000000000e+00 -2.000000000000000000e+00 2.603614148160443342e+00 2.603614148160443342e+00 2.606677240574160059e+00 -1.000308108605705293e+00 -1.000308108605705293e+00 -1.000308108605705293e+00 2.365457069159666859e-02 2.365457069159665471e-02 2.141244323463068963e-02 -8.244241579113646967e-01 2.617075504305332520e-02
-1.750000000000000000e+00 -1.750000000000000000e+00 -1.750000000000000000e+00 3.897069288398848919e+00 3.897069288398844922e+00 3.900163644321859024e+00 -8.752695950299921313e-01 -8.752695950299921313e-01 -8.752695950299921313e-01 2.704795822208316131e-02 2.704795822208315090e-02 2.439559085329062044e-02 -6.993856443356514241e-01 3.000939984972744376e-02
-1.500000000000000000e+00 -1.500000000000000000e+00 -1.500000000000000000e+00 5.979689210336702310e+00 5.979689210336703198e+00 5.981622493824260367e+00 -7.502310814542789696e-01 -7.502310814542789696e-01 -7.502310814542789696e-01 3.106496454567111987e-02 3.106496454567111640e-02 2.793379468122751674e-02 -5.743471307599383735e-01 3.452136166826515196e-02
-1.250000000000000000e+00 -1.250000000000000000e+00 -1.250000000000000000e+00 9.736579845110899356e+00 9.736579845110908238e+00 9.737124405884122424e+00 -6.251925678785656970e-01 -6.251925678785656970e-01 -6.251925678785656970e-01 3.581834060600447289e-02 3.581834060600447983e-02 3.215508179310726938e-02 -4.493086171842250454e-01 3.977165353695305550e-02
-1.000000000000000000e+00 -1.000000000000000000e+00 -1.000000000000000000e+00 1.638469375988319854e+01 1.638469375988320920e+01 1.638120947390198978e+01 -5.001540543028526464e-01 -5.001540543028526464e-01 -5.001540543028526464e-01 4.137888640644882959e-02 4.137888640644888510e-02 3.720029656479972857e-02 -3.242701036085119948e-01 4.570098610129575550e-02
-7.500000000000000000e-01 -7.500000000000000000e-01 -7.500000000000000000e-01 3.035410818047377290e+01 3.035410818047376935e+01 3.034634376383042209e+01 -3.751155407271394848e-01 -3.751155407271394848e-01 -3.751155407271394848e-01 4.760147348456660044e-02 4.760147348456660044e-02 4.312192896561915095e-02 -1.992315900327988332e-01 5.189064840183470889e-02
-5.000000000000000000e-01 -5.000000000000000000e-01 -5.000000000000000000e-01 5.921408147426954827e+01 5.921408147426955537e+01 5.919707296536021346e+01 -2.500770271514263232e-01 -2.500770271514263232e-01 -2.500770271514263232e-01 5.380748932521266931e-02 5.380748932521269012e-02 4.961383633192036763e-02 -7.419307645708567156e-02 5.727785867306384171e-02
-2.500000000000000000e-01 -2.500000000000000000e-01 -2.500000000000000000e-01 1.525108702368675040e+02 1.525108702368675893e+02 1.524891015012856315e+02 -1.250385135757131616e-01 -1.250385135757131616e-01 -1.250385135757131616e-01 5.862005022004452420e-02 5.862005022004454502e-02 5.567947313843821244e-02 5.084543711862749005e-02 6.028283522087874574e-02
0.000000000000000000e+00 0.000000000000000000e+00 0.000000000000000000e+00 4.145374539051639431e+02 4.145374539051639999e+02 4.145040198385906933e+02 0.000000000000000000e+00 0.000000000000000000e+00 0.000000000000000000e+00 6.046360052414191666e-02 6.046360052414197911e-02 5.970227607103333056e-02 1.758839506943406517e-01 5.970227607103333056e-02
2.500000000000000000e-01 2.500000000000000000e-01 2.500000000000000000e-01 1.525108702368676177e+02 1.525108702368676745e+02 1.524891015012857451e+02 1.250385135757131616e-01 1.250385135757131616e-01 1.250385135757131616e-01 5.862005022004450339e-02 5.862005022004453114e-02 6.028283522087874574e-02 3.009224642700538133e-01 5.567947313843821244e-02
5.000000000000000000e-01 5.000000000000000000e-01 5.000000000000000000e-01 5.921408147426965485e+01 5.921408147426965485e+01 5.919707296536032004e+01 2.500770271514263232e-01 2.500770271514263232e-01 2.500770271514263232e-01 5.380748932521263461e-02 5.380748932521266237e-02 5.727785867306384171e-02 4.259609778457669749e-01 4.961383633192036763e-02
7.500000000000000000e-01 7.500000000000000000e-01 7.500000000000000000e-01 3.035410818047377290e+01 3.035410818047376935e+01 3.034634376383042209e+01 3.751155407271394848e-01 3.751155407271394848e-01 3.751155407271394848e-01 4.760147348456658656e-02 4.760147348456659350e-02 5.189064840183470889e-02 5.509994914214801920e-01 4.312192896561915095e-02
1.000000000000000000e+00 1.000000000000000000e+00 1.000000000000000000e+00 1.638469375988326959e+01 1.638469375988327670e+01 1.638120947390206084e+01 5.001540543028526464e-01 5.001540543028526464e-01 5.001540543028526464e-01 4.137888640644878796e-02 4.137888640644882959e-02 4.570098610129575550e-02 6.760380049971932426e-01 3.720029656479972857e-02
1.250000000000000000e+00 1.250000000000000000e+00 1.250000000000000000e+00 9.736579845110934883e+00 9.736579845110941989e+00 9.737124405884165057e+00 6.251925678785656970e-01 6.251925678785656970e-01 6.251925678785656970e-01 3.581834060600442432e-02 3.581834060600443820e-02 3.977165353695305550e-02 8.010765185729062932e-01 3.215508179310726938e-02
1.500000000000000000e+00 1.500000000000000000e+00 1.500000000000000000e+00 5.979689210336702310e+00 5.979689210336703198e+00 5.981622493824261255e+00 7.502310814542789696e-01 7.502310814542789696e-01 7.502310814542789696e-01 3.106496454567111293e-02 3.106496454567110599e-02 3.452136166826515196e-02 9.261150321486195658e-01 2.793379468122751674e-02
1.750000000000000000e+00 1.750000000000000000e+00 1.750000000000000000e+00 3.897069288398870679e+00 3.897069288398868014e+00 3.900163644321879008e+00 8.752695950299921313e-01 8.752695950299921313e-01 8.752695950299921313e-01 2.704795822208318906e-02 2.704795822208318559e-02 3.000939984972744376e-02 1.051153545724332838e+00 2.439559085329062044e-02
2.000000000000000000e+00 2.000000000000000000e+00 2.000000000000000000e+00 2.603614148160455333e+00 2.603614148160455333e+00 2.606677240574171162e+00 1.000308108605705293e+00 1.000308108605705293e+00 1.000308108605705293e+00 2.365457069159670675e-02 2.365457069159669634e-02 2.617075504305332520e-02 1.176192059300045889e+00 2.141244323463068963e-02
2.250000000000000000e+00 2.250000000000000000e+00 2.250000000000000000e+00 1.815650276904462457e+00 1.815650276904462901e+00 1.818743791904971152e+00 1.125346622181418343e+00 1.125346622181418343e+00 1.125346622181418343e+00 2.078106708271526201e-02 2.078106708271525854e-02 2.291379971976424679e-02 1.301230572875758940e+00 1.888347598695757149e-02
2.500000000000000000e+00 2.500000000000000000e+00 2.500000000000000000e+00 1.290549360412843072e+00 1.290549360412843072e+00 1.293180702898995227e+00 1.250385135757131394e+00 1.250385135757131394e+00 1.250385135757131394e+00 1.833996899654105964e-02 1.833996899654107005e-02 2.014925548752329737e-02 1.426269086451471990e+00 1.672924350819907785e-02
2.750000000000000000e+00 2.750000000000000000e+00 2.750000000000000000e+00 9.476616746816034498e-01 9.476616746816028947e-01 9.500090230058820806e-01 1.375423649332844667e+00 1.375423649332844667e+00 1.375423649332844667e+00 1.625862640717820259e-02 1.625862640717819912e-02 1.779774562304699270e-02 1.551307600027185263e+00 1.488600543657853104e-02
3.000000000000000000e+00 3.000000000000000000e+00 3.000000000000000000e+00 7.060235885520615984e-01 7.060235885520614874e-01 7.078918278006510745e-01 1.500462162908557939e+00 1.500462162908557939e+00 1.500462162908557939e+00 1.447697204263009504e-02 1.447697204263009851e-02 1.579129364628543281e-02 1.676346113602898535e+00 1.330198897628730517e-02
3.250000000000000000e+00 3.250000000000000000e+00 3.250000000000000000e+00 5.394455418111070433e-01 5.394455418111072653e-01 5.410197337133688666e-01 1.625500676484270990e+00 1.625500676484270990e+00 1.625500676484270990e+00 1.294546677043510383e-02 1.294546677043511250e-02 1.407280449715789770e-02 1.801384627178611586e+00 1.193485393663761863e-02
3.500000000000000000e+00 3.500000000000000000e+00 3.500000000000000000e+00 4.166530827942038218e-01 4.166530827942033777e-01 4.178543277812613588e-01 1.750539190059984263e+00 1.750539190059984263e+00 1.750539190059984263e+00 1.162331140954321607e-02 1.162331140954322994e-02 1.259483797816026568e-02 1.926423140754324859e+00 1.074983500224586074e-02
3.750000000000000000e+00 3.750000000000000000e+00 3.750000000000000000e+00 3.282757270357845036e-01 3.282757270357843371e-01 3.292570517713044320e-01 1.875577703635697313e+00 1.875577703635697313e+00 1.875577703635697313e+00 1.047691244886436723e-02 1.047691244886439152e-02 1.131819790507615497e-02 2.051461654330037909e+00 9.718300204775914136e-03
4.000000000000000000e+00 4.000000000000000000e+00 4.000000000000000000e+00 2.607274923687609158e-01 2.607274923687609713e-01 2.614521887089846786e-01 2.000616217211410586e+00 2.000616217211410586e+00 2.000616217211410586e+00 9.478589367265879972e-03 9.478589367265893850e-03 1.021058076236059688e-02 2.176500167905751404e+00 8.816607363277996837e-03
4.250000000000000000e+00 4.250000000000000000e+00 4.250000000000000000e+00 2.104092038168483003e-01 2.104092038168481338e-01 2.109928719400207819e-01 2.125654730787123636e+00 2.125654730787123636e+00 2.125654730787123636e+00 8.605496370641996934e-03 8.605496370642012546e-03 9.245370003964843361e-03 2.301538681481464454e+00 8.025180212555556303e-03
4.500000000000000000e+00 4.500000000000000000e+00 4.500000000000000000e+00 1.708179318403264535e-01 1.708179318403263980e-01 1.712381106201650571e-01 2.250693244362836687e+00 2.250693244362836687e+00 2.250693244362836687e+00 7.838735180801980479e-03 7.838735180801992622e-03 8.400610188318164209e-03 2.426577195057177505e+00 7.327763079718488046e-03
4.750000000000000000e+00 4.750000000000000000e+00 4.750000000000000000e+00 1.405039155651565119e-01 1.405039155651564009e-01 1.408446931787951384e-01 2.375731757938550182e+00 2.375731757938550182e+00 2.375731757938550182e+00 7.162627946695240833e-03 7.162627946695252976e-03 7.658149371789513618e-03 2.551615708632891000e+00 6.710814299090393786e-03
5.000000000000000000e+00 5.000000000000000000e+00 5.000000000000000000e+00 1.160927797535517420e-01 1.160927797535518252e-01 1.163363057800917005e-01 2.500770271514262788e+00 2.500770271514262788e+00 2.500770271514262788e+00 6.564126848312087231e-03 6.564126848312099374e-03 7.002937452738481131e-03 2.676654222208603606e+00 6.163016316347439023e-03
5.250000000000000000e+00 5.250000000000000000e+00 5.250000000000000000e+00 9.698762141428153571e-02 9.698762141428146633e-02 9.719433944544261794e-02 2.625808785089976283e+00 2.625808785089976283e+00 2.625808785089976283e+00 6.032334124290164405e-03 6.032334124290173946e-03 6.422452695250383675e-03 2.801692735784317101e+00 5.674876409344734030e-03
5.500000000000000000e+00 5.500000000000000000e+00 5.500000000000000000e+00 8.131564417129119593e-02 8.131564417129119593e-02 8.146943891227219348e-02 2.750847298665689333e+00 2.750847298665689333e+00 2.750847298665689333e+00 5.558114419757436558e-03 5.558114419757444365e-03 5.906239258219139407e-03 2.926731249360030152e+00 5.238404398122603785e-03
5.750000000000000000e+00 5.750000000000000000e+00 5.750000000000000000e+00 6.883439030787041890e-02 6.883439030787041890e-02 6.897881513747243509e-02 2.875885812241402384e+00 2.875885812241402384e+00 2.875885812241402384e+00 5.133780043988148307e-03 5.133780043988150042e-03 5.445531509465218259e-03 3.051769762935743202e+00 4.846849288386199765e-03
6.000000000000000000e+00 6.000000000000000000e+00 6.000000000000000000e+00 5.844461485440820281e-02 5.844461485440820975e-02 5.856467429625813320e-02 3.000924325817115879e+00 3.000924325817115879e+00 3.000924325817115879e+00 4.752836840687764061e-03 4.752836840687764929e-03 5.032952247877956267e-03 3.176808276511456697e+00 4.494486523383336464e-03
6.250000000000000000e+00 6.250000000000000000e+00 6.250000000000000000e+00 5.005540329696352847e-02 5.005540329696351459e-02 5.018281661554341300e-02 3.125962839392828929e+00 3.125962839392828929e+00 3.125962839392828929e+00 4.409777220818522463e-03 4.409777220818522463e-03 4.662267108179620097e-03 3.301846790087169747e+00 4.176443279065922450e-03
6.500000000000000000e+00 6.500000000000000000e+00 6.500000000000000000e+00 4.299081444853794509e-02 4.299081444853792427e-02 4.311171335251456210e-02 3.251001352968541980e+00 3.251001352968541980e+00 3.251001352968541980e+00 4.099912599522594590e-03 4.099912599522596325e-03 4.328187088083619224e-03 3.426885303662882798e+00 3.888557020489554449e-03
6.750000000000000000e+00 6.750000000000000000e+00 6.750000000000000000e+00 3.722511580624160432e-02 3.722511580624156963e-02 3.736295661533348827e-02 3.376039866544255474e+00 3.376039866544255474e+00 3.376039866544255474e+00 3.819236137884536413e-03 3.819236137884539015e-03 4.026206861265838217e-03 3.551923817238596293e+00 3.627258532806666800e-03
7.000000000000000000e+00 7.000000000000000000e+00 7.000000000000000000e+00 3.232625811896377988e-02 3.232625811896375906e-02 3.246839266305200089e-02 3.501078380119968525e+00 3.501078380119968525e+00 3.501078380119968525e+00 3.564311138836627653e-03 3.564311138836635025e-03 3.752474357844550867e-03 3.676962330814309343e+00 3.389476939499587275e-03
7.250000000000000000e+00 7.250000000000000000e+00 7.250000000000000000e+00 2.829575720488855181e-02 2.829575720488853793e-02 2.845983930569415468e-02 3.626116893695682020e+00 3.626116893695682020e+00 3.626116893695682020e+00 3.332178943084661022e-03 3.332178943084667961e-03 3.503683066939955806e-03 3.802000844390022838e+00 3.172560474025236648e-03
7.500000000000000000e+00 7.500000000000000000e+00 7.500000000000000000e+00 2.484841159545638292e-02 2.484841159545640027e-02 2.502305100444093475e-02 3.751155407271394626e+00 3.751155407271394626e+00 3.751155407271394626e+00 3.120283668420309291e-03 3.120283668420320566e-03 3.276984826788508463e-03 3.927039357965735444e+00 2.974211944711033836e-03
7.750000000000000000e+00 7.750000000000000000e+00 7.750000000000000000e+00 2.199604508436825423e-02 2.199604508436825770e-02 2.219477527240500819e-02 3.876193920847107677e+00 3.876193920847107677e+00 3.876193920847107677e+00 2.926409569777045465e-03 2.926409569777055440e-03 3.069917083103516822e-03 4.052077871541448495e+00 2.792434367601508149e-03
8.000000000000000000e+00 8.000000000000000000e+00 8.000000000000000000e+00 1.954527054583708387e-02 1.954527054583706999e-02 1.975792958941417071e-02 4.001232434422821171e+00 4.001232434422821171e+00 4.001232434422821171e+00 2.748629598773831562e-03 2.748629598773841536e-03 2.880343764298156934e-03 4.177116385117161990e+00 2.625486562322937138e-03
8.250000000000000000e+00 8.250000000000000000e+00 8.250000000000000000e+00 1.751068004997186761e-02 1.751068004997187802e-02 1.774783345686474847e-02 4.126270947998534666e+00 4.126270947998534666e+00 4.126270947998534666e+00 2.585262196344587354e-03 2.585262196344598629e-03 2.706405415648361484e-03 4.302154898692875484e+00 2.471845332320139147e-03
8.500000000000000000e+00 8.500000000000000000e+00 8.500000000000000000e+00 1.575818038076412519e-02 1.575818038076411826e-02 1.601081790959237722e-02 4.251309461574247273e+00 4.251309461574247273e+00 4.251309461574247273e+00 2.434835646385601939e-03 2.434835646385609311e-03 2.546478544853453176e-03 4.427193412268588091e+00 2.330174517507622219e-03
8.750000000000000000e+00 8.750000000000000000e+00 8.750000000000000000e+00 1.430189436488337254e-02 1.430189436488337427e-02 1.457840925212716514e-02 4.376347975149959879e+00 4.376347975149959879e+00 4.376347975149959879e+00 2.296057845619768438e-03 2.296057845619777545e-03 2.399140921507073899e-03 4.552231925844300697e+00 2.199298320082620703e-03
9.000000000000000000e+00 9.000000000000000000e+00 9.000000000000000000e+00 1.304710334994080984e-02 1.304710334994080116e-02 1.333953550024748191e-02 4.501386488725673374e+00 4.501386488725673374e+00 4.501386488725673374e+00 2.167791264405126341e-03 2.167791264405131979e-03 2.263143231402448864e-03 4.677270439420014192e+00 2.078179461218124767e-03
9.250000000000000000e+00 9.250000000000000000e+00 9.250000000000000000e+00 1.200620987522909612e-02 1.200620987522909612e-02 1.232133591959813125e-02 4.626425002301386868e+00 4.626425002301386868e+00 4.626425002301386868e+00 2.049031498761315004e-03 2.049031498761316305e-03 2.137384570509987328e-03 4.802308952995727687e+00 1.965900109735061775e-03
9.500000000000000000e+00 9.500000000000000000e+00 9.500000000000000000e+00 1.111127961353868855e-02 1.111127961353869029e-02 1.144207945727676416e-02 4.751463515877100363e+00 4.751463515877100363e+00 4.751463515877100363e+00 1.938889449759366749e-03 1.938889449759363713e-03 2.020892415248517690e-03 4.927347466571441181e+00 1.861646275130144365e-03
9.750000000000000000e+00 9.750000000000000000e+00 9.750000000000000000e+00 1.037265275813555390e-02 1.037265275813554870e-02 1.072467967793929930e-02 4.876502029452812970e+00 4.876502029452812970e+00 4.876502029452812970e+00 1.836575899491564795e-03 1.836575899491558073e-03 1.912805067184959913e-03 5.052385980147153788e+00 1.764693989950070823e-03
1.000000000000000000e+01 1.000000000000000000e+01 1.000000000000000000e+01 9.740998960345003885e-03 9.740998960344995211e-03 1.010806425047066325e-02 5.001540543028525576e+00 5.001540543028525576e+00 5.001540543028525576e+00 1.741388668314231610e-03 1.741388668314222720e-03 1.812357319048279016e-03 5.177424493722866394e+00 1.674398028252764830e-03
1.025000000000000000e+01 1.025000000000000000e+01 1.025000000000000000e+01 9.224654032319114932e-03 9.224654032319113198e-03 9.611369941597653829e-03 5.126579056604239071e+00 5.126579056604239071e+00 5.126579056604239071e+00 1.652701378329984871e-03 1.652701378329972728e-03 1.718867705295456377e-03 5.302463007298579889e+00 1.590181765348752012e-03
1.050000000000000000e+01 1.050000000000000000e+01 1.050000000000000000e+01 8.787445680436134152e-03 8.787445680436130682e-03 9.188353364562418246e-03 5.251617570179952565e+00 5.251617570179952565e+00 5.251617570179952565e+00 1.569954087881875529e-03 1.569954087881862735e-03 1.631728121499975053e-03 5.427501520874293384e+00 1.511528933098584340e-03
1.075000000000000000e+01 1.075000000000000000e+01 1.075000000000000000e+01 8.435922026292170042e-03 8.435922026292173512e-03 8.854898393887446900e-03 5.376656083755666060e+00 5.376656083755666060e+00 5.376656083755666060e+00 1.492645004008646839e-03 1.492645004008633829e-03 1.550394443300018082e-03 5.552540034450006878e+00 1.437976086244519870e-03
1.100000000000000000e+01 1.100000000000000000e+01 1.100000000000000000e+01 8.143364395165070962e-03 8.143364395165069228e-03 8.575588569060356436e-03 5.501694597331378667e+00 5.501694597331378667e+00 5.501694597331378667e+00 1.420323576337418573e-03 1.420323576337405346e-03 1.474378925046927876e-03 5.677578548025719485e+00 1.369106515048382124e-03
1.125000000000000000e+01 1.125000000000000000e+01 1.125000000000000000e+01 7.914795669884806123e-03 7.914795669884802654e-03 8.363561272246699402e-03 5.626733110907092161e+00 5.626733110907092161e+00 5.626733110907092161e+00 1.352584312435153044e-03 1.352584312435143070e-03 1.403243210731070596e-03 5.802617061601432980e+00 1.304544581887911699e-03
1.150000000000000000e+01 1.150000000000000000e+01 1.150000000000000000e+01 7.730382270673579956e-03 7.730382270673586027e-03 8.191424876798606911e-03 5.751771624482804768e+00 5.751771624482804768e+00 5.751771624482804768e+00 1.289061631962240334e-03 1.289061631962233612e-03 1.336592710322651771e-03 5.927655575177145586e+00 1.243951183760961827e-03
1.175000000000000000e+01 1.175000000000000000e+01 1.175000000000000000e+01 7.593879255620580686e-03 7.593879255620577216e-03 8.070023212725289594e-03 5.876810138058518262e+00 5.876810138058518262e+00 5.876810138058518262e+00 1.229425199652998697e-03 1.229425199652993709e-03 1.274071330719622362e-03 6.052694088752859081e+00 1.187019446668803168e-03
1.200000000000000000e+01 1.200000000000000000e+01 1.200000000000000000e+01 7.490526554417292412e-03 7.490526554417298484e-03 7.977992499277887853e-03 6.001848651634231757e+00 6.001848651634231757e+00 6.001848651634231757e+00 1.173376053614763300e-03 1.173376053614762432e-03 1.215357275606203467e-03 6.177732602328572575e+00 1.133471313497111995e-03
1.225000000000000000e+01 1.225000000000000000e+01 1.225000000000000000e+01 7.423043091696153103e-03 7.423043091696155706e-03 7.924272755518440778e-03 6.126887165209944364e+00 6.126887165209944364e+00 6.126887165209944364e+00 1.120643046142329050e-03 1.120643046142329700e-03 1.160159028108915169e-03 6.302771115904285182e+00 1.083054235301438234e-03
1.250000000000000000e+01 1.250000000000000000e+01 1.250000000000000000e+01 7.380444921328135205e-03 7.380444921328144746e-03 7.892081975270522770e-03 6.251925678785657858e+00 6.251925678785657858e+00 6.251925678785657858e+00 1.070979904172284685e-03 1.070979904172286853e-03 1.108212186377813269e-03 6.427809629479998677e+00 1.035538584597682022e-03
1.275000000000000000e+01 1.275000000000000000e+01 1.275000000000000000e+01 7.364614490121487028e-03 7.364614490121481824e-03 7.888784775351005002e-03 6.376964192361371353e+00 6.376964192361371353e+00 6.376964192361371353e+00 1.024162487635212927e-03 1.024162487635216180e-03 1.059276367582906875e-03 6.552848143055712171e+00 9.907150865258698876e-04
1.300000000000000000e+01 1.300000000000000000e+01 1.300000000000000000e+01 7.367402013288845176e-03 7.367402013288847779e-03 7.901118603502968463e-03 6.502002705937083959e+00 6.502002705937083959e+00 6.502002705937083959e+00 9.799865387542124311e-04 9.799865387542150332e-04 1.013132804708062693e-03 6.677886656631424778e+00 9.483928432899386887e-04
1.325000000000000000e+01 1.325000000000000000e+01 1.325000000000000000e+01 7.390021355018142578e-03 7.390021355018142578e-03 7.935146209640453127e-03 6.627041219512798342e+00 6.627041219512798342e+00 6.627041219512798342e+00 9.382655499862474924e-04 9.382655499862484682e-04 9.695819361206398394e-04 6.802925170207139161e+00 9.083973201483279023e-04
1.350000000000000000e+01 1.350000000000000000e+01 1.350000000000000000e+01 7.426464495012483069e-03 7.426464495012477865e-03 7.980333842135632974e-03 6.752079733088510949e+00 6.752079733088510949e+00 6.752079733088510949e+00 8.988290272002283669e-04 8.988290272002270659e-04 9.284415671233776750e-04 6.927963683782851767e+00 8.705688263868761965e-04
1.375000000000000000e+01 1.375000000000000000e+01 1.375000000000000000e+01 7.477415873960334067e-03 7.477415873960339271e-03 8.041668794310639912e-03 6.877118246664223555e+00 6.877118246664223555e+00 6.877118246664223555e+00 8.615208166564571448e-04 8.615208166564534585e-04 8.895449749778529345e-04 7.053002197358564374e+00 8.347609215118421315e-04
1.400000000000000000e+01 1.400000000000000000e+01 1.400000000000000000e+01 7.538494596145387146e-03 7.538494596145385411e-03 8.110750640637948844e-03 7.002156760239937050e+00 7.002156760239937050e+00 7.002156760239937050e+00 8.261977549647434764e-04 8.261977549647374049e-04 8.527394931588157950e-04 7.178040710934277868e+00 8.008392400915577674e-04
1.425000000000000000e+01 1.425000000000000000e+01 1.425000000000000000e+01 7.609970012523967729e-03 7.609970012523965995e-03 8.191678056560553964e-03 7.127195273815649657e+00 7.127195273815649657e+00 7.127195273815649657e+00 7.927283449985607832e-04 7.927283449985535191e-04 8.178850077872188611e-04 7.303079224509990475e+00 7.686802192374962055e-04
1.450000000000000000e+01 1.450000000000000000e+01 1.450000000000000000e+01 7.688701978659263046e-03 7.688701978659263046e-03 8.277730599397951916e-03 7.252233787391364039e+00 7.252233787391364039e+00 7.252233787391364039e+00 7.609916994133524622e-04 7.609916994133436802e-04 7.848528608582491057e-04 7.428117738085704858e+00 7.381701844612044644e-04
1.475000000000000000e+01 1.475000000000000000e+01 1.475000000000000000e+01 7.774638192680777098e-03 7.774638192680771026e-03 8.372272355475884886e-03 7.377272300967076646e+00 7.377272300967076646e+00 7.377272300967076646e+00 7.308764841970354260e-04 7.308764841970250177e-04 7.535246467324222723e-04 7.553156251661417464e+00 7.092043250781420935e-04
1.500000000000000000e+01 1.500000000000000000e+01 1.500000000000000000e+01 7.865586547928946071e-03 7.865586547928944336e-03 8.469914313445629089e-03 7.502310814542789252e+00 7.502310814542789252e+00 7.502310814542789252e+00 7.022800867543035072e-04 7.022800867542941831e-04 7.237913578939090577e-04 7.678194765237130071e+00 6.816859796186342749e-04
1.525000000000000000e+01 1.525000000000000000e+01 1.525000000000000000e+01 7.961249205219468258e-03 7.961249205219469993e-03 8.573412985884933460e-03 7.627349328118502747e+00 7.627349328118502747e+00 7.627349328118502747e+00 6.751077665169431113e-04 6.751077665169345461e-04 6.955524135870796206e-04 7.803233278812843565e+00 6.555258042502176479e-04
1.550000000000000000e+01 1.550000000000000000e+01 1.550000000000000000e+01 8.060158518200367592e-03 8.060158518200365857e-03 8.678440389237361899e-03 7.752387841694215354e+00 7.752387841694215354e+00 7.752387841694215354e+00 6.492719960920364207e-04 6.492719960920296986e-04 6.687149912801275842e-04 7.928271792388556172e+00 6.306412117783003358e-04
1.575000000000000000e+01 1.575000000000000000e+01 1.575000000000000000e+01 8.161833001219531702e-03 8.161833001219536907e-03 8.787250315182765226e-03 7.877426355269929736e+00 7.877426355269929736e+00 7.877426355269929736e+00 6.246917734072517884e-04 6.246917734072479937e-04 6.431932365071284631e-04 8.053310305964270555e+00 6.069556916498904152e-04
1.600000000000000000e+01 1.600000000000000000e+01 1.600000000000000000e+01 8.265357433955056871e-03 8.265357433955055136e-03 8.896364300000549064e-03 8.002464868845642343e+00 8.002464868845642343e+00 8.002464868845642343e+00 6.012920971698105166e-04 6.012920971698081313e-04 6.189077374510500162e-04 8.178348819539982273e+00 5.843983679089502373e-04
1.625000000000000000e+01 1.625000000000000000e+01 1.625000000000000000e+01 8.370116958766287210e-03 8.370116958766290680e-03 9.007620108036988246e-03 8.127503382421354061e+00 8.127503382421354061e+00 8.127503382421354061e+00 5.790034060584301791e-04 5.790034060584284444e-04 5.957848774617101979e-04 8.303387333115693991e+00 5.629034392611802868e-04
1.650000000000000000e+01 1.650000000000000000e+01 1.650000000000000000e+01 8.475615526095870572e-03 8.475615526095872307e-03 9.118222108904918549e-03 8.252541895997069332e+00 8.252541895997069332e+00 8.252541895997069332e+00 5.577611591169288766e-04 5.577611591169289850e-04 5.737564206012491690e-04 8.428425846691409262e+00 5.424098297061070864e-04
1.675000000000000000e+01 1.675000000000000000e+01 1.675000000000000000e+01 8.581145725195214735e-03 8.581145725195221674e-03 9.229663851081277431e-03 8.377580409572781051e+00 8.377580409572781051e+00 8.377580409572781051e+00 5.375053756717547426e-04 5.375053756717537668e-04 5.527589774666871085e-04 8.553464360267120981e+00 5.228607245117985287e-04
1.700000000000000000e+01 1.700000000000000000e+01 1.700000000000000000e+01 8.686526843043948856e-03 8.686526843043952326e-03 9.339700272571123049e-03 8.502618923148494545e+00 8.502618923148494545e+00 8.502618923148494545e+00 5.181802982430376093e-04 5.181802982430354408e-04 5.327336772486729105e-04 8.678502873842834475e+00 5.042032934663650840e-04
1.725000000000000000e+01 1.725000000000000000e+01 1.725000000000000000e+01 8.790992051125080808e-03 8.790992051125079074e-03 9.449540306252607672e-03 8.627657436724208040e+00 8.627657436724208040e+00 8.627657436724208040e+00 4.997340129663886471e-04 4.997340129663849608e-04 5.136257243082699127e-04 8.803541387418547970e+00 4.863883041407865361e-04
1.750000000000000000e+01 1.750000000000000000e+01 1.750000000000000000e+01 8.894594632551783980e-03 8.894594632551782246e-03 9.557383853389403439e-03 8.752695950299919758e+00 8.752695950299919758e+00 8.752695950299919758e+00 4.821181778166277088e-04 4.821181778166209325e-04 4.953841380454116622e-04 8.928579900994259688e+00 4.693699023778960641e-04
1.775000000000000000e+01 1.775000000000000000e+01 1.775000000000000000e+01 8.996535237261956558e-03 8.996535237261956558e-03 9.664204792449058654e-03 8.877734463875635029e+00 8.877734463875635029e+00 8.877734463875635029e+00 4.652877079131023164e-04 4.652877079130922334e-04 4.779613828096712235e-04 9.053618414569974959e+00 4.531052884132909502e-04
1.800000000000000000e+01 1.800000000000000000e+01 1.800000000000000000e+01 9.097037124180052184e-03 9.097037124180059123e-03 9.768563196170903379e-03 9.002772977451346748e+00 9.002772977451346748e+00 9.002772977451346748e+00 4.492005557953054722e-04 4.492005557952938170e-04 4.613131611974549944e-04 9.178656928145686678e+00 4.375545427725400127e-04
1.825000000000000000e+01 1.825000000000000000e+01 1.825000000000000000e+01 9.195290251966680220e-03 9.195290251966678485e-03 9.871239175986491407e-03 9.127811491027060242e+00 9.127811491027060242e+00 9.127811491027060242e+00 4.338174494996478140e-04 4.338174494996336651e-04 4.453981037743656268e-04 9.303695441721400172e+00 4.226803540383000722e-04
1.850000000000000000e+01 1.850000000000000000e+01 1.850000000000000000e+01 9.291637259096950652e-03 9.291637259096959325e-03 9.971084556268066182e-03 9.252850004602773737e+00 9.252850004602773737e+00 9.252850004602773737e+00 4.191017146467023954e-04 4.191017146466868913e-04 4.301776047068516071e-04 9.428733955297113667e+00 4.084478810660434616e-04
1.875000000000000000e+01 1.875000000000000000e+01 1.875000000000000000e+01 9.385275128250733165e-03 9.385275128250729695e-03 1.006872012995595894e-02 9.377888518178485455e+00 9.377888518178485455e+00 9.377888518178485455e+00 4.050190558909807061e-04 4.050190558909655273e-04 4.156155607712700610e-04 9.553772468872825385e+00 3.948245236977612088e-04
1.900000000000000000e+01 1.900000000000000000e+01 1.900000000000000000e+01 9.476625749152169792e-03 9.476625749152166323e-03 1.016323402461725284e-02 9.502927031754200726e+00 9.502927031754200726e+00 9.502927031754200726e+00 3.915374129315294803e-04 3.915374129315148978e-04 4.016782407573929025e-04 9.678810982448540656e+00 3.817798143641108191e-04
1.925000000000000000e+01 1.925000000000000000e+01 1.925000000000000000e+01 9.564907499002354291e-03 9.564907499002359495e-03 1.025511649182174988e-02 9.627965545329912445e+00 9.627965545329912445e+00 9.627965545329912445e+00 3.786267780776272473e-04 3.786267780776141284e-04 3.883340655828719230e-04 9.803849496024252375e+00 3.692852250571410674e-04
1.950000000000000000e+01 1.950000000000000000e+01 1.950000000000000000e+01 9.650589599962783663e-03 9.650589599962788867e-03 1.034364686305801716e-02 9.753004058905625939e+00 9.753004058905625939e+00 9.753004058905625939e+00 3.662590801723026798e-04 3.662590801722927594e-04 3.755535048926127856e-04 9.928888009599965869e+00 3.573140831444137321e-04
1.975000000000000000e+01 1.975000000000000000e+01 1.975000000000000000e+01 9.732923473011498988e-03 9.732923473011495519e-03 1.042920890491208855e-02 9.878042572481339434e+00 9.878042572481339434e+00 9.878042572481339434e+00 3.544080327601126690e-04 3.544080327601062180e-04 3.633088919736272415e-04 1.005392652317567936e+01 3.458414095908000766e-04
2.000000000000000000e+01 2.000000000000000000e+01 2.000000000000000000e+01 9.812400227186938301e-03 9.812400227186933097e-03 1.051123636759791237e-02 1.000308108605705115e+01 1.000308108605705115e+01 1.000308108605705115e+01 3.430490414735783708e-04 3.430490414735754977e-04 3.515743425787621842e-04 1.017896503675139108e+01 3.348438553225908357e-04
2.025000000000000000e+01 2.025000000000000000e+01 2.025000000000000000e+01 9.888313760060460020e-03 9.888313760060461755e-03 1.059002664332465808e-02 1.012811959963276642e+01 1.012811959963276642e+01 1.012811959963276642e+01 3.321590787802064819e-04 3.321590787802070782e-04 3.403255998962012824e-04 1.030400355032710635e+01 3.242995671799661942e-04
2.050000000000000000e+01 2.050000000000000000e+01 2.050000000000000000e+01 9.961156753143287843e-03 9.961156753143282638e-03 1.066513784161767994e-02 1.025315811320847814e+01 1.025315811320847814e+01 1.025315811320847814e+01 3.217166117632828753e-04 3.217166117632863989e-04 3.295399719830742176e-04 1.042904206390281807e+01 3.141881425818645224e-04
2.075000000000000000e+01 2.075000000000000000e+01 2.075000000000000000e+01 1.003027320561054522e-02 1.003027320561054349e-02 1.073679777726476055e-02 1.037819662678419164e+01 1.037819662678419164e+01 1.037819662678419164e+01 3.117015008003838042e-04 3.117015008003892252e-04 3.191962034171143682e-04 1.055408057747853157e+01 3.044905211432135782e-04
2.100000000000000000e+01 2.100000000000000000e+01 2.100000000000000000e+01 1.009614114597084250e-02 1.009614114597084250e-02 1.080466434005714592e-02 1.050323514035990513e+01 1.050323514035990513e+01 1.050323514035990513e+01 3.020949460091171637e-04 3.020949460091233436e-04 3.092744289589294737e-04 1.067911909105424506e+01 2.951889568585431851e-04
2.125000000000000000e+01 2.125000000000000000e+01 2.125000000000000000e+01 1.015816082282815745e-02 1.015816082282815051e-02 1.086890976631917777e-02 1.062827365393561863e+01 1.062827365393561863e+01 1.062827365393561863e+01 2.928794086098556533e-04 2.928794086098616706e-04 2.997560698274646463e-04 1.080415760462995856e+01 2.862669348882051264e-04
2.150000000000000000e+01 2.150000000000000000e+01 2.150000000000000000e+01 1.021678266289708682e-02 1.021678266289709203e-02 1.092927164742268226e-02 1.075331216751133212e+01 1.075331216751133212e+01 1.075331216751133212e+01 2.840385757517204630e-04 2.840385757517245829e-04 2.906238024455984662e-04 1.092919611820567205e+01 2.777091621638343969e-04
2.175000000000000000e+01 2.175000000000000000e+01 2.175000000000000000e+01 1.027146810201443917e-02 1.027146810201443050e-02 1.098587826243670532e-02 1.087835068108704384e+01 1.087835068108704384e+01 1.087835068108704384e+01 2.755573048948284647e-04 2.755573048948301994e-04 2.818614786752735761e-04 1.105423463178138377e+01 2.695015106898337445e-04
2.200000000000000000e+01 2.200000000000000000e+01 2.200000000000000000e+01 1.032262965860742017e-02 1.032262965860741497e-02 1.103853055325931982e-02 1.100338919466275733e+01 1.100338919466275733e+01 1.100338919466275733e+01 2.674216084454379672e-04 2.674216084454369914e-04 2.734541098836974250e-04 1.117927314535709726e+01 2.616310295031508068e-04
2.225000000000000000e+01 2.225000000000000000e+01 2.225000000000000000e+01 1.036979389886202169e-02 1.036979389886202342e-02 1.108732242681282135e-02 1.112842770823847083e+01 1.112842770823847083e+01 1.112842770823847083e+01 2.596186234222773231e-04 2.596186234222728779e-04 2.653878121155798749e-04 1.130431165893281076e+01 2.540859179887097643e-04
2.250000000000000000e+01 2.250000000000000000e+01 2.250000000000000000e+01 1.041332727312918940e-02 1.041332727312918420e-02 1.113210494283180252e-02 1.125346622181418432e+01 1.125346622181418432e+01 1.125346622181418432e+01 2.521366194656608686e-04 2.521366194656535502e-04 2.576498074327118770e-04 1.142935017250852425e+01 2.468555643582890854e-04
2.275000000000000000e+01 2.275000000000000000e+01 2.275000000000000000e+01 1.045282459912411435e-02 1.045282459912411782e-02 1.117294546152245924e-02 1.137850473538989782e+01 1.137850473538989782e+01 1.137850473538989782e+01 2.449649984551655730e-04 2.449649984551561404e-04 2.502283971216454810e-04 1.155438868608423775e+01 2.399305544219413689e-04
2.300000000000000000e+01 2.300000000000000000e+01 2.300000000000000000e+01 1.048859985986333454e-02 1.048859985986333281e-02 1.120973456718452575e-02 1.150354324896560954e+01 1.150354324896560954e+01 1.150354324896560954e+01 2.380943322178482842e-04 2.380943322178373067e-04 2.431129845840262333e-04 1.167942719965994947e+01 2.333027432038326876e-04
2.325000000000000000e+01 2.325000000000000000e+01 2.325000000000000000e+01 1.052031856132570713e-02 1.052031856132570366e-02 1.124251936086175310e-02 1.162858176254132303e+01 1.162858176254132303e+01 1.162858176254132303e+01 2.315164033447878508e-04 2.315164033447764938e-04 2.362940820431581402e-04 1.180446571323566296e+01 2.269653116852777728e-04
2.350000000000000000e+01 2.350000000000000000e+01 2.350000000000000000e+01 1.054823728161149304e-02 1.054823728161149131e-02 1.127122162387188611e-02 1.175362027611703652e+01 1.175362027611703652e+01 1.175362027611703652e+01 2.252243489538498895e-04 2.252243489538393456e-04 2.297633532171027991e-04 1.192950422681137645e+01 2.209130161664354768e-04
2.375000000000000000e+01 2.375000000000000000e+01 2.375000000000000000e+01 1.057209407523390307e-02 1.057209407523390654e-02 1.129587312328490800e-02 1.187865878969275002e+01 1.187865878969275002e+01 1.187865878969275002e+01 2.192135527808397144e-04 2.192135527808303903e-04 2.235136005107616404e-04 1.205454274038708995e+01 2.151439437668041781e-04
2.400000000000000000e+01 2.400000000000000000e+01 2.400000000000000000e+01 1.059208441136612160e-02 1.059208441136612160e-02 1.131642048827596198e-02 1.200369730326846351e+01 1.200369730326846351e+01 1.200369730326846351e+01 2.134880824893633892e-04 2.134880824893558811e-04 2.175389724952224023e-04 1.217958125396280344e+01 2.096721201691605595e-04
2.425000000000000000e+01 2.425000000000000000e+01 2.425000000000000000e+01 1.060802025979475441e-02 1.060802025979475094e-02 1.133288385047367952e-02 1.212873581684417523e+01 1.212873581684417523e+01 1.212873581684417523e+01 2.080922481900999001e-04 2.080922481900945333e-04 2.118404360165993764e-04 1.230461976753851516e+01 2.045849925547001645e-04
2.450000000000000000e+01 2.450000000000000000e+01 2.450000000000000000e+01 1.062003334066812139e-02 1.062003334066812313e-02 1.134523010104741651e-02 1.225377433041988873e+01 1.225377433041988873e+01 1.225377433041988873e+01 2.032045200936464418e-04 2.032045200936428368e-04 2.064656904959956906e-04 1.242965828111422866e+01 2.001911071564388953e-04
2.475000000000000000e+01 2.475000000000000000e+01 2.475000000000000000e+01 1.062801047352495386e-02 1.062801047352495039e-02 1.135347030889428954e-02 1.237881284399560222e+01 1.237881284399560222e+01 1.237881284399560222e+01 1.992759732944073415e-04 1.992759732944053628e-04 2.016446885377956631e-04 1.255469679468994215e+01 1.971612673709303867e-04
2.500000000000000000e+01 2.500000000000000000e+01 2.500000000000000000e+01 1.063201793315341447e-02 1.063201793315340753e-02 1.135758865150300091e-02 1.250385135757131572e+01 1.250385135757131572e+01 1.250385135757131572e+01 1.970159021952320251e-04 1.970159021952306970e-04 1.979755069252671720e-04 1.267973530826565565e+01 1.963141346634614845e-04
