1.324121091120506355e+00 0.000000000000000000e+00 1.000000000000000000e+00 -0.000000000000000000e+00
1.324121091120506355e+00 1.000000000000000056e-01 9.133409823700530117e-01 1.224628559031330777e-01
1.324121091120506355e+00 2.000000000000000111e-01 7.834364730499263629e-01 2.887377646594713188e-01
1.324121091120506355e+00 3.000000000000000444e-01 6.263339515695245385e-01 4.394475035414925901e-01
1.324121091120506355e+00 4.000000000000000222e-01 4.448147321645872787e-01 5.533457013189533313e-01
1.324121091120506355e+00 5.000000000000000000e-01 2.470964223033735585e-01 6.186708018851272417e-01
1.324121091120506355e+00 6.000000000000000888e-01 4.563249910741614540e-02 6.293655390918718728e-01
1.324121091120506355e+00 7.000000000000000666e-01 -1.447816215257752837e-01 5.847383958426447537e-01
1.324121091120506355e+00 8.000000000000000444e-01 -3.090506215524894684e-01 4.893945241047083505e-01
1.324121091120506355e+00 9.000000000000000222e-01 -4.337326204116445649e-01 3.528812443438972823e-01
1.324121091120506355e+00 1.000000000000000000e+00 -5.086824031399754809e-01 1.888066611724548427e-01
1.324121091120506355e+00 1.100000000000000089e+00 -5.283384947071403381e-01 1.351536738101887479e-02
1.324121091120506355e+00 1.200000000000000178e+00 -4.924501193609890359e-01 -1.555555970692747703e-01
1.324121091120506355e+00 1.300000000000000044e+00 -4.062202270556669048e-01 -3.016908949620810132e-01
1.324121091120506355e+00 1.400000000000000133e+00 -2.798298701357180840e-01 -4.106264131035978204e-01
1.324121091120506355e+00 1.500000000000000000e+00 -1.274094484374989622e-01 -4.720554471462672930e-01
1.324121091120506355e+00 1.600000000000000089e+00 3.442469055936681760e-02 -4.806991316697996619e-01
1.324121091120506355e+00 1.700000000000000178e+00 1.883222642157248716e-01 -4.368486260172554925e-01
1.324121091120506355e+00 1.800000000000000044e+00 3.180198747765767830e-01 -3.463049936379395399e-01
1.324121091120506355e+00 1.900000000000000133e+00 4.100596917358776405e-01 -2.197276787671292031e-01
1.324121091120506355e+00 2.000000000000000000e+00 4.551920937226746067e-01 -7.146414481172953803e-02
1.324121091120506355e+00 2.100000000000000089e+00 4.493277633411019156e-01 8.201762346857689734e-02
1.324121091120506355e+00 2.200000000000000178e+00 3.939266173991883280e-01 2.239103524315076421e-01
1.324121091120506355e+00 2.300000000000000266e+00 2.957868970345677861e-01 3.388826293901942566e-01
1.324121091120506355e+00 2.400000000000000355e+00 1.662597178374894957e-01 4.147161772992394857e-01
1.324121091120506355e+00 2.500000000000000000e+00 1.997472348722037147e-02 4.435997496640896598e-01
1.324121091120506355e+00 2.600000000000000089e+00 -1.267773847591646685e-01 4.229332932999236849e-01
1.324121091120506355e+00 2.700000000000000178e+00 -2.578339339677820363e-01 3.555613385607646615e-01
1.324121091120506355e+00 2.800000000000000266e+00 -3.589184480818748968e-01 2.494128174332828629e-01
1.324121091120506355e+00 2.900000000000000355e+00 -4.191827035080478714e-01 1.165895252644618824e-01
1.324121091120506355e+00 3.000000000000000000e+00 -4.323616302265090305e-01 -2.799230817269225680e-02
1.324121091120506355e+00 3.100000000000000089e+00 -3.974202589287675336e-01 -1.682584652379819357e-01
1.324121091120506355e+00 3.200000000000000178e+00 -3.186243421749060944e-01 -2.887462956029325789e-01
1.324121091120506355e+00 3.300000000000000266e+00 -2.050308938378431201e-01 -3.762952259798200139e-01
1.324121091120506355e+00 3.400000000000000355e+00 -6.945832197741529102e-02 -4.214730562686355153e-01
1.324121091120506355e+00 3.500000000000000000e+00 7.294817847415249745e-02 -4.195841820319131665e-01
1.324121091120506355e+00 3.600000000000000089e+00 2.063966486961782143e-01 -3.711520407725878989e-01
1.324121091120506355e+00 3.700000000000000178e+00 3.161875634830882964e-01 -2.818265091709705183e-01
1.324121091120506355e+00 3.800000000000000266e+00 3.903232451711967088e-01 -1.617294300809011265e-01
1.324121091120506355e+00 3.900000000000000355e+00 4.208096368037888002e-01 -2.431406727268166021e-02
1.324121091120506355e+00 4.000000000000000000e+00 4.045119012499401867e-01 1.151350098961054780e-01
1.324121091120506355e+00 4.100000000000000533e+00 3.434713958551545154e-01 2.411929570855123051e-01
1.324121091120506355e+00 4.200000000000000178e+00 2.446521212242417087e-01 3.399936609638421481e-01
1.324121091120506355e+00 4.299999999999999822e+00 1.191488481440402952e-01 4.007458048200283618e-01
1.324121091120506355e+00 4.400000000000000355e+00 -1.905550874599936523e-02 4.169057781080299230e-01
1.324121091120506355e+00 4.500000000000000000e+00 -1.546417072745664423e-01 3.868763801443604877e-01
1.324121091120506355e+00 4.600000000000000533e+00 -2.726477189104593579e-01 3.141590223267992643e-01
1.324121091120506355e+00 4.700000000000000178e+00 -3.601116411907172021e-01 2.069460257829842387e-01
1.324121091120506355e+00 4.800000000000000711e+00 -4.074912857097338081e-01 7.719775043093438094e-02
1.324121091120506355e+00 4.900000000000000355e+00 -4.096980770149935558e-01 -6.068804033970951611e-02
1.324121091120506355e+00 5.000000000000000000e+00 -3.666395262892241935e-01 -1.914717030241991635e-01
1.324121091120506355e+00 5.100000000000000533e+00 -2.832104905164675168e-01 -3.007493770222517959e-01
1.324121091120506355e+00 5.200000000000000178e+00 -1.687347168402567599e-01 -3.765369804874869053e-01
1.324121091120506355e+00 5.300000000000000711e+00 -3.592494637573492855e-02 -4.105766895297671693e-01
1.324121091120506355e+00 5.400000000000000355e+00 1.005289035308899181e-01 -3.992343633648304246e-01
1.324121091120506355e+00 5.500000000000000000e+00 2.255793438341169299e-01 -3.438830077846130595e-01
1.324121091120506355e+00 5.600000000000000533e+00 3.254800374537283880e-01 -2.507343105898736657e-01
1.324121091120506355e+00 5.700000000000000178e+00 3.892888704268508415e-01 -1.301431313193223693e-01
1.324121091120506355e+00 5.800000000000000711e+00 4.100668817550132683e-01 4.546145561089585951e-03
1.324121091120506355e+00 5.900000000000000355e+00 3.856254526634238511e-01 1.384718061110588316e-01
1.324121091120506355e+00 6.000000000000000000e+00 3.187539371523059328e-01 2.568954759450819969e-01
1.324121091120506355e+00 6.100000000000000533e+00 2.169038076459081088e-01 3.468173340710302699e-01
1.324121091120506355e+00 6.200000000000000178e+00 9.134934275898477785e-02 3.984050393971960147e-01
1.324121091120506355e+00 6.300000000000000711e+00 -4.404844939211799426e-02 4.060566965990439758e-01
1.324121091120506355e+00 6.400000000000000355e+00 -1.743866068521666146e-01 3.690182917636821713e-01
1.324121091120506355e+00 6.500000000000000000e+00 -2.853368794026092670e-01 2.914426090636977884e-01
1.324121091120506355e+00 6.600000000000000533e+00 -3.647458486568345704e-01 1.819260903204235336e-01
1.324121091120506355e+00 6.700000000000000178e+00 -4.039341275317769875e-01 5.256704606457485857e-02
1.324121091120506355e+00 6.800000000000000711e+00 -3.986635344872707654e-01 -8.239685796503641579e-02
1.324121091120506355e+00 6.900000000000000355e+00 -3.495866760846590426e-01 -2.081290231974090854e-01
1.324121091120506355e+00 7.000000000000000000e+00 -2.621627824715458965e-01 -3.108232877293983787e-01
1.324121091120506355e+00 7.100000000000000533e+00 -1.460405649837480113e-01 -3.792487635074295316e-01
1.324121091120506355e+00 7.200000000000000178e+00 -1.401368662720493471e-02 -4.059407507519167124e-01
1.324121091120506355e+00 7.300000000000000711e+00 1.193967100915992313e-01 -3.880249293649010167e-01
1.324121091120506355e+00 7.400000000000000355e+00 2.395471432148074398e-01 -3.275284347075286262e-01
1.324121091120506355e+00 7.500000000000000000e+00 3.332755988965264704e-01 -2.311443077431315496e-01
1.324121091120506355e+00 7.600000000000000533e+00 3.903325251220837733e-01 -1.094919389319555930e-01
1.324121091120506355e+00 7.700000000000000178e+00 4.045032720646060120e-01 2.405365013662000631e-02
1.324121091120506355e+00 7.800000000000000711e+00 3.742834833726945143e-01 1.548304696705763706e-01
1.324121091120506355e+00 7.900000000000000355e+00 3.030379711576827173e-01 2.685011879325792661e-01
1.324121091120506355e+00 8.000000000000000000e+00 1.986244400987232372e-01 3.526220107535042447e-01
1.324121091120506355e+00 8.099999999999999645e+00 7.252476991113362970e-02 3.980047157393099000e-01
1.324121091120506355e+00 8.200000000000001066e+00 -6.141741522064107089e-02 3.997171395911152114e-01
1.324121091120506355e+00 8.300000000000000711e+00 -1.885183104475835758e-01 3.576172593752839357e-01
1.324121091120506355e+00 8.400000000000000355e+00 -2.948613955767246386e-01 2.763596606573240910e-01
1.324121091120506355e+00 8.500000000000000000e+00 -3.688173935197722186e-01 1.648782193644220684e-01
1.324121091120506355e+00 8.599999999999999645e+00 -4.023091475977222942e-01 3.540797501191506047e-02
1.324121091120506355e+00 8.700000000000001066e+00 -3.916966049384137949e-01 -9.784928086709898665e-02
1.324121091120506355e+00 8.800000000000000711e+00 -3.381854099671646741e-01 -2.202838395451449938e-01
1.324121091120506355e+00 8.900000000000000355e+00 -2.476893298168603430e-01 -3.185025022465671207e-01
1.324121091120506355e+00 9.000000000000000000e+00 -1.301428150740401302e-01 -3.817963852169592442e-01
1.324121091120506355e+00 9.099999999999999645e+00 1.595895404219141618e-03 -4.032620775720422990e-01
1.324121091120506355e+00 9.200000000000001066e+00 1.330875686440407824e-01 -3.805500709387142355e-01
1.324121091120506355e+00 9.300000000000000711e+00 2.499053161233644182e-01 -3.162000723867663399e-01
1.324121091120506355e+00 9.400000000000000355e+00 3.393132156422731249e-01 -2.173134277945170667e-01
1.324121091120506355e+00 9.500000000000000000e+00 3.915664627457978164e-01 -9.467883815992905738e-02
1.324121091120506355e+00 9.600000000000001421e+00 4.009180877835160639e-01 3.825516473277795759e-02
1.324121091120506355e+00 9.700000000000001066e+00 3.664244707435442283e-01 1.668944472440977156e-01
1.324121091120506355e+00 9.800000000000000711e+00 2.918822890595719199e-01 2.772501794414162779e-01
1.324121091120506355e+00 9.900000000000000355e+00 1.854152473252934086e-01 3.572124811029994684e-01
1.324121091120506355e+00 1.000000000000000000e+01 5.877522885266418806e-02 3.980632703896511693e-01
1.324121091120506355e+00 1.010000000000000142e+01 -7.426789724807589255e-02 3.954007322604164987e-01
1.324121091120506355e+00 1.020000000000000107e+01 -1.991175577102149430e-01 3.494648684675856209e-01
1.324121091120506355e+00 1.030000000000000071e+01 -3.021332240106104905e-01 2.654035975694798988e-01
1.324121091120506355e+00 1.040000000000000036e+01 -3.721046052256465897e-01 1.523135963996617992e-01
1.324121091120506355e+00 1.050000000000000000e+01 -4.013444686122528138e-01 2.267279055194997353e-02
1.324121091120506355e+00 1.060000000000000142e+01 -3.867541459994505160e-01 -1.094262787769536838e-01
1.324121091120506355e+00 1.070000000000000107e+01 -3.298599559207417986e-01 -2.294913934041133141e-01
1.324121091120506355e+00 1.080000000000000071e+01 -2.370067211469348289e-01 -3.244547371375589573e-01
1.324121091120506355e+00 1.090000000000000036e+01 -1.182323997672280885e-01 -3.839139088205285599e-01
1.324121091120506355e+00 1.100000000000000000e+01 1.334699108671858793e-02 -4.014448952648518865e-01
1.324121091120506355e+00 1.110000000000000142e+01 1.434823570674558513e-01 -3.750779552051911048e-01
1.324121091120506355e+00 1.120000000000000107e+01 2.578503047173477114e-01 -3.078131630955072695e-01
1.324121091120506355e+00 1.130000000000000071e+01 3.440549685632552923e-01 -2.068880161212748592e-01
1.324121091120506355e+00 1.140000000000000036e+01 3.926497396091739867e-01 -8.348213632887752089e-02
1.324121091120506355e+00 1.150000000000000000e+01 3.983422037061512544e-01 4.907566183780159852e-02
1.324121091120506355e+00 1.160000000000000142e+01 3.605878292227615023e-01 1.761663987845932811e-01
1.324121091120506355e+00 1.170000000000000107e+01 2.834121282008232878e-01 2.840312722279717539e-01
1.324121091120506355e+00 1.180000000000000071e+01 1.754065198588473373e-01 3.608489845403878848e-01
1.324121091120506355e+00 1.190000000000000036e+01 4.820897173420879422e-02 3.982310376361519744e-01
1.324121091120506355e+00 1.200000000000000000e+01 -8.416117423786456664e-02 3.921993554012875305e-01
1.324121091120506355e+00 1.210000000000000142e+01 -2.073212309048657054e-01 3.432995742252693550e-01
1.324121091120506355e+00 1.220000000000000107e+01 -3.078547419283571562e-01 2.570017569270313107e-01
1.324121091120506355e+00 1.230000000000000071e+01 -3.747226281792425673e-01 1.426808489322174966e-01
1.324121091120506355e+00 1.240000000000000036e+01 -4.007206091253107672e-01 1.277565869949441428e-02
1.324121091120506355e+00 1.250000000000000000e+01 -3.830139077994984542e-01 -1.184179153797545458e-01
1.324121091120506355e+00 1.260000000000000142e+01 -3.234606981893840549e-01 -2.367172824311904178e-01
1.324121091120506355e+00 1.270000000000000107e+01 -2.287226407009423368e-01 -3.291622980317994718e-01
1.324121091120506355e+00 1.280000000000000071e+01 -1.090149789621536885e-01 -3.856462827104901736e-01
1.324121091120506355e+00 1.290000000000000036e+01 2.257809405409496456e-02 -4.000910765146928338e-01
1.324121091120506355e+00 1.300000000000000000e+01 1.516148003216132578e-01 -3.709216867146942764e-01
1.324121091120506355e+00 1.310000000000000142e+01 2.641371119975505222e-01 -3.012349862912043208e-01
1.324121091120506355e+00 1.320000000000000107e+01 3.478434575276563856e-01 -1.987867087722218762e-01
1.324121091120506355e+00 1.330000000000000071e+01 3.935722500158098658e-01 -7.468440139330549676e-02
1.324121091120506355e+00 1.340000000000000036e+01 3.963756153521963976e-01 5.760342230264198227e-02
1.324121091120506355e+00 1.350000000000000000e+01 3.560327337171305118e-01 1.835219921218370631e-01
1.324121091120506355e+00 1.360000000000000142e+01 2.768262790855103295e-01 2.894122348845341586e-01
1.324121091120506355e+00 1.370000000000000107e+01 1.674350131953578347e-01 3.637680496482355030e-01
1.324121091120506355e+00 1.380000000000000071e+01 3.990340798199815131e-02 3.984683259737813454e-01
1.324121091120506355e+00 1.390000000000000036e+01 -9.201192926238123404e-02 3.896831155810881464e-01
1.324121091120506355e+00 1.400000000000000000e+01 -2.139020082223271613e-01 3.384379610881063649e-01
1.324121091120506355e+00 1.410000000000000142e+01 -3.124193572382837902e-01 2.503946918149051459e-01
1.324121091120506355e+00 1.420000000000000107e+01 -3.768688072909792131e-01 1.350058642826439115e-01
1.324121091120506355e+00 1.430000000000000071e+01 -4.002565319345636752e-01 4.902217831163012060e-03
1.324121091120506355e+00 1.440000000000000036e+01 -3.800730052863686148e-01 -1.256386930098904176e-01
1.324121091120506355e+00 1.450000000000000000e+01 -3.184314280213907389e-01 -2.424966563132370523e-01
1.324121091120506355e+00 1.460000000000000142e+01 -2.220692377334845258e-01 -3.329471190892255850e-01
1.324121091120506355e+00 1.470000000000000107e+01 -1.016189120651959099e-01 -3.871103436913190254e-01
1.324121091120506355e+00 1.480000000000000071e+01 2.989619221735794613e-02 -3.990807404353425292e-01
1.324121091120506355e+00 1.490000000000000036e+01 1.582101158706818445e-01 -3.675350723867291114e-01
1.324121091120506355e+00 1.500000000000000000e+01 2.692391984410585914e-01 -2.960164791795814598e-01
1.324121091120506355e+00 1.510000000000000142e+01 3.509071914352772104e-01 -1.923103097922770066e-01
1.324121091120506355e+00 1.520000000000000107e+01 3.943447755306593860e-01 -6.758189216588146586e-02
1.324121091120506355e+00 1.530000000000000071e+01 3.948338056834882481e-01 6.450131419762183960e-02
1.324121091120506355e+00 1.540000000000000036e+01 3.523803678809065976e-01 1.894694111319046304e-01
1.324121091120506355e+00 1.550000000000000000e+01 2.715369120100584177e-01 2.938016116565084768e-01
1.324121091120506355e+00 1.560000000000000142e+01 1.610513417358868937e-01 3.661563812437807486e-01
1.324121091120506355e+00 1.570000000000000107e+01 3.309060436234440017e-02 3.986371658142779384e-01
1.324121091120506355e+00 1.580000000000000071e+01 -9.838750717038059757e-02 3.877372106846987410e-01
1.324121091120506355e+00 1.590000000000000036e+01 -2.191896160765160195e-01 3.345836956510038762e-01
1.324121091120506355e+00 1.600000000000000000e+01 -3.161524913227903300e-01 2.449519996056723770e-01
1.324121091120506355e+00 1.610000000000000142e+01 -3.786685026523393671e-01 1.287309990514256819e-01
1.324121091120506355e+00 1.619999999999999929e+01 -3.999635648322559245e-01 -1.429735955837993728e-03
1.324121091120506355e+00 1.630000000000000071e+01 -3.776924364030021519e-01 -1.314919800000868000e-01
1.324121091120506355e+00 1.640000000000000213e+01 -3.142653530678891638e-01 -2.472756822425951073e-01
1.324121091120506355e+00 1.650000000000000000e+01 -2.166960811528106101e-01 -3.360938437934125611e-01
1.324121091120506355e+00 1.660000000000000142e+01 -9.561905964523439994e-02 -3.883133629920950125e-01
1.324121091120506355e+00 1.669999999999999929e+01 3.591828096530190473e-02 -3.982620175238735793e-01
1.324121091120506355e+00 1.680000000000000071e+01 1.636045938386050114e-01 -3.648278077684194431e-01
1.324121091120506355e+00 1.690000000000000213e+01 2.734357602460875114e-01 -2.917199615623716769e-01
1.324121091120506355e+00 1.700000000000000000e+01 3.534611457677075408e-01 -1.869558743093435726e-01
1.324121091120506355e+00 1.710000000000000142e+01 3.950337937056371818e-01 -6.183329087813534825e-02
1.324121091120506355e+00 1.719999999999999929e+01 3.936016962263602093e-01 7.010678610240038411e-02
1.324121091120506355e+00 1.730000000000000071e+01 3.493271600598955584e-01 1.944113251972079126e-01
1.324121091120506355e+00 1.740000000000000213e+01 2.671114574066627001e-01 2.974854049095688735e-01
1.324121091120506355e+00 1.750000000000000000e+01 1.558817223425039422e-01 3.681762482909143874e-01
1.324121091120506355e+00 1.760000000000000142e+01 2.762477975383098236e-02 3.988198345532639189e-01
1.324121091120506355e+00 1.769999999999999929e+01 -1.037004742970367849e-01 3.860513705757953051e-01
1.324121091120506355e+00 1.780000000000000071e+01 -2.236967394226249684e-01 3.312932730067217890e-01
1.324121091120506355e+00 1.790000000000000213e+01 -3.192875766950090677e-01 2.405742185898906149e-01
1.324121091120506355e+00 1.800000000000000000e+01 -3.801527797243203222e-01 1.237010166425788066e-01
1.324121091120506355e+00 1.810000000000000142e+01 -3.996687707206280082e-01 -6.710333561714102064e-03
1.324121091120506355e+00 1.819999999999999929e+01 -3.756840918227028481e-01 -1.364399241026052478e-01
1.324121091120506355e+00 1.830000000000000071e+01 -3.108558953696916594e-01 -2.512722747964059589e-01
1.324121091120506355e+00 1.840000000000000213e+01 -2.122906785119257067e-01 -3.387128016259108865e-01
1.324121091120506355e+00 1.850000000000000000e+01 -9.066236934232327349e-02 -3.893188100234979410e-01
1.324121091120506355e+00 1.860000000000000142e+01 4.090907684658755955e-02 -3.975974159288059306e-01
1.324121091120506355e+00 1.869999999999999929e+01 1.680901798004602044e-01 -3.625899235307394886e-01
1.324121091120506355e+00 1.880000000000000071e+01 2.769511210173569715e-01 -2.881615531638728189e-01
1.324121091120506355e+00 1.890000000000000213e+01 3.556243146382335185e-01 -1.824675503135100851e-01
1.324121091120506355e+00 1.900000000000000000e+01 3.956325228453852483e-01 -5.700509380454829578e-02
1.324121091120506355e+00 1.910000000000000142e+01 3.926340990609577530e-01 7.474140924226573002e-02
1.324121091120506355e+00 1.920000000000000284e+01 3.468905864158662311e-01 1.984246944446563243e-01
1.324121091120506355e+00 1.930000000000000071e+01 2.634036727081577878e-01 3.005368608203603520e-01
1.324121091120506355e+00 1.940000000000000213e+01 1.513517669208062355e-01 3.698983222896687906e-01
1.324121091120506355e+00 1.950000000000000000e+01 2.290855903552644485e-02 3.990404207735668840e-01
1.324121091120506355e+00 1.960000000000000142e+01 -1.079908254432578735e-01 3.848201953492523253e-01
1.324121091120506355e+00 1.970000000000000284e+01 -2.272641914946130215e-01 3.287282450319458649e-01
1.324121091120506355e+00 1.980000000000000071e+01 -3.218503079631153119e-01 2.368401753618524785e-01
1.324121091120506355e+00 1.990000000000000213e+01 -3.814160525693079395e-01 1.191855100830430947e-01
1.324121091120506355e+00 2.000000000000000000e+01 -3.995033944029930395e-01 -1.131711780300380041e-02
1.324121091120506355e+00 2.010000000000000142e+01 -3.741621864708132295e-01 -1.405151507257828558e-01
1.324121091120506355e+00 2.020000000000000284e+01 -3.081922017147641357e-01 -2.544761521834285611e-01
1.324121091120506355e+00 2.030000000000000071e+01 -2.086674128273584006e-01 -3.408121959762835940e-01
1.324121091120506355e+00 2.040000000000000213e+01 -8.634810349850792488e-02 -3.901271722743305803e-01
1.324121091120506355e+00 2.050000000000000000e+01 4.533144884639651873e-02 -3.970175379379652925e-01
1.324121091120506355e+00 2.060000000000000142e+01 1.719857332771816127e-01 -3.607289783426540497e-01
1.324121091120506355e+00 2.070000000000000284e+01 2.799053375975831814e-01 -2.852902752065977765e-01
1.324121091120506355e+00 2.080000000000000071e+01 3.574122047593755180e-01 -1.788988871709673301e-01
1.324121091120506355e+00 2.090000000000000213e+01 3.960895286056375642e-01 -5.301228638762177370e-02
1.324121091120506355e+00 2.100000000000000000e+01 3.917239476900733486e-01 7.875637211286216910e-02
1.324121091120506355e+00 2.110000000000000142e+01 3.447428446860179019e-01 2.019989039831406874e-01
1.324121091120506355e+00 2.120000000000000284e+01 2.603158902045898393e-01 3.031859388617976214e-01
1.324121091120506355e+00 2.130000000000000071e+01 1.476422231782998085e-01 3.713752649935303518e-01
1.324121091120506355e+00 2.140000000000000213e+01 1.898867277278885185e-02 3.992262290273824732e-01
1.324121091120506355e+00 2.150000000000000000e+01 -1.117315828271046724e-01 3.837386532650867155e-01
1.324121091120506355e+00 2.160000000000000142e+01 -2.303657224644940493e-01 3.265303962272514404e-01
1.324121091120506355e+00 2.170000000000000284e+01 -3.240241972065406317e-01 2.337680101317211878e-01
1.324121091120506355e+00 2.180000000000000071e+01 -3.824644915023028835e-01 1.155289019496813091e-01
1.324121091120506355e+00 2.190000000000000213e+01 -3.993072976107540639e-01 -1.520453400038356342e-02
1.324121091120506355e+00 2.200000000000000000e+01 -3.727578213078507341e-01 -1.441941118643940978e-01
1.324121091120506355e+00 2.210000000000000142e+01 -3.057766761262499799e-01 -2.574391161143534390e-01
1.324121091120506355e+00 2.220000000000000284e+01 -2.055789067261746539e-01 -3.427572647615946266e-01
1.324121091120506355e+00 2.230000000000000071e+01 -8.300515325141520628e-02 -3.908902558626622947e-01
1.324121091120506355e+00 2.240000000000000213e+01 4.870695508898933990e-02 -3.965551462261506788e-01
1.324121091120506355e+00 2.250000000000000000e+01 1.751452756280965917e-01 -3.590889533785147636e-01
1.324121091120506355e+00 2.260000000000000142e+01 2.825212135304965289e-01 -2.825650578299512272e-01
1.324121091120506355e+00 2.270000000000000284e+01 3.591149873100891732e-01 -1.754074078370131129e-01
1.324121091120506355e+00 2.280000000000000071e+01 3.966829226341745396e-01 -4.925772860777084816e-02
1.324121091120506355e+00 2.290000000000000213e+01 3.912029399873288016e-01 8.218173472488030096e-02
1.324121091120506355e+00 2.300000000000000000e+01 3.432526946810187107e-01 2.047608944599105807e-01
1.324121091120506355e+00 2.310000000000000142e+01 2.580020037692653534e-01 3.051559592019128520e-01
1.324121091120506355e+00 2.320000000000000284e+01 1.446241165622659808e-01 3.724430873338724357e-01
1.324121091120506355e+00 2.330000000000000071e+01 1.551658904858545240e-02 3.992280555772947381e-01
1.324121091120506355e+00 2.340000000000000213e+01 -1.152666405512181580e-01 3.825869420012521505e-01
1.324121091120506355e+00 2.350000000000000000e+01 -2.334254622560979209e-01 3.244059516483421834e-01
1.324121091120506355e+00 2.360000000000000142e+01 -3.261890940107951553e-01 2.310289727827312678e-01
1.324121091120506355e+00 2.370000000000000284e+01 -3.835381061309070527e-01 1.126341744491774488e-01
1.324121091120506355e+00 2.380000000000000071e+01 -3.992770303592362846e-01 -1.801984396013173867e-02
1.324121091120506355e+00 2.390000000000000213e+01 -3.716715921096754305e-01 -1.467837058380745130e-01
1.324121091120506355e+00 2.400000000000000000e+01 -3.036459794249660171e-01 -2.596615971651546340e-01
1.324121091120506355e+00 2.410000000000000142e+01 -2.025661418861506580e-01 -3.443482695961470608e-01
1.324121091120506355e+00 2.420000000000000284e+01 -7.948310513568312974e-02 -3.915647008577868848e-01
1.324121091120506355e+00 2.430000000000000071e+01 5.220750145872379150e-02 -3.962099750716537860e-01
1.324121091120506355e+00 2.440000000000000213e+01 1.781267160366084845e-01 -3.578515527384442674e-01
1.324121091120506355e+00 2.450000000000000000e+01 2.846942965162500006e-01 -2.806731965778145321e-01
1.324121091120506355e+00 2.460000000000000142e+01 3.603820864516388833e-01 -1.730807023061373129e-01
1.324121091120506355e+00 2.470000000000000284e+01 3.969994143411655352e-01 -4.665780754398809321e-02
1.324121091120506355e+00 2.480000000000000071e+01 3.905261902619476810e-01 8.492819903448918517e-02
1.324121091120506355e+00 2.490000000000000213e+01 3.415916291776441849e-01 2.073383289856791656e-01
1.324121091120506355e+00 2.500000000000000000e+01 2.554447586063549602e-01 3.072611122931211414e-01
1.324121091120506355e+00 2.510000000000000142e+01 1.415367779315710173e-01 3.737140880082491790e-01
1.324121091120506355e+00 2.520000000000000284e+01 1.227457221099980712e-02 3.995034100378657138e-01
1.324121091120506355e+00 2.530000000000000071e+01 -1.182183703280052234e-01 3.818944852740581153e-01
1.324121091120506355e+00 2.540000000000000213e+01 -2.357877947694278775e-01 3.228952011383962040e-01
1.324121091120506355e+00 2.550000000000000000e+01 -3.278056134102044217e-01 2.289129677649152650e-01
1.324121091120506355e+00 2.560000000000000142e+01 -3.843176630542122219e-01 1.101365678297842321e-01
1.324121091120506355e+00 2.570000000000000284e+01 -3.991784010894361967e-01 -2.070319881811075874e-02
1.324121091120506355e+00 2.580000000000000071e+01 -3.706706465558546326e-01 -1.494113208814422111e-01
1.324121091120506355e+00 2.590000000000000213e+01 -3.017998927690523914e-01 -2.619029320999001209e-01
1.324121091120506355e+00 2.600000000000000000e+01 -2.000441036148491447e-01 -3.458905272969500788e-01
1.324121091120506355e+00 2.610000000000000142e+01 -7.664045872680044780e-02 -3.922003743444969492e-01
1.324121091120506355e+00 2.620000000000000284e+01 5.500308760846066986e-02 -3.959118406812708324e-01
1.324121091120506355e+00 2.630000000000000071e+01 1.806653477006623099e-01 -3.567142366347512694e-01
1.324121091120506355e+00 2.640000000000000213e+01 2.867465492781832159e-01 -2.788360705686980245e-01
1.324121091120506355e+00 2.650000000000000000e+01 3.617312575712232636e-01 -1.706454203474156439e-01
1.324121091120506355e+00 2.660000000000000142e+01 3.974413394527916421e-01 -4.394481115738541749e-02
1.324121091120506355e+00 2.670000000000000284e+01 3.900460411273133365e-01 8.742962840918323819e-02
1.324121091120506355e+00 2.680000000000000071e+01 3.403642431438894111e-01 2.094280717137669001e-01
1.324121091120506355e+00 2.690000000000000213e+01 2.536754641265329679e-01 3.087923411346058522e-01
1.324121091120506355e+00 2.700000000000000000e+01 1.392698578456232905e-01 3.745638088257871035e-01
1.324121091120506355e+00 2.710000000000000142e+01 9.708998575117833499e-03 3.994994449860199137e-01
1.324121091120506355e+00 2.720000000000000284e+01 -1.206974423597950569e-01 3.810473271342371682e-01
1.324121091120506355e+00 2.730000000000000071e+01 -2.380263965551188965e-01 3.213095646175913034e-01
1.324121091120506355e+00 2.740000000000000213e+01 -3.296310342150880479e-01 2.266289080566978864e-01
1.324121091120506355e+00 2.750000000000000000e+01 -3.853493575226153989e-01 1.073866689533612695e-01
1.324121091120506355e+00 2.760000000000000142e+01 -3.992657083862423129e-01 -2.337221627273712576e-02
1.324121091120506355e+00 2.770000000000000284e+01 -3.700566222029102459e-01 -1.516484548084777173e-01
1.324121091120506355e+00 2.780000000000000071e+01 -3.006653207698736230e-01 -2.636267065256704401e-01
1.324121091120506355e+00 2.790000000000000213e+01 -1.984564560743905248e-01 -3.469395729946727069e-01
1.324121091120506355e+00 2.800000000000000000e+01 -7.477982843775089761e-02 -3.925067289228741929e-01
1.324121091120506355e+00 2.810000000000000142e+01 5.699706305013834545e-02 -3.955435017110879303e-01
1.324121091120506355e+00 2.820000000000000284e+01 1.827685550402986803e-01 -3.554625358820916459e-01
1.324121091120506355e+00 2.830000000000000071e+01 2.885309145395322239e-01 -2.766323348887483324e-01
1.324121091120506355e+00 2.840000000000000213e+01 3.628599978883908506e-01 -1.680098438392713667e-01
1.324121091120506355e+00 2.850000000000000000e+01 3.979581334463623832e-01 -4.107715030773594761e-02
1.324121091120506355e+00 2.860000000000000142e+01 3.897528467834582844e-01 9.041988464776554157e-02
1.324121091120506355e+00 2.870000000000000284e+01 3.393782974145697628e-01 2.118540380815217283e-01
1.324121091120506355e+00 2.880000000000000071e+01 2.523689887854607128e-01 3.104894800985404379e-01
1.324121091120506355e+00 2.890000000000000213e+01 1.377356172701812986e-01 3.755521076518131274e-01
1.324121091120506355e+00 2.900000000000000000e+01 8.320542150199993284e-03 3.997145667326466034e-01
1.324121091120506355e+00 2.910000000000000142e+01 -1.219822030515375910e-01 3.806871387142343743e-01
1.324121091120506355e+00 2.920000000000000284e+01 -2.393309546013328570e-01 3.201134220985684675e-01
1.324121091120506355e+00 2.930000000000000071e+01 -3.304059549694013387e-01 2.247076141855133269e-01
1.324121091120506355e+00 2.940000000000000213e+01 -3.856455276306932634e-01 1.050880721179773269e-01
1.324121091120506355e+00 2.950000000000000000e+01 -3.989654829442591533e-01 -2.626307340944473642e-02
1.324121091120506355e+00 2.960000000000000142e+01 -3.687858706158947397e-01 -1.545399969858597400e-01
1.324121091120506355e+00 2.970000000000000284e+01 -2.988535638370904413e-01 -2.660260269037908465e-01
1.324121091120506355e+00 2.980000000000000071e+01 -1.962583832706633058e-01 -3.487874008873937393e-01
1.324121091120506355e+00 2.990000000000000213e+01 -7.255957266406723449e-02 -3.935329941516630403e-01
1.324121091120506355e+00 3.000000000000000000e+01 5.897255827022111069e-02 -3.959318507690063327e-01
1.324121091120506355e+00 3.010000000000000142e+01 1.842731133937987043e-01 -3.552221791656190453e-01
1.324121091120506355e+00 3.020000000000000284e+01 2.893663566565267686e-01 -2.761458296061506390e-01
1.324121091120506355e+00 3.030000000000000071e+01 3.634212073908852370e-01 -1.670579948624558719e-01
1.324121091120506355e+00 3.040000000000000213e+01 3.977607003373946348e-01 -3.972151137012459865e-02
1.324121091120506355e+00 3.050000000000000000e+01 3.890304525066954344e-01 9.169020425074783653e-02
1.324121091120506355e+00 3.060000000000000142e+01 3.378829124789853311e-01 2.135392102935134429e-01
1.324121091120506355e+00 3.070000000000000284e+01 2.499776958148478556e-01 3.118043238154022956e-01
1.324121091120506355e+00 3.080000000000000071e+01 1.350538916147439039e-01 3.763928798114565266e-01
1.324121091120506355e+00 3.090000000000000213e+01 5.167250904207375609e-03 3.998832399775018032e-01
1.324121091120506355e+00 3.100000000000000000e+01 -1.249389564681612219e-01 3.800827877553195067e-01
1.324121091120506355e+00 3.110000000000000142e+01 -2.418290116005276935e-01 3.190316639650140340e-01
1.324121091120506355e+00 3.120000000000000284e+01 -3.321315368425018510e-01 2.234063427544621949e-01
1.324121091120506355e+00 3.130000000000000071e+01 -3.868026209819709349e-01 1.036773817820217658e-01
1.324121091120506355e+00 3.140000000000000213e+01 -3.993622203525800662e-01 -2.751932254515575965e-02
1.324121091120506355e+00 3.150000000000000000e+01 -3.689095453787869516e-01 -1.553781784861534288e-01
1.324121091120506355e+00 3.160000000000000142e+01 -2.982678935311501855e-01 -2.667849868130252045e-01
1.324121091120506355e+00 3.170000000000000284e+01 -1.954132967820500777e-01 -3.489224765511078075e-01
1.324121091120506355e+00 3.180000000000000071e+01 -7.119029843701477067e-02 -3.935597191619129021e-01
1.324121091120506355e+00 3.190000000000000213e+01 6.065271662430520710e-02 -3.950593532676874298e-01
1.324121091120506355e+00 3.200000000000000000e+01 1.859279319032665079e-01 -3.539415429909184008e-01
1.324121091120506355e+00 3.210000000000000142e+01 2.910618112329128038e-01 -2.739027729733203853e-01
1.324121091120506355e+00 3.220000000000000284e+01 3.644673219078977677e-01 -1.645105752517203035e-01
1.324121091120506355e+00 3.230000000000000426e+01 3.982846238299149189e-01 -3.681113165938603576e-02
1.324121091120506355e+00 3.239999999999999858e+01 3.888111425779366970e-01 9.439702193059582025e-02
1.324121091120506355e+00 3.250000000000000000e+01 3.371150210929034774e-01 2.159061648625819063e-01
1.324121091120506355e+00 3.260000000000000142e+01 2.489675388595758987e-01 3.135290975925162371e-01
1.324121091120506355e+00 3.270000000000000284e+01 1.337821907425221224e-01 3.776162429752076832e-01
1.324121091120506355e+00 3.280000000000000426e+01 4.257588612657658630e-03 4.004180527668455003e-01
1.324121091120506355e+00 3.289999999999999858e+01 -1.259505338931955487e-01 3.802641750385930552e-01
1.324121091120506355e+00 3.300000000000000000e+01 -2.423428944543618568e-01 3.186084987539961055e-01
1.324121091120506355e+00 3.310000000000000142e+01 -3.326613653786661406e-01 2.227983457157190206e-01
1.324121091120506355e+00 3.320000000000000284e+01 -3.866671886997767871e-01 1.025260601681988598e-01
1.324121091120506355e+00 3.330000000000000426e+01 -3.990115222953626861e-01 -2.863914454651740951e-02
1.324121091120506355e+00 3.339999999999999858e+01 -3.676611670455336434e-01 -1.569728428523750607e-01
1.324121091120506355e+00 3.350000000000000000e+01 -2.967732760555294447e-01 -2.680202462330434354e-01
1.324121091120506355e+00 3.360000000000000142e+01 -1.931212830252089507e-01 -3.499726444767268796e-01
1.324121091120506355e+00 3.370000000000000284e+01 -6.891318102496672704e-02 -3.939223707760882154e-01
1.324121091120506355e+00 3.380000000000000426e+01 6.329002906265356054e-02 -3.948091156958057901e-01
1.324121091120506355e+00 3.389999999999999858e+01 1.882139848542003224e-01 -3.531398703545559070e-01
1.324121091120506355e+00 3.400000000000000000e+01 2.928824539369924151e-01 -2.727131779891815433e-01
1.324121091120506355e+00 3.410000000000000142e+01 3.657116071723827688e-01 -1.631824122718671943e-01
1.324121091120506355e+00 3.420000000000000284e+01 3.988885248513711623e-01 -3.543212045225421769e-02
1.324121091120506355e+00 3.430000000000000426e+01 3.891359567700233835e-01 9.572267861939720568e-02
1.324121091120506355e+00 3.439999999999999858e+01 3.368802824663163498e-01 2.168447684232771844e-01
1.324121091120506355e+00 3.450000000000000000e+01 2.486568123221535309e-01 3.143648226326360984e-01
1.324121091120506355e+00 3.460000000000000142e+01 1.329882544649507448e-01 3.777752329274609022e-01
1.324121091120506355e+00 3.470000000000000284e+01 3.282351853858899143e-03 4.005672436400324332e-01
1.324121091120506355e+00 3.480000000000000426e+01 -1.269332706766674868e-01 3.795745632760332278e-01
1.324121091120506355e+00 3.489999999999999858e+01 -2.433275743103966160e-01 3.178984168449160430e-01
1.324121091120506355e+00 3.500000000000000000e+01 -3.331133663817791857e-01 2.213012618394096798e-01
1.324121091120506355e+00 3.510000000000000142e+01 -3.871448603484678452e-01 1.007897610213214917e-01
1.324121091120506355e+00 3.520000000000000284e+01 -3.985845410452801829e-01 -3.061354706265939640e-02
1.324121091120506355e+00 3.530000000000000426e+01 -3.670165703483313502e-01 -1.589210413243715980e-01
1.324121091120506355e+00 3.539999999999999858e+01 -2.954213866441663949e-01 -2.694100568046121080e-01
1.324121091120506355e+00 3.550000000000000000e+01 -1.915508017604992397e-01 -3.511866685110104913e-01
1.324121091120506355e+00 3.560000000000000142e+01 -6.721560139668975031e-02 -3.944305532240907630e-01
1.324121091120506355e+00 3.570000000000000284e+01 6.506406294113911692e-02 -3.949308899656123195e-01
1.324121091120506355e+00 3.580000000000000426e+01 1.896573508246522100e-01 -3.527851657125500306e-01
1.324121091120506355e+00 3.589999999999999858e+01 2.940145013089581205e-01 -2.719877798948381331e-01
1.324121091120506355e+00 3.600000000000000000e+01 3.665807487364984296e-01 -1.622541990255348676e-01
1.324121091120506355e+00 3.610000000000000142e+01 3.992094605727480872e-01 -3.445157248808752848e-02
1.324121091120506355e+00 3.620000000000000284e+01 3.890783367614234489e-01 9.705074580615476176e-02
1.324121091120506355e+00 3.630000000000000426e+01 3.365038459196258991e-01 2.176597277250959528e-01
1.324121091120506355e+00 3.639999999999999858e+01 2.476509662109731003e-01 3.152322359631674065e-01
1.324121091120506355e+00 3.650000000000000000e+01 1.322627082044307290e-01 3.782381371452955277e-01
1.324121091120506355e+00 3.660000000000000142e+01 1.858328682277018973e-03 4.004669718209155627e-01
1.324121091120506355e+00 3.670000000000000284e+01 -1.280903771373823608e-01 3.794268804470253831e-01
1.324121091120506355e+00 3.680000000000000426e+01 -2.443511570937158539e-01 3.168113389602895125e-01
1.324121091120506355e+00 3.689999999999999858e+01 -3.342285660954727455e-01 2.202861015643970966e-01
1.324121091120506355e+00 3.700000000000000000e+01 -3.873145825324929570e-01 9.958542000000393524e-02
1.324121091120506355e+00 3.710000000000000142e+01 -3.986829442855628347e-01 -3.220968229323980386e-02
1.324121091120506355e+00 3.720000000000000284e+01 -3.666092856537350730e-01 -1.598551968328935646e-01
1.324121091120506355e+00 3.730000000000000426e+01 -2.943665583451020584e-01 -2.707301978752247873e-01
1.324121091120506355e+00 3.739999999999999858e+01 -1.906422116764474040e-01 -3.519439460170521450e-01
1.324121091120506355e+00 3.750000000000000000e+01 -6.580556387159322562e-02 -3.945965265755859153e-01
1.324121091120506355e+00 3.760000000000000142e+01 6.622496192523297243e-02 -3.949621361325846847e-01
1.324121091120506355e+00 3.770000000000000284e+01 1.907456775658260273e-01 -3.521737479937745441e-01
1.324121091120506355e+00 3.780000000000000426e+01 2.951447907247284341e-01 -2.709689210635621293e-01
1.324121091120506355e+00 3.789999999999999858e+01 3.672330395937451475e-01 -1.610885174107964390e-01
1.324121091120506355e+00 3.800000000000000000e+01 3.994628321200655585e-01 -3.318892696005096982e-02
1.324121091120506355e+00 3.810000000000000142e+01 3.889097698472033238e-01 9.836810815179343470e-02
1.324121091120506355e+00 3.820000000000000284e+01 3.359867284549726829e-01 2.187784917516866490e-01
1.324121091120506355e+00 3.830000000000000426e+01 2.465562112785316951e-01 3.161878585105946660e-01
1.324121091120506355e+00 3.840000000000000568e+01 1.309719858049441521e-01 3.791505402617235121e-01
1.324121091120506355e+00 3.850000000000000000e+01 8.246141679525221049e-04 4.006936630773528796e-01
1.324121091120506355e+00 3.860000000000000142e+01 -1.294284873503069588e-01 3.793754647911306010e-01
1.324121091120506355e+00 3.870000000000000284e+01 -2.452363134662184085e-01 3.167376313316003222e-01
1.324121091120506355e+00 3.880000000000000426e+01 -3.348779366066998997e-01 2.192818846672170974e-01
1.324121091120506355e+00 3.890000000000000568e+01 -3.881135068963370016e-01 9.878402847096122430e-02
1.324121091120506355e+00 3.900000000000000000e+01 -3.987770926579061737e-01 -3.274244698326995301e-02
1.324121091120506355e+00 3.910000000000000142e+01 -3.663805722429488432e-01 -1.610056422046976243e-01
1.324121091120506355e+00 3.920000000000000284e+01 -2.944071756040506083e-01 -2.710621095253448742e-01
1.324121091120506355e+00 3.930000000000000426e+01 -1.897453105960945907e-01 -3.520526613225732349e-01
1.324121091120506355e+00 3.940000000000000568e+01 -6.481436720129382656e-02 -3.949831585730790851e-01
1.324121091120506355e+00 3.950000000000000000e+01 6.677999583229535241e-02 -3.946001579787164482e-01
1.324121091120506355e+00 3.960000000000000142e+01 1.918914198459606701e-01 -3.513283269225256911e-01
1.324121091120506355e+00 3.970000000000000284e+01 2.957175422068555326e-01 -2.703922889966794973e-01
1.324121091120506355e+00 3.980000000000000426e+01 3.672511858028660314e-01 -1.598011913545503426e-01
1.324121091120506355e+00 3.990000000000000568e+01 3.995612866751108161e-01 -3.140705681841687164e-02
1.324121091120506355e+00 4.000000000000000000e+01 3.884646267306121614e-01 9.962031494829565181e-02
1.324121091120506355e+00 4.010000000000000142e+01 3.349365257208382074e-01 2.203026633956456093e-01
1.324121091120506355e+00 4.020000000000000284e+01 2.454141769516436922e-01 3.175183104457751093e-01
1.324121091120506355e+00 4.030000000000000426e+01 1.297652826301224638e-01 3.797306199915161384e-01
1.324121091120506355e+00 4.040000000000000568e+01 -7.362853705938493792e-04 4.010699418323355192e-01
1.324121091120506355e+00 4.050000000000000000e+01 -1.309572387168247420e-01 3.793595586758632399e-01
1.324121091120506355e+00 4.060000000000000142e+01 -2.464816038830050515e-01 3.164246863558459744e-01
1.324121091120506355e+00 4.070000000000000284e+01 -3.359988420349870886e-01 2.187359549628829225e-01
1.324121091120506355e+00 4.080000000000000426e+01 -3.889819788130287059e-01 9.806089168127424260e-02
1.324121091120506355e+00 4.090000000000000568e+01 -3.994339945615223431e-01 -3.318395666309694597e-02
1.324121091120506355e+00 4.100000000000000000e+01 -3.665638533132557497e-01 -1.615293954454619929e-01
1.324121091120506355e+00 4.110000000000000142e+01 -2.944910346590265404e-01 -2.717628884172688108e-01
1.324121091120506355e+00 4.120000000000000284e+01 -1.899737469474307161e-01 -3.523576177650962205e-01
1.324121091120506355e+00 4.130000000000000426e+01 -6.454471060438417285e-02 -3.949714188072623311e-01
1.324121091120506355e+00 4.140000000000000568e+01 6.714704979249710992e-02 -3.948777585274966251e-01
1.324121091120506355e+00 4.150000000000000000e+01 1.916578569801983545e-01 -3.512769484840315704e-01
1.324121091120506355e+00 4.160000000000000142e+01 2.957374283748775978e-01 -2.696731619199991270e-01
1.324121091120506355e+00 4.170000000000000284e+01 3.675606939830560194e-01 -1.592058701633989881e-01
1.324121091120506355e+00 4.180000000000000426e+01 3.989663160590400381e-01 -3.113700576005871273e-02
1.324121091120506355e+00 4.190000000000000568e+01 3.875204639791055561e-01 1.008421902604900028e-01
1.324121091120506355e+00 4.200000000000000000e+01 3.341786851845771067e-01 2.213102722614678219e-01
1.324121091120506355e+00 4.210000000000000142e+01 2.442835840441920370e-01 3.175455063197339944e-01
1.324121091120506355e+00 4.220000000000000284e+01 1.274750941917685843e-01 3.799916370117035758e-01
1.324121091120506355e+00 4.230000000000000426e+01 -2.272887793531820893e-03 4.011837162495732190e-01
1.324121091120506355e+00 4.240000000000000568e+01 -1.320784108487883246e-01 3.785768715917751659e-01
1.324121091120506355e+00 4.250000000000000000e+01 -2.481406230168904659e-01 3.149156715012019769e-01
1.324121091120506355e+00 4.260000000000000142e+01 -3.372425186183597989e-01 2.178431541127185400e-01
1.324121091120506355e+00 4.270000000000000284e+01 -3.893641122596699367e-01 9.687230967841965745e-02
1.324121091120506355e+00 4.280000000000000426e+01 -3.996900641467361903e-01 -3.502458494545007683e-02
1.324121091120506355e+00 4.290000000000000568e+01 -3.670506618078543393e-01 -1.629327096377272688e-01
1.324121091120506355e+00 4.300000000000000000e+01 -2.945286967437758530e-01 -2.725718169492117315e-01
1.324121091120506355e+00 4.310000000000000142e+01 -1.894982597071050989e-01 -3.533658478129981240e-01
1.324121091120506355e+00 4.320000000000000284e+01 -6.454219379848935567e-02 -3.959815865363665588e-01
1.324121091120506355e+00 4.330000000000000426e+01 6.716640107747501309e-02 -3.954819408932532254e-01
1.324121091120506355e+00 4.340000000000000568e+01 1.920292438386968781e-01 -3.516784441471689227e-01
1.324121091120506355e+00 4.350000000000000000e+01 2.963611884914788552e-01 -2.702151701996116095e-01
1.324121091120506355e+00 4.360000000000000142e+01 3.678336799612544894e-01 -1.597029450342105639e-01
1.324121091120506355e+00 4.370000000000000284e+01 3.992838611128693427e-01 -3.147024446074508236e-02
1.324121091120506355e+00 4.380000000000000426e+01 3.876379504167681289e-01 1.005875021178997963e-01
1.324121091120506355e+00 4.390000000000000568e+01 3.343606187148788211e-01 2.209865038169288032e-01
1.324121091120506355e+00 4.400000000000000000e+01 2.441162196419400798e-01 3.173777745365969905e-01
1.324121091120506355e+00 4.410000000000000142e+01 1.272096943002744007e-01 3.796537303402217622e-01
1.324121091120506355e+00 4.420000000000000284e+01 -3.185543255570572399e-03 4.008323147028891031e-01
1.324121091120506355e+00 4.430000000000000426e+01 -1.325800851467091868e-01 3.781302987016819661e-01
1.324121091120506355e+00 4.440000000000000568e+01 -2.484236864476234152e-01 3.140357853313270331e-01
1.324121091120506355e+00 4.450000000000000000e+01 -3.373698329555219200e-01 2.164209461014205971e-01
1.324121091120506355e+00 4.460000000000000142e+01 -3.895216177489538856e-01 9.546244406915498082e-02
1.324121091120506355e+00 4.470000000000000284e+01 -3.990201147665037862e-01 -3.612937383325352109e-02
1.324121091120506355e+00 4.480000000000000426e+01 -3.655984002947964551e-01 -1.644325954889036823e-01
1.324121091120506355e+00 4.490000000000000568e+01 -2.931207725116263818e-01 -2.741575630373790928e-01
1.324121091120506355e+00 4.500000000000000000e+01 -1.885519928252951671e-01 -3.541973186361990211e-01
1.324121091120506355e+00 4.510000000000000142e+01 -6.309845961079581234e-02 -3.960454957263930265e-01
1.324121091120506355e+00 4.520000000000000284e+01 6.915305258590259685e-02 -3.954904471861044324e-01
1.324121091120506355e+00 4.530000000000000426e+01 1.930579220348510594e-01 -3.520026753433179167e-01
1.324121091120506355e+00 4.540000000000000568e+01 2.966730321432813344e-01 -2.699281884289699285e-01
1.324121091120506355e+00 4.550000000000000000e+01 3.685055453989953822e-01 -1.586725734461466031e-01
1.324121091120506355e+00 4.560000000000000142e+01 4.005067640258765937e-01 -3.060326920556253466e-02
1.324121091120506355e+00 4.570000000000000284e+01 3.885838627850799476e-01 1.003440284944809024e-01
1.324121091120506355e+00 4.580000000000000426e+01 3.344765530008648180e-01 2.212921289713383755e-01
1.324121091120506355e+00 4.590000000000000568e+01 2.446775875153544277e-01 3.181952162609860690e-01
1.324121091120506355e+00 4.600000000000000000e+01 1.284369785415986620e-01 3.803748774682651490e-01
1.324121091120506355e+00 4.610000000000000142e+01 -1.855331705047924334e-03 4.008473428027415908e-01
1.324121091120506355e+00 4.620000000000000284e+01 -1.326904179652038107e-01 3.781258751680683927e-01
1.324121091120506355e+00 4.630000000000000426e+01 -2.485510269939147365e-01 3.149408822129708407e-01
1.324121091120506355e+00 4.640000000000000568e+01 -3.371597193428444439e-01 2.171960486251771349e-01
1.324121091120506355e+00 4.650000000000000000e+01 -3.890511569527965730e-01 9.563134661679191517e-02
1.324121091120506355e+00 4.660000000000000142e+01 -3.991372157441086532e-01 -3.657893044630965845e-02
1.324121091120506355e+00 4.670000000000000284e+01 -3.662277908109795588e-01 -1.640657027618372121e-01
1.324121091120506355e+00 4.680000000000000426e+01 -2.928683266239437977e-01 -2.736824530459286420e-01
1.324121091120506355e+00 4.690000000000000568e+01 -1.875501462992876234e-01 -3.539213415451362144e-01
1.324121091120506355e+00 4.700000000000000000e+01 -6.200841794299205567e-02 -3.960224712078945219e-01
1.324121091120506355e+00 4.710000000000000142e+01 6.975476571236226275e-02 -3.951810196731013192e-01
1.324121091120506355e+00 4.720000000000000284e+01 1.939386520829465832e-01 -3.507459445769952056e-01
1.324121091120506355e+00 4.730000000000000426e+01 2.977471307405168410e-01 -2.683295652461065162e-01
1.324121091120506355e+00 4.740000000000000568e+01 3.692220785608519296e-01 -1.573418744411999859e-01
1.324121091120506355e+00 4.750000000000000000e+01 4.005016033585036550e-01 -2.940952256579161192e-02
1.324121091120506355e+00 4.760000000000000142e+01 3.879719595383917530e-01 1.016566468407150287e-01
1.324121091120506355e+00 4.770000000000000284e+01 3.335651521815926612e-01 2.226482435798704251e-01
1.324121091120506355e+00 4.780000000000000426e+01 2.436445407617359171e-01 3.192538502379518306e-01
1.324121091120506355e+00 4.790000000000000568e+01 1.272590966059167772e-01 3.808194374281997363e-01
1.324121091120506355e+00 4.800000000000000000e+01 -3.052769900759756596e-03 4.012089177275571239e-01
1.324121091120506355e+00 4.810000000000000142e+01 -1.337115824933471642e-01 3.782830873969295626e-01
1.324121091120506355e+00 4.820000000000000284e+01 -2.495508312280378671e-01 3.149340415068301313e-01
1.324121091120506355e+00 4.830000000000000426e+01 -3.376440288044151861e-01 2.176618631903659562e-01
1.324121091120506355e+00 4.840000000000000568e+01 -3.896708869610677750e-01 9.610313419353413988e-02
1.324121091120506355e+00 4.850000000000000000e+01 -3.995869450162351511e-01 -3.595289998383115193e-02
1.324121091120506355e+00 4.860000000000000142e+01 -3.665828402474992087e-01 -1.638799275404078937e-01
1.324121091120506355e+00 4.870000000000000284e+01 -2.940714614799773696e-01 -2.735147211972635550e-01
1.324121091120506355e+00 4.880000000000000426e+01 -1.887375066056069806e-01 -3.536890369621540908e-01
1.324121091120506355e+00 4.890000000000000568e+01 -6.307860711826228373e-02 -3.959401692802972383e-01
1.324121091120506355e+00 4.900000000000000000e+01 6.900325517805666609e-02 -3.954043076418780611e-01
1.324121091120506355e+00 4.910000000000000142e+01 1.933830637063376212e-01 -3.518286044681702696e-01
1.324121091120506355e+00 4.920000000000000284e+01 2.964842457520060481e-01 -2.698103058474032312e-01
1.324121091120506355e+00 4.930000000000000426e+01 3.683029964968202452e-01 -1.580312609478598251e-01
1.324121091120506355e+00 4.940000000000000568e+01 4.000983229997179258e-01 -2.976798018600844767e-02
1.324121091120506355e+00 4.950000000000000000e+01 3.881548222397525616e-01 1.012915813933211728e-01
1.324121091120506355e+00 4.960000000000000142e+01 3.339192748384324783e-01 2.217791926447597040e-01
1.324121091120506355e+00 4.970000000000000284e+01 2.429279654302310409e-01 3.183414518026610462e-01
1.324121091120506355e+00 4.980000000000000426e+01 1.259761525346754230e-01 3.807054155991650424e-01
1.324121091120506355e+00 4.990000000000000568e+01 -4.007563127676402881e-03 4.014605712492906875e-01
1.324121091120506355e+00 5.000000000000000000e+01 -1.339148996032084316e-01 3.779963140220833906e-01
1.324121091120506355e+00 5.010000000000000142e+01 -2.496444298811632267e-01 3.137220398854961290e-01
1.324121091120506355e+00 5.020000000000000284e+01 -3.385177803879780289e-01 2.152976840983757689e-01
1.324121091120506355e+00 5.030000000000000426e+01 -3.904927915256622417e-01 9.409140743070895652e-02
1.324121091120506355e+00 5.040000000000000568e+01 -3.998411896645371333e-01 -3.700523197838356121e-02
1.324121091120506355e+00 5.050000000000000000e+01 -3.653882722645429015e-01 -1.651478471162782513e-01
1.324121091120506355e+00 5.060000000000000142e+01 -2.918669114383969365e-01 -2.753282037864405729e-01
1.324121091120506355e+00 5.070000000000000284e+01 -1.869594808725907054e-01 -3.556561958138457213e-01
1.324121091120506355e+00 5.080000000000000426e+01 -6.192107570848801729e-02 -3.971822155501660290e-01
1.324121091120506355e+00 5.090000000000000568e+01 6.977978282435044755e-02 -3.955215391243993017e-01
1.324121091120506355e+00 5.100000000000000000e+01 1.950407104942819825e-01 -3.509380434287147077e-01
1.324121091120506355e+00 5.110000000000000142e+01 2.987296867027036673e-01 -2.690918093624105056e-01
1.324121091120506355e+00 5.120000000000000284e+01 3.698405445258856061e-01 -1.584344152492294655e-01
1.324121091120506355e+00 5.130000000000000426e+01 4.008208576359566511e-01 -3.018530211850368669e-02
1.324121091120506355e+00 5.140000000000000568e+01 3.884837995135789201e-01 1.012848508507285944e-01
1.324121091120506355e+00 5.150000000000000000e+01 3.342104442600890568e-01 2.226177957292630460e-01
1.324121091120506355e+00 5.160000000000000142e+01 2.444758406582402677e-01 3.192347854722101252e-01
1.324121091120506355e+00 5.170000000000000284e+01 1.284280689829932209e-01 3.809864021391610733e-01
1.324121091120506355e+00 5.180000000000000426e+01 -2.405731939575767378e-03 4.014494019862290264e-01
1.324121091120506355e+00 5.190000000000000568e+01 -1.327335060981877368e-01 3.787556890573773871e-01
1.324121091120506355e+00 5.200000000000000000e+01 -2.490032650159645922e-01 3.151356488064144257e-01
1.324121091120506355e+00 5.210000000000000142e+01 -3.377271187314636047e-01 2.179923475184157855e-01
1.324121091120506355e+00 5.220000000000000284e+01 -3.896570994517716824e-01 9.727513970361416351e-02
1.324121091120506355e+00 5.230000000000000426e+01 -3.992822238944572777e-01 -3.502488751773800979e-02
1.324121091120506355e+00 5.240000000000000568e+01 -3.662112799530744534e-01 -1.633118633719217450e-01
1.324121091120506355e+00 5.250000000000000000e+01 -2.933632154768625044e-01 -2.737034464828964064e-01
1.324121091120506355e+00 5.260000000000000142e+01 -1.889809222854378634e-01 -3.539833586335097149e-01
1.324121091120506355e+00 5.270000000000000284e+01 -6.395747348306002333e-02 -3.957715345057533085e-01
1.324121091120506355e+00 5.280000000000000426e+01 6.868582461118409588e-02 -3.943155203807316433e-01
1.324121091120506355e+00 5.290000000000000568e+01 1.940124988477753831e-01 -3.507684728622025294e-01
1.324121091120506355e+00 5.300000000000000000e+01 2.975434976391477249e-01 -2.691880833333807344e-01
1.324121091120506355e+00 5.310000000000000142e+01 3.685711380204278464e-01 -1.584020335798023982e-01
1.324121091120506355e+00 5.320000000000000284e+01 3.996515048627852229e-01 -2.991839144464771005e-02
1.324121091120506355e+00 5.330000000000000426e+01 3.871825749660746663e-01 1.018035450148478127e-01
1.324121091120506355e+00 5.340000000000000568e+01 3.330052170046753912e-01 2.231527351921262226e-01
1.324121091120506355e+00 5.350000000000000000e+01 2.431094190827982615e-01 3.193258713357809420e-01
1.324121091120506355e+00 5.360000000000000142e+01 1.265795768768334661e-01 3.806904618235012472e-01
1.324121091120506355e+00 5.370000000000000284e+01 -4.473946218654296404e-03 4.006234482230316418e-01
1.324121091120506355e+00 5.380000000000000426e+01 -1.348447120746381622e-01 3.774685375213547300e-01
1.324121091120506355e+00 5.390000000000000568e+01 -2.508891003213247206e-01 3.131277062987993798e-01
1.324121091120506355e+00 5.400000000000000000e+01 -3.393765437066256774e-01 2.155040913976020156e-01
1.324121091120506355e+00 5.410000000000000142e+01 -3.907130725495713830e-01 9.432165511509711664e-02
1.324121091120506355e+00 5.420000000000000284e+01 -3.995548055139849786e-01 -3.758549908632063952e-02
1.324121091120506355e+00 5.430000000000000426e+01 -3.656085700446662368e-01 -1.661224003117457437e-01
1.324121091120506355e+00 5.440000000000000568e+01 -2.922962792111191144e-01 -2.759652530489598021e-01
1.324121091120506355e+00 5.450000000000000000e+01 -1.873373938286634066e-01 -3.562325154917667103e-01
1.324121091120506355e+00 5.460000000000000142e+01 -6.229309501718283126e-02 -3.974569024403947215e-01
1.324121091120506355e+00 5.470000000000000284e+01 6.982817188649163842e-02 -3.957712253240343037e-01
1.324121091120506355e+00 5.480000000000000426e+01 1.952080569099956808e-01 -3.509980811151785507e-01
1.324121091120506355e+00 5.490000000000000568e+01 2.993145254047070991e-01 -2.691428925025455277e-01
1.324121091120506355e+00 5.500000000000000000e+01 3.704214845725595229e-01 -1.582230180875072167e-01
1.324121091120506355e+00 5.510000000000000142e+01 4.016425527584259747e-01 -3.026410565953422879e-02
1.324121091120506355e+00 5.520000000000000284e+01 3.893467992766572183e-01 1.014679411800112063e-01
1.324121091120506355e+00 5.530000000000000426e+01 3.350547399845131280e-01 2.222600320558364984e-01
1.324121091120506355e+00 5.540000000000000568e+01 2.444131988635916131e-01 3.195999229929176177e-01
1.324121091120506355e+00 5.550000000000000000e+01 1.286081606229704521e-01 3.818999895454109339e-01
1.324121091120506355e+00 5.560000000000000142e+01 -1.465843239512311337e-03 4.026684938070072550e-01
1.324121091120506355e+00 5.570000000000000284e+01 -1.317130835792929000e-01 3.797462572376044676e-01
1.324121091120506355e+00 5.580000000000000426e+01 -2.481872451368972166e-01 3.157835699962096010e-01
1.324121091120506355e+00 5.590000000000000568e+01 -3.373299515068090004e-01 2.180369406443860847e-01
1.324121091120506355e+00 5.600000000000000000e+01 -3.904471099952593893e-01 9.652315795024167533e-02
1.324121091120506355e+00 5.610000000000000142e+01 -4.008759304281400149e-01 -3.443095767914678557e-02
1.324121091120506355e+00 5.620000000000000284e+01 -3.675947911076519192e-01 -1.620615934362520660e-01
1.324121091120506355e+00 5.630000000000000426e+01 -2.942633401424387118e-01 -2.724761578803935325e-01
1.324121091120506355e+00 5.640000000000000568e+01 -1.892145245649428376e-01 -3.539380962749933968e-01
1.324121091120506355e+00 5.650000000000000000e+01 -6.442474407285632421e-02 -3.963518441327498198e-01
1.324121091120506355e+00 5.660000000000000142e+01 6.760370404223252361e-02 -3.960438634637337141e-01
1.324121091120506355e+00 5.670000000000000284e+01 1.917317873702592823e-01 -3.527031587385257017e-01
1.324121091120506355e+00 5.680000000000000426e+01 2.955440644859333998e-01 -2.706101305894021980e-01
1.324121091120506355e+00 5.690000000000000568e+01 3.672571734701292612e-01 -1.589204319543011390e-01
1.324121091120506355e+00 5.700000000000000000e+01 3.996757822523267500e-01 -3.012517426575183829e-02
1.324121091120506355e+00 5.710000000000000142e+01 3.883234043568056237e-01 1.008422310843283820e-01
1.324121091120506355e+00 5.720000000000000284e+01 3.344788058325712798e-01 2.213585109790247862e-01
1.324121091120506355e+00 5.730000000000000426e+01 2.443928465414462736e-01 3.175305606650232204e-01
1.324121091120506355e+00 5.740000000000000568e+01 1.272696802428799345e-01 3.796242142742744519e-01
1.324121091120506355e+00 5.750000000000000000e+01 -3.622702981673712151e-03 4.003255122283969070e-01
1.324121091120506355e+00 5.760000000000000142e+01 -1.342997444420545305e-01 3.779464804675099487e-01
1.324121091120506355e+00 5.770000000000000284e+01 -2.492401570827564861e-01 3.149763846366662734e-01
1.324121091120506355e+00 5.780000000000000426e+01 -3.374538499106596867e-01 2.169457840949901295e-01
1.324121091120506355e+00 5.790000000000000568e+01 -3.891717980999048199e-01 9.530723069981850148e-02
1.324121091120506355e+00 5.800000000000000000e+01 -3.988302525638256490e-01 -3.713648173054105717e-02
1.324121091120506355e+00 5.810000000000000142e+01 -3.653551294286689899e-01 -1.651159397544587903e-01
1.324121091120506355e+00 5.820000000000000284e+01 -2.919832265599832111e-01 -2.753798156667710550e-01
1.324121091120506355e+00 5.830000000000000426e+01 -1.878255072945833881e-01 -3.554730017901767680e-01
1.324121091120506355e+00 5.840000000000000568e+01 -6.261590774295286432e-02 -3.965626320487475875e-01
1.324121091120506355e+00 5.850000000000000000e+01 6.993548736619370487e-02 -3.949490881521796615e-01
1.324121091120506355e+00 5.860000000000000142e+01 1.951683522113438207e-01 -3.504854800360382439e-01
1.324121091120506355e+00 5.870000000000000284e+01 2.991501830171011123e-01 -2.686903870369946601e-01
1.324121091120506355e+00 5.880000000000000426e+01 3.701386263411529098e-01 -1.577321256170816643e-01
1.324121091120506355e+00 5.890000000000000568e+01 4.017005469698187725e-01 -2.961626367510193647e-02
1.324121091120506355e+00 5.900000000000000000e+01 3.893643126467731252e-01 1.014228399783024676e-01
1.324121091120506355e+00 5.910000000000000142e+01 3.346913438693769338e-01 2.223003545212294818e-01
1.324121091120506355e+00 5.920000000000000284e+01 2.439183514488689752e-01 3.192474006213095183e-01
1.324121091120506355e+00 5.930000000000000426e+01 1.268150609151042219e-01 3.820353616518750717e-01
1.324121091120506355e+00 5.940000000000000568e+01 -2.791508736722020899e-03 4.030523883819938091e-01
1.324121091120506355e+00 5.950000000000000000e+01 -1.329095787457317823e-01 3.801998849784872236e-01
1.324121091120506355e+00 5.960000000000000142e+01 -2.487893746596436251e-01 3.164792614310402152e-01
1.324121091120506355e+00 5.970000000000000284e+01 -3.376169814431151384e-01 2.181432890465559160e-01
1.324121091120506355e+00 5.980000000000000426e+01 -3.904572178237786240e-01 9.625335816773383790e-02
1.324121091120506355e+00 5.990000000000000568e+01 -4.008601892354732299e-01 -3.610667706031467361e-02
