3.754995098058196978e-01
-5.000000000000000000e+00
1.000000000000000000e+00
1.000000000000000000e+00
1.000000000000000000e+00
6.283185307179586232e-01
7.926654595212021537e-01
-6.688697949391217978e-01
8.880660176889879631e-01
1.194690386196080478e+00
3.434440126269669991e-01
3.007614461533295036e-02
-1.958523563094622055e+00
1.087070382742485242e+00
1.679438646997982176e-01
1.679438646997993834e-01
9.194570627320767242e-01
1.000000000000001110e+00
1.000529833229957699e+00
1.000334799956063003e+00
2.980747214662087669e-02
3.007614462514563228e-02
1.375423649332844889e+00
