0.000000000000000000e+00 0.000000000000000000e+00 0.000000000000000000e+00 0.000000000000000000e+00 0.000000000000000000e+00 0.000000000000000000e+00 1.000000000000000000e+00 -0.000000000000000000e+00
0.000000000000000000e+00 1.000000000000000056e-01 -1.625858192176984351e-01 -1.554146910044371685e-04 5.095603636861097741e+00 1.060541098098934237e-01 9.358474717125204734e-01 1.535105578947670302e-01
0.000000000000000000e+00 2.000000000000000111e-01 -3.779368966347466663e-01 -2.113196413796710133e-04 6.194801334454014707e+00 1.926101414178589821e-01 8.440942603418211121e-01 3.351243766649536493e-01
0.000000000000000000e+00 3.000000000000000444e-01 -6.075751882720908936e-01 -2.357573145796147305e-04 6.593973488481182699e+00 2.554360097778280991e-01 7.225938966729146262e-01 5.024308518879844199e-01
0.000000000000000000e+00 4.000000000000000222e-01 -8.432847668584158018e-01 -2.477114325924641429e-04 6.765206596888045709e+00 3.025262699499956520e-01 5.716596694387500177e-01 6.419924440255282416e-01
0.000000000000000000e+00 5.000000000000000000e-01 -1.081960865320862775e+00 -2.533950598809941611e-04 6.839024439024282032e+00 3.388462881261462001e-01 3.964119667014996962e-01 7.452848631059416640e-01
0.000000000000000000e+00 6.000000000000000888e-01 -1.322166900739546236e+00 -2.561484724254847875e-04 6.864867568091909789e+00 3.674962894080715525e-01 2.047708022963989072e-01 8.065573846845188744e-01
0.000000000000000000e+00 7.000000000000000666e-01 -1.563164487389181234e+00 -2.572233744285098989e-04 6.869827896295753078e+00 3.905038777492365609e-01 6.278099110864226312e-03 8.226034232916766831e-01
0.000000000000000000e+00 8.000000000000000444e-01 -1.804546996430280714e+00 -2.571701451651400329e-04 6.861941832495892513e+00 4.092438991530003567e-01 -1.887663254942209268e-01 7.927922178984817547e-01
0.000000000000000000e+00 9.000000000000000222e-01 -2.046079220285824007e+00 -2.568252823033083019e-04 6.848071044353290837e+00 4.246867901463539652e-01 -3.700470650341892709e-01 7.190547642558523522e-01
0.000000000000000000e+00 1.000000000000000000e+00 -2.287623899558736351e+00 -2.560289228277776771e-04 6.832076118150650856e+00 4.375360717590025539e-01 -5.279018437577188694e-01 6.057597547931787840e-01
0.000000000000000000e+00 2.000000000000000000e+00 -4.695686660132812662e+00 -2.473121378595715433e-04 6.686276209152144823e+00 4.959340191316505275e-01 -1.303364566924366218e-02 -7.802768395235846199e-01
0.000000000000000000e+00 3.000000000000000000e+00 -7.090531388376889232e+00 -2.432059349088380902e-04 6.618609300972888576e+00 5.094984323099106538e-01 5.359257562980459522e-01 5.599825240800089254e-01
0.000000000000000000e+00 4.000000000000000000e+00 -9.477654849543847959e+00 -2.525135673346593944e-04 6.541411906630596462e+00 5.121168872114157944e-01 -7.730148047674678669e-01 -4.091275517749159291e-02
0.000000000000000000e+00 5.000000000000000000e+00 -1.186077365064413236e+01 -1.204307237673413585e-04 6.631370675875050580e+00 5.117107982719704129e-01 5.893811010557884478e-01 -5.020946604033041938e-01
0.000000000000000000e+00 6.000000000000000000e+00 -1.424137442102388285e+01 -5.895582053396361728e-05 6.605397544349836281e+00 5.102054916530273099e-01 -8.059774267797242819e-02 7.706336344437584307e-01
0.000000000000000000e+00 7.000000000000000000e+00 -1.662050224150066313e+01 1.341376783768427166e-06 6.538726299855814439e+00 5.083043209289876962e-01 -4.744489189394636153e-01 -6.135249902926284138e-01
0.000000000000000000e+00 8.000000000000000000e+00 -1.899751504571487715e+01 -6.679382331359478577e-05 6.272921924127045301e+00 5.056100668208102222e-01 7.681339420845255672e-01 1.144891086565160560e-01
0.000000000000000000e+00 9.000000000000000000e+00 -2.137579283026779819e+01 3.206155097148545314e-05 6.207531287624640903e+00 5.035898590547998044e-01 -6.348034602243841640e-01 4.487558028076729655e-01
0.000000000000000000e+00 1.000000000000000000e+01 -2.375205118840146667e+01 3.356449246924628324e-05 6.094309101253195138e+00 5.013161694088027476e-01 1.470679258365287234e-01 -7.642669120926699478e-01
0.000000000000000000e+00 1.100000000000000000e+01 -2.613052387484771799e+01 1.206929746660810821e-04 6.323409645052922912e+00 5.014494589589449935e-01 4.219340412399742446e-01 6.539295222643133343e-01
0.000000000000000000e+00 1.200000000000000000e+01 -2.850729401819947384e+01 1.799887380403847868e-04 6.787903239899657493e+00 5.042374899190352755e-01 -7.561594525749566476e-01 -1.794124083890554500e-01
0.000000000000000000e+00 1.300000000000000000e+01 -3.088443948502905556e+01 3.122200095045318347e-05 6.592123602491533951e+00 4.998594187489716623e-01 6.714158055533574476e-01 -3.947363026102860828e-01
0.000000000000000000e+00 1.400000000000000000e+01 -3.325426520688210985e+01 -2.984666773713634796e-05 7.051356317075525126e+00 5.057124234449519307e-01 -2.052981322447721135e-01 7.489515698095327023e-01
0.000000000000000000e+00 1.500000000000000000e+01 -3.563205876484608581e+01 -3.696339423685815690e-05 7.283114015829196042e+00 5.087733243484414691e-01 -3.691929249137285152e-01 -6.818571905383881138e-01
0.000000000000000000e+00 1.600000000000000000e+01 -3.800433997806391773e+01 -1.634553819639440210e-04 6.167871968637848923e+00 4.941134194930331125e-01 7.449928872050766149e-01 2.347278820974956215e-01
0.000000000000000000e+00 1.700000000000000000e+01 -4.038753702111887378e+01 2.957540776809338369e-05 7.303344178357575878e+00 5.100505232037466641e-01 -6.966825815235234698e-01 3.392618770506133918e-01
0.000000000000000000e+00 1.800000000000000000e+01 -4.276906146091263139e+01 -3.006516074082210565e-05 6.635034647443353251e+00 5.011644979747145179e-01 2.724139795886672544e-01 -7.291195997897086389e-01
0.000000000000000000e+00 1.900000000000000000e+01 -4.514278096810608787e+01 7.130753815454905407e-05 6.816243295176616535e+00 5.059565709078102103e-01 3.097365934397125486e-01 7.120335654022561522e-01
0.000000000000000000e+00 2.000000000000000000e+01 -4.750798611687172013e+01 -1.123216361483409518e-04 6.979388712278991491e+00 5.095678549373526822e-01 -7.186093547232699219e-01 -2.904405815225477583e-01
0.000000000000000000e+00 2.100000000000000000e+01 -4.988977476017843316e+01 2.389647751328993926e-05 5.554721908548126308e+00 4.781160204550594650e-01 7.324487695773329587e-01 -2.889101345436386192e-01
0.000000000000000000e+00 2.200000000000000000e+01 -5.225947763529126178e+01 -6.160533961092791173e-06 7.419368506430291887e+00 5.172610175905703045e-01 -3.170887994951749334e-01 7.039927944369591684e-01
0.000000000000000000e+00 2.300000000000000000e+01 -5.465262730225069987e+01 9.118775530168388762e-05 6.826477550832288799e+00 4.991518875290413271e-01 -2.489636569144221268e-01 -7.382834019966841854e-01
0.000000000000000000e+00 2.400000000000000000e+01 -5.701530855983711632e+01 2.105585403658525537e-04 5.935140089766997917e+00 4.747176974638487867e-01 7.043831508001565656e-01 3.548309708090723880e-01
0.000000000000000000e+00 2.500000000000000000e+01 -5.938310824778757535e+01 -5.500597527198656177e-05 6.623683834000826387e+00 4.837637360563364908e-01 -7.484027460545834565e-01 2.373861019535913885e-01
0.000000000000000000e+00 2.600000000000000000e+01 -6.175460526856817722e+01 -1.286431091750290243e-05 6.498740302191989393e+00 4.877462622937504544e-01 3.712274145691544236e-01 -6.900716318597373000e-01
0.000000000000000000e+00 2.700000000000000000e+01 -6.412916160670862098e+01 -1.143814478918976982e-04 6.340464338935744237e+00 4.785813026989943486e-01 2.126120568787728538e-01 7.579300722439114013e-01
0.000000000000000000e+00 2.800000000000000000e+01 -6.651569534955208951e+01 2.539835966278966616e-05 6.304293922282280249e+00 4.732429110934401884e-01 -6.760662809598212419e-01 -4.073243279040968945e-01
0.000000000000000000e+00 2.900000000000000000e+01 -6.890678002644293088e+01 -1.402272380715012990e-04 5.868983650438634569e+00 4.712030034695574021e-01 7.730234710949701604e-01 -1.633571351288969631e-01
0.000000000000000000e+00 3.000000000000000000e+01 -7.129076251755240889e+01 -6.882747603889581285e-05 6.559943672027314321e+00 5.060069553023944788e-01 -4.415778450574298075e-01 6.386761189402287986e-01
0.000000000000000000e+00 3.100000000000000000e+01 -7.364127830143488040e+01 -1.067797887814986291e-05 6.963713568939441600e+00 5.287514746278741962e-01 -1.420799704773481331e-01 -7.544226924348214069e-01
0.000000000000000000e+00 3.200000000000000000e+01 -7.600383376351597065e+01 -1.171347843268216369e-04 5.923166044151738419e+00 4.732481023404240261e-01 6.489170112038129545e-01 4.493130344154832034e-01
0.000000000000000000e+00 3.300000000000000000e+01 -7.841840993801028503e+01 7.477338410393203456e-05 6.511983101467135882e+00 4.864218981098737959e-01 -7.783345128056045059e-01 9.496181533248182483e-02
0.000000000000000000e+00 3.400000000000000000e+01 -8.076354716650176613e+01 2.042016828987806338e-05 6.763385582493770087e+00 5.217791207004351950e-01 4.680126750584056583e-01 -6.119051401096079479e-01
0.000000000000000000e+00 3.500000000000000000e+01 -8.313736660204558859e+01 6.262190915102766402e-05 6.014246146934203452e+00 4.580217161197122633e-01 9.113289984162394053e-02 7.900813467271919910e-01
0.000000000000000000e+00 3.600000000000000000e+01 -8.553294849460061755e+01 4.028647605232578790e-05 7.117152434132409056e+00 5.292597741502200748e-01 -5.820617123595274167e-01 -5.002449346025805710e-01
0.000000000000000000e+00 3.700000000000000000e+01 -8.787754721893058729e+01 1.175293043603523974e-04 5.991148182755313911e+00 4.693948185385583560e-01 7.878159356145909564e-01 -6.875081188957657408e-02
0.000000000000000000e+00 3.800000000000000000e+01 -9.028568275913637819e+01 6.622906781908218367e-05 6.396245686640060768e+00 5.148873619077948272e-01 -5.270891236349704023e-01 5.654599503780214365e-01
0.000000000000000000e+00 3.900000000000000000e+01 -9.263384893390046670e+01 2.020199901846796910e-05 5.669710379784570264e+00 4.541799338393482377e-01 -3.436090764080425991e-02 -7.961079064283267392e-01
0.000000000000000000e+00 4.000000000000000000e+01 -9.504678942186566815e+01 -5.381048451071396743e-05 6.948499373423045355e+00 5.332794528797764055e-01 5.341855924409170120e-01 5.489294872335840347e-01
0.000000000000000000e+00 4.100000000000000000e+01 -9.739166440948004322e+01 -1.683799430421638310e-05 6.427423557797171227e+00 4.595233605574422509e-01 -7.947208903812613690e-01 -1.821621245803522766e-03
0.000000000000000000e+00 4.200000000000000000e+01 -9.977940459561318676e+01 -1.737060019135179350e-04 6.331916676885963824e+00 5.259557299346923065e-01 5.616740235003521153e-01 -5.248929020334556217e-01
0.000000000000000000e+00 4.300000000000000000e+01 -1.021667128124602044e+02 -1.394363521752742924e-04 6.654719548386128558e+00 4.726726426971169515e-01 -5.124419736434626671e-02 7.878503176272851904e-01
0.000000000000000000e+00 4.400000000000000000e+01 -1.045096467383598480e+02 -1.409859270291376914e-04 6.131160170672655951e+00 4.888325336359501394e-01 -5.244265383628439192e-01 -5.816518188871238060e-01
0.000000000000000000e+00 4.500000000000000000e+01 -1.069147532087763892e+02 -1.280990974286143379e-04 5.868374933132447069e+00 5.116189157023440792e-01 7.703745162940851543e-01 7.776450492710913764e-02
0.000000000000000000e+00 4.600000000000000000e+01 -1.092826591300487848e+02 -4.031553478943693302e-05 5.881214411159714217e+00 4.542992101637051139e-01 -6.230215197381572256e-01 4.967262066834272072e-01
0.000000000000000000e+00 4.700000000000000000e+01 -1.116406897901038491e+02 -2.900556135915041852e-05 6.951265556235346921e+00 5.216587099205510780e-01 8.775216163188276353e-02 -7.653984494196136579e-01
0.000000000000000000e+00 4.800000000000000000e+01 -1.140549121642821149e+02 3.433331469712299326e-05 6.447260532163767266e+00 5.193769043775551264e-01 4.438811551348054163e-01 6.307619413629884653e-01
0.000000000000000000e+00 4.900000000000000000e+01 -1.164230791839073333e+02 -1.876925130362981821e-05 5.878268694113350179e+00 4.339674901026299159e-01 -7.913331301032945353e-01 -1.473946966128515113e-01
0.000000000000000000e+00 5.000000000000000000e+01 -1.187474843326961462e+02 1.607295609915814481e-04 6.083718069884278989e+00 4.760454873459854519e-01 6.354620221036780814e-01 -4.662866518860679377e-01
0.000000000000000000e+00 5.100000000000000000e+01 -1.211574854479583081e+02 4.201105468980200494e-05 6.727694204245516119e+00 5.354662570745725159e-01 -1.566267101102103432e-01 7.489087761710659930e-01
0.000000000000000000e+00 5.200000000000000000e+01 -1.235569577751754764e+02 1.367731375700204827e-05 6.163454927485863877e+00 4.690578383180840083e-01 -4.039029937550704386e-01 -6.800395360501273467e-01
0.000000000000000000e+00 5.300000000000000000e+01 -1.258904737166487990e+02 6.633349437410772181e-05 6.334086862237720439e+00 4.451650101478276111e-01 7.799560508371135015e-01 1.799641659058457965e-01
0.000000000000000000e+00 5.400000000000000000e+01 -1.282532065783021835e+02 -4.883629762379917966e-05 6.153099564148313050e+00 5.041812497285856898e-01 -6.617088029478168654e-01 4.076044138842129794e-01
0.000000000000000000e+00 5.500000000000000000e+01 -1.306791767060607299e+02 -1.126683985036206723e-04 6.451550621173992361e+00 5.138892305936113569e-01 2.308343856003693684e-01 -7.381599658344805137e-01
0.000000000000000000e+00 5.600000000000000000e+01 -1.330687064864136460e+02 -3.687163428693170699e-05 5.326777227265295345e+00 4.394695184274796662e-01 3.484240953967757126e-01 7.231727393361092604e-01
0.000000000000000000e+00 5.700000000000000000e+01 -1.354124932775060017e+02 -1.718255292476826958e-04 6.269958497890720572e+00 4.435772554979292570e-01 -7.594015470335212514e-01 -2.550410643357123308e-01
0.000000000000000000e+00 5.800000000000000000e+01 -1.377698862664224748e+02 -1.191167646095418352e-04 7.340768940375218321e+00 5.332124627948456874e-01 6.862886895555236899e-01 -3.401837248137824510e-01
0.000000000000000000e+00 5.900000000000000000e+01 -1.401597326836636910e+02 -1.617162223202354174e-04 7.086751054268760619e+00 5.666664017060055736e-01 -2.645530391321234687e-01 7.052839914710113955e-01
0.000000000000000000e+00 6.000000000000000000e+01 -1.425588654234579735e+02 4.062789393021347861e-05 6.325426847425651644e+00 4.948364183848447118e-01 -2.922286832237039889e-01 -7.240670043216984597e-01
0.000000000000000000e+00 6.100000000000000000e+01 -1.449248594038215856e+02 -6.651481193108423561e-05 6.698499284656723063e+00 4.359283358618179505e-01 7.369936556157394847e-01 3.217210258595537553e-01
0.000000000000000000e+00 6.200000000000000000e+01 -1.472773908808239298e+02 1.421362112264450898e-04 6.109075379677396000e+00 4.526764611330958976e-01 -7.413098557513806419e-01 2.939107759051275970e-01
0.000000000000000000e+00 6.300000000000000000e+01 -1.496470107253444723e+02 6.688881141820764967e-05 7.380730723197230780e+00 5.467427010746961358e-01 3.111725804313801858e-01 -6.942649332992953948e-01
0.000000000000000000e+00 6.400000000000000000e+01 -1.520257640965220673e+02 4.600289498034222804e-05 6.927188897343252272e+00 5.323819319055146382e-01 2.566173735567678360e-01 7.220471901057874398e-01
0.000000000000000000e+00 6.500000000000000000e+01 -1.544667311031324743e+02 2.602766421913598090e-04 6.502808496848967224e+00 5.073688300804030105e-01 -6.699964837733374257e-01 -3.913852027143246426e-01
0.000000000000000000e+00 6.600000000000000000e+01 -1.568084776106244362e+02 1.674592238603389680e-04 6.281396552285684720e+00 4.730735910450202808e-01 7.605154434208143410e-01 -2.114248717399674071e-01
0.000000000000000000e+00 6.700000000000000000e+01 -1.591499179639178578e+02 -2.693084496902726737e-05 6.489367846338093493e+00 4.387096489548507061e-01 -3.846361193707193427e-01 7.049276886465132286e-01
0.000000000000000000e+00 6.800000000000000000e+01 -1.615381227378428264e+02 -1.524173214432383069e-05 6.435493572553969699e+00 4.780646866347869062e-01 -1.977763026025151638e-01 -7.621460655665859285e-01
0.000000000000000000e+00 6.900000000000000000e+01 -1.638823394025609446e+02 -9.919015843692260254e-05 6.163516216435322548e+00 5.250885271195513404e-01 6.676158798720439602e-01 3.818272317881286626e-01
0.000000000000000000e+00 7.000000000000000000e+01 -1.662905133345685442e+02 -9.585450852993884210e-05 6.868149802844819796e+00 5.271428597006384553e-01 -7.507939335059973240e-01 1.630876170126884517e-01
0.000000000000000000e+00 7.100000000000000000e+01 -1.686988904352759846e+02 -1.326120900753992304e-04 7.881206972796334753e+00 5.671414517037350889e-01 4.398263972237407282e-01 -6.113076750096676504e-01
0.000000000000000000e+00 7.200000000000000000e+01 -1.710789954465069229e+02 -2.043899216547341645e-04 6.937760148396359128e+00 4.664669736118574050e-01 1.087914947725589360e-01 7.844607917400533426e-01
0.000000000000000000e+00 7.300000000000000000e+01 -1.734519880418078799e+02 -1.846830492918485639e-04 6.853565044667679906e+00 4.643342234734134655e-01 -6.241756280000115842e-01 -4.888335375697620000e-01
0.000000000000000000e+00 7.400000000000000000e+01 -1.757719870193394343e+02 -1.450497264373647025e-04 6.040805545012849720e+00 4.234734414416521653e-01 7.991999462456096381e-01 -1.266807446523327274e-01
0.000000000000000000e+00 7.500000000000000000e+01 -1.781510866739558310e+02 2.150844803619558494e-05 6.570455478447875919e+00 4.921263554851906252e-01 -4.738642850080189706e-01 6.219145890427372203e-01
0.000000000000000000e+00 7.600000000000000000e+01 -1.805009173465177241e+02 -8.118448335730599034e-05 6.698887764818577395e+00 5.054145488893339033e-01 -1.088902286957738191e-01 -7.690242927274208995e-01
0.000000000000000000e+00 7.700000000000000000e+01 -1.829211984638722299e+02 1.669044182348936576e-04 6.418524210624706683e+00 5.502253603202570398e-01 5.765471529992111099e-01 4.943816175837293936e-01
0.000000000000000000e+00 7.800000000000000000e+01 -1.852984495253456316e+02 1.646624094074451979e-05 5.749326460144903450e+00 5.052740555337909001e-01 -7.755530503931129527e-01 4.310069688375038621e-02
0.000000000000000000e+00 7.900000000000000000e+01 -1.877094428905443237e+02 2.939353526742769320e-04 6.796620136794352618e+00 5.333128892654269704e-01 5.412095632638551645e-01 -5.419874737478032056e-01
0.000000000000000000e+00 8.000000000000000000e+01 -1.900591813890103481e+02 1.601765874012156326e-04 6.408848184881753340e+00 4.395839072226911393e-01 5.758541311972200510e-03 8.026651200519507867e-01
0.000000000000000000e+00 8.100000000000000000e+01 -1.924350125515262846e+02 1.645831873157501703e-04 6.476794035157492857e+00 4.620939188905503481e-01 -5.541944339770475958e-01 -5.681828060317674067e-01
0.000000000000000000e+00 8.200000000000000000e+01 -1.947964694367283016e+02 -9.871285638099545467e-06 5.979758390465534035e+00 4.128946304313695359e-01 8.133413362719746909e-01 1.441791530529731684e-02
0.000000000000000000e+00 8.300000000000000000e+01 -1.971429380026659146e+02 -1.227470491104653508e-04 6.466147211700152830e+00 4.646532294041087474e-01 -5.649800487428452422e-01 5.560130450518588896e-01
0.000000000000000000e+00 8.400000000000000000e+01 -1.995497588423958462e+02 -2.101849344401886710e-04 6.271836566791819223e+00 4.843239410201665707e-01 4.599037608017012002e-02 -7.835805449516367593e-01
0.000000000000000000e+00 8.500000000000000000e+01 -2.018965305427879287e+02 -3.219802195638009823e-04 6.656261187200259499e+00 5.072894589494022499e-01 5.210416595532542106e-01 5.750139508430401891e-01
0.000000000000000000e+00 8.600000000000000000e+01 -2.043139913824070106e+02 -2.425015187250336652e-05 7.364786208480506247e+00 5.872560063229561589e-01 -7.410092706760530445e-01 -8.219309511819158920e-02
0.000000000000000000e+00 8.700000000000000000e+01 -2.066916706230957175e+02 1.224422293953814111e-05 6.177720361535411264e+00 5.103407341821958321e-01 6.151746283968280160e-01 -4.710108075977408881e-01
0.000000000000000000e+00 8.800000000000000000e+01 -2.090495482541499541e+02 -1.412503198611702020e-04 6.333135018676468775e+00 5.383387885561700115e-01 -1.017967285146588047e-01 7.572017901667482676e-01
0.000000000000000000e+00 8.900000000000000000e+01 -2.114798736956940104e+02 4.781493580269903032e-05 5.626165204646349949e+00 4.838318456182371108e-01 -4.287083822733214755e-01 -6.577430876567336160e-01
0.000000000000000000e+00 9.000000000000000000e+01 -2.138285271213570127e+02 -6.276694261651664941e-05 4.928949532201066575e+00 4.203945339264071879e-01 7.942333124391355303e-01 1.611865040740400878e-01
0.000000000000000000e+00 9.100000000000000000e+01 -2.161955688525538051e+02 1.296075028961156275e-04 6.580397101112859914e+00 5.002033824491872727e-01 -6.537831941439730121e-01 4.230541922969233148e-01
0.000000000000000000e+00 9.200000000000000000e+01 -2.185791868386396004e+02 1.404543597827650841e-04 6.791807081802065937e+00 4.497807252164971459e-01 1.886644227996855938e-01 -7.759985298288227806e-01
0.000000000000000000e+00 9.300000000000000000e+01 -2.209100730901392353e+02 2.471837159157007943e-04 5.742431047402972055e+00 4.040859740672854139e-01 4.424301053433107866e-01 6.869077998841035537e-01
0.000000000000000000e+00 9.400000000000000000e+01 -2.232931419307525402e+02 2.638157756958815314e-04 6.230030176133907638e+00 4.795568484565808642e-01 -7.642389517738540361e-01 -1.870734935291424039e-01
0.000000000000000000e+00 9.500000000000000000e+01 -2.256775115647458279e+02 -1.475788160335556585e-05 6.755916151106888812e+00 4.950836261442890240e-01 6.786208494173300299e-01 -3.859969897540254657e-01
0.000000000000000000e+00 9.600000000000000000e+01 -2.280130091433045436e+02 5.629785059328286747e-05 7.021536768496283720e+00 4.927888592725785943e-01 -1.915121197844380507e-01 7.577884622835243666e-01
0.000000000000000000e+00 9.700000000000000000e+01 -2.304232189346796815e+02 -1.177067324541927035e-04 6.543312867601078331e+00 5.433222106600354984e-01 -3.545216238798913899e-01 -6.746331376990345463e-01
0.000000000000000000e+00 9.800000000000000000e+01 -2.328246256884823424e+02 -2.337962469590036305e-04 6.227746964191087642e+00 5.358075460608205942e-01 7.194463317946180325e-01 2.599875031591177832e-01
0.000000000000000000e+00 9.900000000000000000e+01 -2.351755333726215440e+02 -5.279018777920883648e-05 6.147612585323494194e+00 4.834822288455289385e-01 -7.091496664497191071e-01 3.372523451536558192e-01
0.000000000000000000e+00 1.000000000000000000e+02 -2.375638132792839201e+02 -1.996957446712566836e-04 6.573710537852340607e+00 5.434424049905046683e-01 2.781083181626486378e-01 -7.095078640294750771e-01
