0.000000000000000000e+00 1.000000000000000000e+00 0.000000000000000000e+00 0.000000000000000000e+00 0.000000000000000000e+00
1.000000000000000000e+00 9.844399881062946278e-01 3.136467896760770924e-02 2.856958918956988783e-04 -4.746083056204700057e+00
2.000000000000000000e+00 9.648824323049531859e-01 7.149803374717511595e-02 1.028696671395986501e-03 -9.523530955824755395e+00
3.000000000000000000e+00 9.507903200812549693e-01 1.009234487255157853e-01 1.758381450515256227e-03 -1.431680695625167310e+01
4.000000000000000000e+00 9.412933140553887412e-01 1.210009666761681785e-01 2.320418475700345307e-03 -1.911856174664341523e+01
5.000000000000000000e+00 9.348366539522283691e-01 1.347669332218651150e-01 2.722534515223889572e-03 -2.392511916361354452e+01
6.000000000000000000e+00 9.303267675920882107e-01 1.444387830922285731e-01 3.005526388149798445e-03 -2.873454075317918566e+01
7.000000000000000000e+00 9.270798721197426318e-01 1.514311103730776042e-01 3.205964514560043395e-03 -3.354575197997260716e+01
8.000000000000000000e+00 9.246743981210334695e-01 1.566272109365681453e-01 3.350178961698697770e-03 -3.835812944477480357e+01
9.000000000000000000e+00 9.228456461454801474e-01 1.605865781509937529e-01 3.455963992217709734e-03 -4.317129512622763343e+01
1.000000000000000000e+01 9.214237261483305685e-01 1.636705534102601833e-01 3.535101092157256347e-03 -4.798501141906847067e+01
1.100000000000000000e+01 9.202963648268778218e-01 1.661190502644410982e-01 3.595426432188975670e-03 -5.279912347804307871e+01
1.200000000000000000e+01 9.193873026537575655e-01 1.680956123510203293e-01 3.642218247432350668e-03 -5.761352715821837478e+01
1.300000000000000000e+01 9.186434693629914605e-01 1.697143737835221100e-01 3.679086964565842378e-03 -6.242815049950453954e+01
1.400000000000000000e+01 9.180270036741572381e-01 1.710569460544518750e-01 3.708550918195868424e-03 -6.724294246058752833e+01
1.500000000000000000e+01 9.175103527410006787e-01 1.721828309513075417e-01 3.732396846063556258e-03 -7.205786606622238821e+01
1.600000000000000000e+01 9.170730208489765722e-01 1.731363594888574997e-01 3.751918472119723878e-03 -7.687289392898547646e+01
1.700000000000000000e+01 9.166995914987602356e-01 1.739509192720361253e-01 3.768062771428904237e-03 -8.168800550847247166e+01
1.800000000000000000e+01 9.163781975468934249e-01 1.746522402025078025e-01 3.781538970419310967e-03 -8.650318505082287857e+01
1.900000000000000000e+01 9.160996515456156786e-01 1.752602606564763188e-01 3.792881606862235060e-03 -9.131842038665359951e+01
2.000000000000000000e+01 9.158567194358844255e-01 1.757906927453693757e-01 3.802500656809436157e-03 -9.613370195913786631e+01
2.100000000000000000e+01 9.156436277246964295e-01 1.762560854218815920e-01 3.810714972887647382e-03 -1.009490221619822279e+02
2.200000000000000000e+01 9.154556795478154818e-01 1.766666544757709290e-01 3.817777007364904322e-03 -1.057643748289427492e+02
2.300000000000000000e+01 9.152891690423099469e-01 1.770304637877956055e-01 3.823881823272096223e-03 -1.105797550904656248e+02
2.400000000000000000e+01 9.151410172724604442e-01 1.773542166875909654e-01 3.829187405234806604e-03 -1.153951589151677126e+02
2.500000000000000000e+01 9.150086801133340275e-01 1.776434545779032592e-01 3.833821286059274202e-03 -1.202105829791910168e+02
2.600000000000000000e+01 9.148900403043765950e-01 1.779027909177783584e-01 3.837887201987655230e-03 -1.250260245222361704e+02
2.700000000000000000e+01 9.147833240752160089e-01 1.781360920771200562e-01 3.841470133750186314e-03 -1.298414812366311821e+02
2.800000000000000000e+01 9.146870361694654505e-01 1.783466183757292933e-01 3.844640160690829429e-03 -1.346569511810633912e+02
2.900000000000000000e+01 9.145999087769358660e-01 1.785371349982549649e-01 3.847455433523421647e-03 -1.394724327129074481e+02
3.000000000000000000e+01 9.145208574776995114e-01 1.787100077811659693e-01 3.849964638801677778e-03 -1.442879244306309658e+02
3.100000000000000000e+01 9.144489540072822109e-01 1.788672623624124880e-01 3.852208585862765180e-03 -1.491034251368764956e+02
3.200000000000000000e+01 9.143834031916868721e-01 1.790106343130790090e-01 3.854221528259170471e-03 -1.539189338075056241e+02
3.300000000000000000e+01 9.143235170103216625e-01 1.791416256288008435e-01 3.856032516420770852e-03 -1.587344495583484161e+02
3.400000000000000000e+01 9.142686976449464487e-01 1.792615416274628559e-01 3.857666299667452357e-03 -1.635499716228806903e+02
3.500000000000000000e+01 9.142184235836438022e-01 1.793715212072625464e-01 3.859144053558414764e-03 -1.683654993339487760e+02
3.600000000000000000e+01 9.141722381665666752e-01 1.794725617956949293e-01 3.860483969750243272e-03 -1.731810321087250202e+02
3.700000000000000000e+01 9.141297400950952889e-01 1.795655400279219105e-01 3.861701736956320991e-03 -1.779965694362567774e+02
3.800000000000000000e+01 9.140905755150593448e-01 1.796512290003233203e-01 3.862810935769618419e-03 -1.828121108670950719e+02
3.900000000000000000e+01 9.140544309988966054e-01 1.797303135719271194e-01 3.863823381197553728e-03 -1.876276560041984283e+02
4.000000000000000000e+01 9.140210289621716333e-01 1.798034003508052758e-01 3.864749347129203642e-03 -1.924432044967227000e+02
4.100000000000000000e+01 9.139901223954961518e-01 1.798710291869979605e-01 3.865597817014243282e-03 -1.972587560332706573e+02
4.200000000000000000e+01 9.139614908953610506e-01 1.799336818303813867e-01 3.866376669857938576e-03 -2.020743103367114770e+02
4.300000000000000000e+01 9.139349372867495713e-01 1.799917892990628987e-01 3.867092836156505072e-03 -2.068898671597773955e+02
4.400000000000000000e+01 9.139102847385764949e-01 1.800457381736774998e-01 3.867752429127878540e-03 -2.117054262813071830e+02
4.500000000000000000e+01 9.138873757413176202e-01 1.800958728198814862e-01 3.868360807475843509e-03 -2.165209875046656123e+02
4.600000000000000000e+01 9.138660654271434369e-01 1.801425099946671049e-01 3.868922821987456732e-03 -2.213365506498412856e+02
4.700000000000000000e+01 9.138462246646222864e-01 1.801859320641675533e-01 3.869442729296602556e-03 -2.261521155566355503e+02
4.800000000000000000e+01 9.138277366625716658e-01 1.802263944276797647e-01 3.869924321610596074e-03 -2.309676820805565853e+02
4.900000000000000000e+01 9.138104952735719433e-01 1.802641292237655568e-01 3.870370992625556551e-03 -2.357832500906673090e+02
5.000000000000000000e+01 9.137944041160135367e-01 1.802993472461386082e-01 3.870785779508792868e-03 -2.405988194684077257e+02
5.100000000000000000e+01 9.137793755202457957e-01 1.803322402454484996e-01 3.871171406159909165e-03 -2.454143901062343502e+02
5.200000000000000000e+01 9.137653296060705976e-01 1.803629829444063082e-01 3.871530320564576383e-03 -2.502299619064314129e+02
5.300000000000000000e+01 9.137521934730687967e-01 1.803917348066155224e-01 3.871864727127779897e-03 -2.550455347800685502e+02
5.400000000000000000e+01 9.137399004881455733e-01 1.804186415931650356e-01 3.872176614731547527e-03 -2.598611086460853699e+02
5.500000000000000000e+01 9.137283896570836950e-01 1.804438367358092710e-01 3.872467781142667140e-03 -2.646766834304847293e+02
5.600000000000000000e+01 9.137176050688728957e-01 1.804674425512305391e-01 3.872739854296534598e-03 -2.694922590656216812e+02
5.700000000000000000e+01 9.137074954032721186e-01 1.804895713172158800e-01 3.872994310900209920e-03 -2.743078354895729944e+02
5.800000000000000000e+01 9.136980134934364894e-01 1.805103262285682741e-01 3.873232492729342027e-03 -2.791234126455793216e+02
5.900000000000000000e+01 9.136891159366280490e-01 1.805298022479957798e-01 3.873455620936171011e-03 -2.839389904815492400e+02
6.000000000000000000e+01 9.136807627469982762e-01 1.805480868650889970e-01 3.873664808638284125e-03 -2.887545689496174646e+02
6.100000000000000000e+01 9.136729170452917437e-01 1.805652607746464078e-01 3.873861072017393496e-03 -2.935701480057517756e+02
6.200000000000000000e+01 9.136655447810014818e-01 1.805813984840951569e-01 3.874045340124327580e-03 -2.983857276094000781e+02
6.300000000000000000e+01 9.136586144831205791e-01 1.805965688584280915e-01 3.874218463557873096e-03 -3.032013077231762281e+02
6.400000000000000000e+01 9.136520977854876158e-01 1.806108339696415876e-01 3.874381203353294799e-03 -3.080168883134181215e+02
6.500000000000000000e+01 9.136459676759817183e-01 1.806242529287524212e-01 3.874534276918543876e-03 -3.128324693481936265e+02
6.600000000000000000e+01 9.136401990105914583e-01 1.806368807601133886e-01 3.874678346347748981e-03 -3.176480507978555465e+02
6.700000000000000000e+01 9.136347684761088050e-01 1.806487684827149387e-01 3.874814020670412727e-03 -3.224636326349789215e+02
6.800000000000000000e+01 9.136296957786234074e-01 1.806598729453358365e-01 3.874940841444345519e-03 -3.272792148804085741e+02
6.900000000000000000e+01 9.136249142587089533e-01 1.806703400578842655e-01 3.875060477129931100e-03 -3.320947974584623239e+02
7.000000000000000000e+01 9.136204057564712988e-01 1.806802095640491213e-01 3.875173391757737781e-03 -3.369103803479086992e+02
7.100000000000000000e+01 9.136161533662091605e-01 1.806895184633066365e-01 3.875280014133553746e-03 -3.417259635290249662e+02
7.200000000000000000e+01 9.136121413389521884e-01 1.806983012241004383e-01 3.875380741390918593e-03 -3.465415469834756550e+02
7.300000000000000000e+01 9.136083549935032355e-01 1.807065899784277008e-01 3.875475941686337168e-03 -3.513571306942035335e+02
7.400000000000000000e+01 9.136047806352768363e-01 1.807144146993794331e-01 3.875565956687919075e-03 -3.561727146453287105e+02
7.500000000000000000e+01 9.136014054821117725e-01 1.807218033634300502e-01 3.875651103767685339e-03 -3.609882988220579705e+02
7.600000000000000000e+01 9.135982175964084684e-01 1.807287820988960070e-01 3.875731678011530915e-03 -3.658038832106015548e+02
7.700000000000000000e+01 9.135952058229415140e-01 1.807353753219851922e-01 3.875807954018112549e-03 -3.706194677980967640e+02
7.800000000000000000e+01 9.135923597318607037e-01 1.807416058614970678e-01 3.875880187547826611e-03 -3.754350525725388366e+02
7.900000000000000000e+01 9.135896695663464628e-01 1.807474950733460317e-01 3.875948617004630267e-03 -3.802506375227168292e+02
8.000000000000000000e+01 9.135871261945176514e-01 1.807530629457815563e-01 3.876013464799827300e-03 -3.850662226381555797e+02
8.100000000000000000e+01 9.135847210651922845e-01 1.807583281961824551e-01 3.876074938576571250e-03 -3.898818079090617061e+02
8.200000000000000000e+01 9.135824461671536723e-01 1.807633083601859203e-01 3.876133232346321358e-03 -3.946973933262750620e+02
8.300000000000000000e+01 9.135802939916067844e-01 1.807680198738338961e-01 3.876188527501932355e-03 -3.995129788812227503e+02
8.400000000000000000e+01 9.135782574975574999e-01 1.807724781493297017e-01 3.876240993774689256e-03 -4.043285645658783665e+02
8.500000000000000000e+01 9.135763300798278586e-01 1.807766976450260465e-01 3.876290790067543190e-03 -4.091441503727226632e+02
8.600000000000000000e+01 9.135745055395372294e-01 1.807806919300189163e-01 3.876338065279189612e-03 -4.139597362947091597e+02
8.700000000000000000e+01 9.135727780567481915e-01 1.807844737440073568e-01 3.876382958967235313e-03 -4.187753223252305474e+02
8.800000000000000000e+01 9.135711421652467079e-01 1.807880550524819940e-01 3.876425602104567776e-03 -4.235909084580898707e+02
8.900000000000000000e+01 9.135695927290086171e-01 1.807914470982254496e-01 3.876466117526464542e-03 -4.284064946874713087e+02
9.000000000000000000e+01 9.135681249207007193e-01 1.807946604483604280e-01 3.876504620778961022e-03 -4.332220810079155058e+02
9.100000000000000000e+01 9.135667342011528635e-01 1.807977050392751139e-01 3.876541220091611877e-03 -4.380376674142952425e+02
9.200000000000000000e+01 9.135654163013978701e-01 1.808005902159264822e-01 3.876576017918269366e-03 -4.428532539017938348e+02
9.300000000000000000e+01 9.135641672036081129e-01 1.808033247735647275e-01 3.876609109194160269e-03 -4.476688404658829086e+02
9.400000000000000000e+01 9.135629831274535428e-01 1.808059169875860517e-01 3.876640586431239714e-03 -4.524844271023065403e+02
9.500000000000000000e+01 9.135618605031812223e-01 1.808083746724592211e-01 3.876670529819249266e-03 -4.573000138070502203e+02
9.600000000000000000e+01 9.135607959484169927e-01 1.808107052325022002e-01 3.876699032188499205e-03 -4.621156005763143071e+02
9.700000000000000000e+01 9.135597860806758952e-01 1.808129160723365436e-01 3.876726146053022150e-03 -4.669311874063067762e+02
9.800000000000000000e+01 9.135588273234910295e-01 1.808150150213108931e-01 3.876752023935975833e-03 -4.717467742930283521e+02
9.900000000000000000e+01 9.135579164771632232e-01 1.808170090839910926e-01 3.876776607909868024e-03 -4.765623612329032426e+02
1.000000000000000000e+02 9.135570516696350785e-01 1.808189023584552413e-01 3.876800179550202088e-03 -4.813779482238216474e+02
1.010000000000000000e+02 9.135562306265702093e-01 1.808206998235009633e-01 3.876822429303438105e-03 -4.861935352632380614e+02
1.020000000000000000e+02 9.135554489043826720e-01 1.808224112069840850e-01 3.876843924745667237e-03 -4.910091223462195558e+02
1.030000000000000000e+02 9.135547081058464913e-01 1.808240329998100360e-01 3.876864183956158297e-03 -4.958247094744979222e+02
1.040000000000000000e+02 9.135540058818335529e-01 1.808255703445944274e-01 3.876883607620441614e-03 -5.006402966454530770e+02
1.050000000000000000e+02 9.135533398426795015e-01 1.808270284727236388e-01 3.876901969000730655e-03 -5.054558838564268513e+02
1.060000000000000000e+02 9.135527081598096011e-01 1.808284113872417609e-01 3.876919595078717577e-03 -5.102714711053794758e+02
1.070000000000000000e+02 9.135521086928323209e-01 1.808297237738585028e-01 3.876936215239181610e-03 -5.150870583899335315e+02
1.080000000000000000e+02 9.135515398406676146e-01 1.808309691376125128e-01 3.876952278165428974e-03 -5.199026457083047035e+02
1.090000000000000000e+02 9.135509995202739653e-01 1.808321520386967640e-01 3.876967299732640010e-03 -5.247182330581844099e+02
1.100000000000000000e+02 9.135504866686100511e-01 1.808332748042742466e-01 3.876981966922064381e-03 -5.295338204383838274e+02
1.110000000000000000e+02 9.135499998298259872e-01 1.808343406214806270e-01 3.876995626282641032e-03 -5.343494078472886031e+02
1.120000000000000000e+02 9.135495390642391911e-01 1.808353493581739968e-01 3.877008842412546768e-03 -5.391649952849477359e+02
1.130000000000000000e+02 9.135491004133259318e-01 1.808363096805208070e-01 3.877021164958812695e-03 -5.439805827469995165e+02
1.140000000000000000e+02 9.135486760038913356e-01 1.808372388249596674e-01 3.877033419359564217e-03 -5.487961702247823723e+02
1.150000000000000000e+02 9.135482821717205715e-01 1.808381010280715184e-01 3.877044915985282912e-03 -5.536117577362296061e+02
1.160000000000000000e+02 9.135478993005345938e-01 1.808389392350359393e-01 3.877055903053158205e-03 -5.584273452597867617e+02
1.170000000000000000e+02 9.135475441684561826e-01 1.808397167140224360e-01 3.877066095878833711e-03 -5.632429328138690607e+02
1.180000000000000000e+02 9.135471987489300894e-01 1.808404729299271929e-01 3.877076216615508650e-03 -5.680585203786738475e+02
1.190000000000000000e+02 9.135468782433840973e-01 1.808411746027094036e-01 3.877085720747294479e-03 -5.728741079708831876e+02
1.200000000000000000e+02 9.135465662962952704e-01 1.808418575389646454e-01 3.877094827066458922e-03 -5.776896955725361522e+02
1.210000000000000000e+02 9.135462766570995319e-01 1.808424916374381519e-01 3.877103276698948275e-03 -5.825052831987179616e+02
1.220000000000000000e+02 9.135459949425939197e-01 1.808431083868167200e-01 3.877111669590299799e-03 -5.873208708336366044e+02
1.230000000000000000e+02 9.135457333818345349e-01 1.808436810143539408e-01 3.877119567082929277e-03 -5.921364584907072413e+02
1.240000000000000000e+02 9.135454787347355721e-01 1.808442385061692359e-01 3.877127122053353279e-03 -5.969520461553972837e+02
1.250000000000000000e+02 9.135452421953986768e-01 1.808447563553030879e-01 3.877134121993633473e-03 -6.017676338399838869e+02
1.260000000000000000e+02 9.135450120623272996e-01 1.808452601795032255e-01 3.877141101311448561e-03 -6.065832215316257816e+02
1.270000000000000000e+02 9.135447983559662477e-01 1.808457280412572588e-01 3.877147687529625738e-03 -6.113988092413114828e+02
1.280000000000000000e+02 9.135445901870736796e-01 1.808461837800821037e-01 3.877153958394546386e-03 -6.162143969570939817e+02
1.290000000000000000e+02 9.135443976285148038e-01 1.808466053436954823e-01 3.877159885236226150e-03 -6.210299846900170451e+02
1.300000000000000000e+02 9.135442092911810752e-01 1.808470176659723871e-01 3.877165609845365738e-03 -6.258455724275881948e+02
1.310000000000000000e+02 9.135440350745790417e-01 1.808473990741557569e-01 3.877171017080709679e-03 -6.306611601806606586e+02
1.320000000000000000e+02 9.135438646915163829e-01 1.808477720897346541e-01 3.877176241290522692e-03 -6.354767479379523820e+02
1.330000000000000000e+02 9.135437070278631388e-01 1.808481172590755970e-01 3.877181176917596835e-03 -6.402923357092038259e+02
1.340000000000000000e+02 9.135435528635169611e-01 1.808484547675233700e-01 3.877185944123344614e-03 -6.451079234843048198e+02
1.350000000000000000e+02 9.135434101426257447e-01 1.808487672231298693e-01 3.877190451482538398e-03 -6.499235112719627523e+02
1.360000000000000000e+02 9.135432706175701245e-01 1.808490726822127581e-01 3.877194801818931169e-03 -6.547390990631348586e+02
1.370000000000000000e+02 9.135431413904986364e-01 1.808493555961915300e-01 3.877198920178695062e-03 -6.595546868656043671e+02
1.380000000000000000e+02 9.135430150833895313e-01 1.808496321175996624e-01 3.877202890123282973e-03 -6.643702746712833687e+02
1.390000000000000000e+02 9.135428980457864778e-01 1.808498883455133543e-01 3.877206655168690796e-03 -6.691858624871298389e+02
1.400000000000000000e+02 9.135427836768887921e-01 1.808501387309199293e-01 3.877210277814089300e-03 -6.740014503059086337e+02
1.410000000000000000e+02 9.135426776541458738e-01 1.808503708442936730e-01 3.877213722089584320e-03 -6.788170381338405832e+02
1.420000000000000000e+02 9.135425740706325515e-01 1.808505976175400487e-01 3.877217027393390150e-03 -6.836326259644516767e+02
1.430000000000000000e+02 9.135424780046477178e-01 1.808508079328393081e-01 3.877220180719059307e-03 -6.884482138033060892e+02
1.440000000000000000e+02 9.135423841674411571e-01 1.808510133687407928e-01 3.877223195721449418e-03 -6.932638016446079519e+02
1.450000000000000000e+02 9.135422971048228202e-01 1.808512039731920151e-01 3.877226085602484412e-03 -6.980793894933369756e+02
1.460000000000000000e+02 9.135422120767702214e-01 1.808513901234272692e-01 3.877228834601677623e-03 -7.028949773442994911e+02
1.470000000000000000e+02 9.135421331583424287e-01 1.808515628979966983e-01 3.877231486652804506e-03 -7.077105652019596391e+02
1.480000000000000000e+02 9.135420560935175738e-01 1.808517316145238085e-01 3.877233991325847694e-03 -7.125261530616543268e+02
1.490000000000000000e+02 9.135419845450000187e-01 1.808518882543192763e-01 3.877236429734572196e-03 -7.173417409273951080e+02
1.500000000000000000e+02 9.135419146773615662e-01 1.808520412142101963e-01 3.877238709212765637e-03 -7.221573287949804580e+02
1.510000000000000000e+02 9.135418498011771415e-01 1.808521832464161649e-01 3.877240957233193432e-03 -7.269729166680361914e+02
1.520000000000000000e+02 9.135417863128041382e-01 1.808523222403225217e-01 3.877243027922791952e-03 -7.317885045426145325e+02
1.530000000000000000e+02 9.135417260626667035e-01 1.808524541448294498e-01 3.877245033603051415e-03 -7.366040924207425178e+02
1.540000000000000000e+02 9.135416700354899167e-01 1.808525768040949722e-01 3.877246983190107878e-03 -7.414196803034980121e+02
1.550000000000000000e+02 9.135416153865908440e-01 1.808526964459296338e-01 3.877248808039639779e-03 -7.462352681877652003e+02
1.560000000000000000e+02 9.135415645614978208e-01 1.808528077163817360e-01 3.877250611059701157e-03 -7.510508560762219759e+02
1.570000000000000000e+02 9.135415149451573402e-01 1.808529163405406814e-01 3.877252266992291859e-03 -7.558664439660043399e+02
1.580000000000000000e+02 9.135414688382823556e-01 1.808530172814946380e-01 3.877253943197312563e-03 -7.606820318596318202e+02
1.590000000000000000e+02 9.135414235656185156e-01 1.808531163961304700e-01 3.877255433245898383e-03 -7.654976197541742522e+02
1.600000000000000000e+02 9.135413807143514253e-01 1.808532102096499783e-01 3.877256893465286930e-03 -7.703132076513697939e+02
1.610000000000000000e+02 9.135413408590344897e-01 1.808532974641928193e-01 3.877258341223491049e-03 -7.751287955518473609e+02
1.620000000000000000e+02 9.135413019429098336e-01 1.808533826625824681e-01 3.877259665191715599e-03 -7.799443834533548170e+02
1.630000000000000000e+02 9.135412657752155496e-01 1.808534618438846775e-01 3.877261014754870404e-03 -7.847599713578727005e+02
1.640000000000000000e+02 9.135412303414803814e-01 1.808535394183462541e-01 3.877262207496356711e-03 -7.895755592631951458e+02
1.650000000000000000e+02 9.135411966900414127e-01 1.808536130908602324e-01 3.877263372577826814e-03 -7.943911471704700489e+02
1.660000000000000000e+02 9.135411654077469912e-01 1.808536815766494665e-01 3.877264544161283799e-03 -7.992067350803400814e+02
1.670000000000000000e+02 9.135411348332841408e-01 1.808537485127973965e-01 3.877265597897069059e-03 -8.040223229909857992e+02
1.680000000000000000e+02 9.135411064397407355e-01 1.808538106742977880e-01 3.877266696124738021e-03 -8.088379109040201911e+02
1.690000000000000000e+02 9.135410785833011360e-01 1.808538716599279172e-01 3.877267640430089382e-03 -8.136534988176434808e+02
1.700000000000000000e+02 9.135410521320821431e-01 1.808539295691345972e-01 3.877268568988462370e-03 -8.184690867328057493e+02
1.710000000000000000e+02 9.135410275602541263e-01 1.808539833638235228e-01 3.877269521206255266e-03 -8.232846746500264317e+02
1.720000000000000000e+02 9.135410035170883347e-01 1.808540360011225423e-01 3.877270357911660748e-03 -8.281002625678264621e+02
1.730000000000000000e+02 9.135409812120478534e-01 1.808540848331742223e-01 3.877271257262540540e-03 -8.329158504875299514e+02
1.740000000000000000e+02 9.135409592745693530e-01 1.808541328605297871e-01 3.877271999687324517e-03 -8.377314384076363467e+02
1.750000000000000000e+02 9.135409384659732845e-01 1.808541784164429400e-01 3.877272739101429114e-03 -8.425470263289786317e+02
1.760000000000000000e+02 9.135409191523482519e-01 1.808542206994416257e-01 3.877273515752436509e-03 -8.473626142519582345e+02
1.770000000000000000e+02 9.135409002268674028e-01 1.808542621326839073e-01 3.877274178734114313e-03 -8.521782021753631398e+02
1.780000000000000000e+02 9.135408826947434280e-01 1.808543005154734928e-01 3.877274918769709183e-03 -8.569937901002937224e+02
1.790000000000000000e+02 9.135408654072642021e-01 1.808543383626672052e-01 3.877275499435428249e-03 -8.618093780254926060e+02
1.800000000000000000e+02 9.135408490249391500e-01 1.808543742282223976e-01 3.877276087453643098e-03 -8.666249659516827251e+02
1.810000000000000000e+02 9.135408338355094360e-01 1.808544074821922809e-01 3.877276723502172916e-03 -8.714405538791788786e+02
1.820000000000000000e+02 9.135408189262826939e-01 1.808544401227187293e-01 3.877277247280130554e-03 -8.762561418069822139e+02
1.830000000000000000e+02 9.135408051392212014e-01 1.808544703065076698e-01 3.877277859762409424e-03 -8.810717297360140492e+02
1.840000000000000000e+02 9.135407915060280715e-01 1.808545001534354046e-01 3.877278310592378267e-03 -8.858873176652144821e+02
1.850000000000000000e+02 9.135407785988935991e-01 1.808545284108152018e-01 3.877278777300303177e-03 -8.907029055952102681e+02
1.860000000000000000e+02 9.135407666471155874e-01 1.808545545766490070e-01 3.877279300755074893e-03 -8.955184935262516319e+02
1.870000000000000000e+02 9.135407548929664889e-01 1.808545803098170757e-01 3.877279712858222507e-03 -9.003340814575097966e+02
1.880000000000000000e+02 9.135407437073620462e-01 1.808546047982804439e-01 3.877280124084372427e-03 -9.051496693893903966e+02
1.890000000000000000e+02 9.135407333478785530e-01 1.808546274781304142e-01 3.877280579806700357e-03 -9.099652573221753755e+02
1.900000000000000000e+02 9.135407231653542848e-01 1.808546497705668665e-01 3.877280944132231039e-03 -9.147808452551540768e+02
1.910000000000000000e+02 9.135407137625357610e-01 1.808546703560061919e-01 3.877281388170595276e-03 -9.195964331889864525e+02
1.920000000000000000e+02 9.135407044694487944e-01 1.808546907012121008e-01 3.877281701626727421e-03 -9.244120211229389952e+02
1.930000000000000000e+02 9.135406956431543213e-01 1.808547100244771166e-01 3.877282023980323060e-03 -9.292276090574027876e+02
1.940000000000000000e+02 9.135406874890000806e-01 1.808547278762362154e-01 3.877282408335305797e-03 -9.340431969926024749e+02
1.950000000000000000e+02 9.135406794461141677e-01 1.808547454843978386e-01 3.877282688654722781e-03 -9.388587849279241482e+02
1.960000000000000000e+02 9.135406720507016631e-01 1.808547616750557641e-01 3.877283072155449616e-03 -9.436743728639545452e+02
1.970000000000000000e+02 9.135406646816404130e-01 1.808547778080243640e-01 3.877283298872441150e-03 -9.484899608000139324e+02
1.980000000000000000e+02 9.135406577134664863e-01 1.808547930633359613e-01 3.877283551040364845e-03 -9.533055487365123781e+02
1.990000000000000000e+02 9.135406512936802281e-01 1.808548071180721140e-01 3.877283875867155744e-03 -9.581211366736110904e+02
2.000000000000000000e+02 9.135406449357565961e-01 1.808548210373729925e-01 3.877284089978794753e-03 -9.629367246107772189e+02
2.010000000000000000e+02 9.135406388917572951e-01 1.808548342694045186e-01 3.877284312674328642e-03 -9.677523125482873638e+02
2.020000000000000000e+02 9.135406333220333908e-01 1.808548464631127284e-01 3.877284595182156537e-03 -9.725679004863166028e+02
2.030000000000000000e+02 9.135406278118807233e-01 1.808548585264024844e-01 3.877284785677312644e-03 -9.773834884244110981e+02
2.040000000000000000e+02 9.135406227645200827e-01 1.808548695765090919e-01 3.877285074423991989e-03 -9.821990763630120682e+02
2.050000000000000000e+02 9.135406177200240396e-01 1.808548806203443549e-01 3.877285225060190382e-03 -9.870146643016163353e+02
2.060000000000000000e+02 9.135406129405383435e-01 1.808548910839966051e-01 3.877285394856619036e-03 -9.918302522405107311e+02
2.070000000000000000e+02 9.135406085585543456e-01 1.808549006774048673e-01 3.877285643175386494e-03 -9.966458401798405475e+02
2.080000000000000000e+02 9.135406041913506359e-01 1.808549102384547635e-01 3.877285781141941341e-03 -1.001461428119186508e+03
2.090000000000000000e+02 9.135406000437908958e-01 1.808549193186416992e-01 3.877285931270712301e-03 -1.006277016058772688e+03
2.100000000000000000e+02 9.135405962402255442e-01 1.808549276457269983e-01 3.877286147301441631e-03 -1.011092603998735513e+03
2.110000000000000000e+02 9.135405924542309153e-01 1.808549359343455676e-01 3.877286270709233863e-03 -1.015908191938717778e+03
2.120000000000000000e+02 9.135405890142381802e-01 1.808549434654673493e-01 3.877286500348432145e-03 -1.020723779879078620e+03
2.130000000000000000e+02 9.135405855377048967e-01 1.808549510765868062e-01 3.877286586684122478e-03 -1.025539367819399558e+03
2.140000000000000000e+02 9.135405822531711406e-01 1.808549582673648903e-01 3.877286697938224762e-03 -1.030354955759930590e+03
2.150000000000000000e+02 9.135405792639281763e-01 1.808549648116672959e-01 3.877286893678371076e-03 -1.035170543700784947e+03
2.160000000000000000e+02 9.135405762564114962e-01 1.808549713959762273e-01 3.877286976890080301e-03 -1.039986131641619068e+03
2.170000000000000000e+02 9.135405734049462101e-01 1.808549776386443597e-01 3.877287075431338787e-03 -1.044801719582624173e+03
2.180000000000000000e+02 9.135405708091901555e-01 1.808549833214921632e-01 3.877287245772368263e-03 -1.049617307523909403e+03
2.190000000000000000e+02 9.135405682010889761e-01 1.808549890313670971e-01 3.877287320920161200e-03 -1.054432895465181218e+03
2.200000000000000000e+02 9.135405658612678614e-01 1.808549941539006611e-01 3.877287510645938389e-03 -1.059248483406746345e+03
2.210000000000000000e+02 9.135405634546065468e-01 1.808549994227665048e-01 3.877287548315908397e-03 -1.064064071348238031e+03
2.220000000000000000e+02 9.135405611932019276e-01 1.808550043736241175e-01 3.877287618560532317e-03 -1.068879659289889105e+03
2.230000000000000000e+02 9.135405591564349503e-01 1.808550088326861816e-01 3.877287776862955570e-03 -1.073695247231786425e+03
2.240000000000000000e+02 9.135405570802823672e-01 1.808550133779739943e-01 3.877287821781105932e-03 -1.078510835173640316e+03
2.250000000000000000e+02 9.135405551162127935e-01 1.808550176778810914e-01 3.877287884055482560e-03 -1.083326423115616763e+03
2.260000000000000000e+02 9.135405533470598582e-01 1.808550215510600634e-01 3.877288022115332571e-03 -1.088142011057806940e+03
2.270000000000000000e+02 9.135405515459540382e-01 1.808550254941924118e-01 3.877288063262878878e-03 -1.092957598999961874e+03
2.280000000000000000e+02 9.135405498394401080e-01 1.808550292302367191e-01 3.877288117928686349e-03 -1.097773186942220036e+03
2.290000000000000000e+02 9.135405483033010032e-01 1.808550325932818392e-01 3.877288239559264788e-03 -1.102588774884665099e+03
2.300000000000000000e+02 9.135405467389698941e-01 1.808550360180476713e-01 3.877288275874374562e-03 -1.107404362827079694e+03
2.310000000000000000e+02 9.135405453624553251e-01 1.808550390316293888e-01 3.877288419568673643e-03 -1.112219950769699381e+03
2.320000000000000000e+02 9.135405439155039886e-01 1.808550421994168655e-01 3.877288427279531203e-03 -1.117035538712242214e+03
2.330000000000000000e+02 9.135405425569370630e-01 1.808550451737063747e-01 3.877288460409880795e-03 -1.121851126654881682e+03
2.340000000000000000e+02 9.135405413598977065e-01 1.808550477943658141e-01 3.877288584180646567e-03 -1.126666714597698046e+03
2.350000000000000000e+02 9.135405401062025588e-01 1.808550505390611463e-01 3.877288594506622318e-03 -1.131482302540452110e+03
2.360000000000000000e+02 9.135405389254994679e-01 1.808550531239560000e-01 3.877288623794685179e-03 -1.136297890483285983e+03
2.370000000000000000e+02 9.135405378857476277e-01 1.808550554002683608e-01 3.877288732428588267e-03 -1.141113478426274696e+03
2.380000000000000000e+02 9.135405367974169799e-01 1.808550577829337036e-01 3.877288742536750838e-03 -1.145929066369209750e+03
2.390000000000000000e+02 9.135405357707792051e-01 1.808550600305356693e-01 3.877288767933252580e-03 -1.150744654312212788e+03
2.400000000000000000e+02 9.135405348683086624e-01 1.808550620063001657e-01 3.877288864442739180e-03 -1.155560242255351341e+03
2.410000000000000000e+02 9.135405339223265919e-01 1.808550640773239904e-01 3.877288873098754755e-03 -1.160375830198442145e+03
2.420000000000000000e+02 9.135405331243918736e-01 1.808550658242298881e-01 3.877288996109069363e-03 -1.165191418141695294e+03
2.430000000000000000e+02 9.135405322390629523e-01 1.808550677624665703e-01 3.877288975050391558e-03 -1.170007006084852719e+03
2.440000000000000000e+02 9.135405314178702829e-01 1.808550695602909320e-01 3.877288984378198314e-03 -1.174822594028080630e+03
2.450000000000000000e+02 9.135405307225643590e-01 1.808550710825133356e-01 3.877289089086070895e-03 -1.179638181971446102e+03
2.460000000000000000e+02 9.135405299576933036e-01 1.808550727570337191e-01 3.877289076116802007e-03 -1.184453769914735403e+03
2.470000000000000000e+02 9.135405292435189173e-01 1.808550743205645517e-01 3.877289084259327289e-03 -1.189269357858080411e+03
2.480000000000000000e+02 9.135405286398721181e-01 1.808550756421188621e-01 3.877289176718856471e-03 -1.194084945801546382e+03
2.490000000000000000e+02 9.135405279755297592e-01 1.808550770965532684e-01 3.877289166038274185e-03 -1.198900533744945960e+03
2.500000000000000000e+02 9.135405273539753956e-01 1.808550784573124681e-01 3.877289172635716829e-03 -1.203716121688392150e+03
2.510000000000000000e+02 9.135405268306919790e-01 1.808550796029287644e-01 3.877289255507830948e-03 -1.208531709631946114e+03
2.520000000000000000e+02 9.135405262526415937e-01 1.808550808684458167e-01 3.877289245609046898e-03 -1.213347297575439825e+03
2.530000000000000000e+02 9.135405257113873301e-01 1.808550820534048920e-01 3.877289250590030406e-03 -1.218162885518974008e+03
2.540000000000000000e+02 9.135405252582938784e-01 1.808550830453556635e-01 3.877289325644352538e-03 -1.222978473462604597e+03
2.550000000000000000e+02 9.135405247546574126e-01 1.808550841479589222e-01 3.877289315768482885e-03 -1.227794061406179935e+03
2.560000000000000000e+02 9.135405243664843633e-01 1.808550849977800801e-01 3.877289419779142345e-03 -1.232609649349881465e+03
2.570000000000000000e+02 9.135405238862227550e-01 1.808550860492093570e-01 3.877289382620178505e-03 -1.237425237293482496e+03
2.580000000000000000e+02 9.135405234484604842e-01 1.808550870075952555e-01 3.877289374541905212e-03 -1.242240825237130366e+03
2.590000000000000000e+02 9.135405231108093549e-01 1.808550877468096951e-01 3.877289465038109059e-03 -1.247056413180887603e+03
2.600000000000000000e+02 9.135405226949545598e-01 1.808550886572341532e-01 3.877289434929399262e-03 -1.251872001124559119e+03
2.610000000000000000e+02 9.135405223137009756e-01 1.808550894919065399e-01 3.877289427412401387e-03 -1.256687589068267926e+03
2.620000000000000000e+02 9.135405220214387612e-01 1.808550901317518000e-01 3.877289508289557488e-03 -1.261503177012074957e+03
2.630000000000000000e+02 9.135405216596773625e-01 1.808550909237502391e-01 3.877289481906098702e-03 -1.266318764955805818e+03
2.640000000000000000e+02 9.135405213272419500e-01 1.808550916515459239e-01 3.877289474437373411e-03 -1.271134352899568285e+03
2.650000000000000000e+02 9.135405210751185168e-01 1.808550922035158937e-01 3.877289547932283656e-03 -1.275949940843419199e+03
2.660000000000000000e+02 9.135405207595501675e-01 1.808550928943847835e-01 3.877289523731696375e-03 -1.280765528787200537e+03
2.670000000000000000e+02 9.135405204693940462e-01 1.808550935296189821e-01 3.877289516061623465e-03 -1.285581116731009615e+03
2.680000000000000000e+02 9.135405202525339607e-01 1.808550940043873734e-01 3.877289583660436731e-03 -1.290396704674898729e+03
2.690000000000000000e+02 9.135405199766664097e-01 1.808550946083395949e-01 3.877289560770222701e-03 -1.295212292618723268e+03
2.700000000000000000e+02 9.135405197231882823e-01 1.808550951632756643e-01 3.877289552792571176e-03 -1.300027880562572136e+03
2.710000000000000000e+02 9.135405195371791853e-01 1.808550955705025276e-01 3.877289615530354460e-03 -1.304843468506494673e+03
2.720000000000000000e+02 9.135405192955724507e-01 1.808550960994482482e-01 3.877289593443534240e-03 -1.309659056450356729e+03
2.730000000000000000e+02 9.135405191520381551e-01 1.808550964136857175e-01 3.877289687970851204e-03 -1.314474644394326560e+03
2.740000000000000000e+02 9.135405189097026701e-01 1.808550969442270229e-01 3.877289637442401724e-03 -1.319290232338187479e+03
2.750000000000000000e+02 9.135405186996622406e-01 1.808550974040649961e-01 3.877289618552402783e-03 -1.324105820282084323e+03
2.760000000000000000e+02 9.135405185748229906e-01 1.808550976773739272e-01 3.877289700944417435e-03 -1.328921408226074391e+03
2.770000000000000000e+02 9.135405183660627593e-01 1.808550981344092534e-01 3.877289659740703817e-03 -1.333736996169972144e+03
2.780000000000000000e+02 9.135405181825029253e-01 1.808550985362740726e-01 3.877289642295356567e-03 -1.338552584113897638e+03
2.790000000000000000e+02 9.135405180760279853e-01 1.808550987693776091e-01 3.877289717152384695e-03 -1.343368172057907486e+03
2.800000000000000000e+02 9.135405178936137904e-01 1.808550991687344067e-01 3.877289680199985222e-03 -1.348183760001834344e+03
2.810000000000000000e+02 9.135405177328362880e-01 1.808550995207222345e-01 3.877289663649825975e-03 -1.352999347945785075e+03
2.820000000000000000e+02 9.135405176429408636e-01 1.808550997175288610e-01 3.877289732818745699e-03 -1.357814935889813114e+03
2.830000000000000000e+02 9.135405174827896380e-01 1.808551000681454801e-01 3.877289698680293651e-03 -1.362630523833764073e+03
2.840000000000000000e+02 9.135405173416863978e-01 1.808551003770603738e-01 3.877289682697856055e-03 -1.367446111777736633e+03
2.850000000000000000e+02 9.135405172665655993e-01 1.808551005415214297e-01 3.877289747420322591e-03 -1.372261699721780815e+03
2.860000000000000000e+02 9.135405171254050716e-01 1.808551008505618340e-01 3.877289715218164984e-03 -1.377077287665752465e+03
2.870000000000000000e+02 9.135405170013340959e-01 1.808551011221884719e-01 3.877289699602983961e-03 -1.381892875609743442e+03
2.880000000000000000e+02 9.135405169392775138e-01 1.808551012580481010e-01 3.877289760755551346e-03 -1.386708463553802176e+03
2.890000000000000000e+02 9.135405168144136168e-01 1.808551015314106003e-01 3.877289729929007771e-03 -1.391524051497792016e+03
2.900000000000000000e+02 9.135405167051122710e-01 1.808551017707021868e-01 3.877289714556595660e-03 -1.396339639441798681e+03
2.910000000000000000e+02 9.135405166545501610e-01 1.808551018813970845e-01 3.877289772782210094e-03 -1.401155227385869921e+03
2.920000000000000000e+02 9.135405165437276986e-01 1.808551021240192846e-01 3.877289742960637799e-03 -1.405970815329875450e+03
2.930000000000000000e+02 9.135405164472500950e-01 1.808551023352359677e-01 3.877289727753414732e-03 -1.410786403273895985e+03
2.940000000000000000e+02 9.135405164067665895e-01 1.808551024238661264e-01 3.877289783538460152e-03 -1.415601991217978139e+03
2.950000000000000000e+02 9.135405163080762003e-01 1.808551026399272954e-01 3.877289754470125173e-03 -1.420417579161996628e+03
2.960000000000000000e+02 9.135405162227436815e-01 1.808551028267444682e-01 3.877289739380094385e-03 -1.425233167106030351e+03
2.970000000000000000e+02 9.135405161910754579e-01 1.808551028960752038e-01 3.877289793101970292e-03 -1.430048755050122054e+03
2.980000000000000000e+02 9.135405161028898879e-01 1.808551030891385192e-01 3.877289764612048498e-03 -1.434864342994152139e+03
2.990000000000000000e+02 9.135405160272505043e-01 1.808551032547345561e-01 3.877289749610083984e-03 -1.439679930938196094e+03
3.000000000000000000e+02 9.135405160032784577e-01 1.808551033072160474e-01 3.877289801567892699e-03 -1.444495518882296665e+03
3.010000000000000000e+02 9.135405159242027118e-01 1.808551034803354829e-01 3.877289773532648434e-03 -1.449311106826336982e+03
3.020000000000000000e+02 9.135405159289193833e-01 1.808551034700092985e-01 3.877289858940246962e-03 -1.454126694770468703e+03
3.030000000000000000e+02 9.135405158363896216e-01 1.808551036725832839e-01 3.877289804489898652e-03 -1.458942282714494013e+03
3.040000000000000000e+02 9.135405157665715814e-01 1.808551038254349319e-01 3.877289778732728818e-03 -1.463757870658544789e+03
3.050000000000000000e+02 9.135405157733662573e-01 1.808551038105593867e-01 3.877289856965978124e-03 -1.468573458602678784e+03
3.060000000000000000e+02 9.135405156917446590e-01 1.808551039892522527e-01 3.877289808043581608e-03 -1.473389046546715690e+03
3.070000000000000000e+02 9.135405156297109475e-01 1.808551041250616165e-01 3.877289783882974933e-03 -1.478204634490774652e+03
3.080000000000000000e+02 9.135405156390629111e-01 1.808551041045875218e-01 3.877289856940744836e-03 -1.483020222434911602e+03
3.090000000000000000e+02 9.135405155661905363e-01 1.808551042641260154e-01 3.877289811779871097e-03 -1.487835810378958286e+03
3.100000000000000000e+02 9.135405155107596542e-01 1.808551043854799423e-01 3.877289788759335967e-03 -1.492651398323024523e+03
3.110000000000000000e+02 9.135405155227936946e-01 1.808551043591339336e-01 3.877289857962586302e-03 -1.497466986267164202e+03
3.120000000000000000e+02 9.135405154570990227e-01 1.808551045029584137e-01 3.877289815457768928e-03 -1.502282574211218844e+03
3.130000000000000000e+02 9.135405154073054090e-01 1.808551046119706573e-01 3.877289793269185058e-03 -1.507098162155291220e+03
3.140000000000000000e+02 9.135405154219715662e-01 1.808551045798622026e-01 3.877289859540332048e-03 -1.511913750099434083e+03
3.150000000000000000e+02 9.135405153622503382e-01 1.808551047106090048e-01 3.877289818958512459e-03 -1.516729338043495090e+03
3.160000000000000000e+02 9.135405153172896364e-01 1.808551048090404900e-01 3.877289797384637395e-03 -1.521544925987572469e+03
3.170000000000000000e+02 9.135405153344545726e-01 1.808551047714618554e-01 3.877289861397274599e-03 -1.526360513931717605e+03
3.180000000000000000e+02 9.135405152797502204e-01 1.808551048912248882e-01 3.877289822228982292e-03 -1.531176101875784070e+03
3.190000000000000000e+02 9.135405152389434180e-01 1.808551049805628697e-01 3.877289801110666862e-03 -1.535991689819865542e+03
3.200000000000000000e+02 9.135405152584377131e-01 1.808551049378843423e-01 3.877289863375666876e-03 -1.540807277764013406e+03
3.210000000000000000e+02 9.135405152079716373e-01 1.808551050483689082e-01 3.877289825252315612e-03 -1.545622865708084646e+03
3.220000000000000000e+02 9.135405151707397531e-01 1.808551051298802337e-01 3.877289804468780562e-03 -1.550438453652170438e+03
3.230000000000000000e+02 9.135405151923853273e-01 1.808551050824914741e-01 3.877289865386621213e-03 -1.555254041596320349e+03
3.240000000000000000e+02 9.135405151455112671e-01 1.808551051851125802e-01 3.877289828031725127e-03 -1.560069629540395454e+03
3.250000000000000000e+02 9.135405151113575872e-01 1.808551052598845743e-01 3.877289807488230270e-03 -1.564885217484484883e+03
3.260000000000000000e+02 9.135405151349823560e-01 1.808551052081633637e-01 3.877289867382188986e-03 -1.569700805428637068e+03
3.270000000000000000e+02 9.135405150911556360e-01 1.808551053041123069e-01 3.877289830581314573e-03 -1.574516393372715811e+03
3.280000000000000000e+02 9.135405150596521695e-01 1.808551053730823310e-01 3.877289810201195539e-03 -1.579331981316808196e+03
3.290000000000000000e+02 9.135405150850960387e-01 1.808551053173786394e-01 3.877289869339096712e-03 -1.584147569260962655e+03
3.300000000000000000e+02 9.135405150438540289e-01 1.808551054076690257e-01 3.877289832920630380e-03 -1.588963157205044126e+03
3.310000000000000000e+02 9.135405150146298503e-01 1.808551054716491246e-01 3.877289812640058453e-03 -1.593778745149138103e+03
3.320000000000000000e+02 9.135405150417493791e-01 1.808551054122769786e-01 3.877289871248924477e-03 -1.598594333093294381e+03
3.330000000000000000e+02 9.135405150026948418e-01 1.808551054977783346e-01 3.877289835071428582e-03 -1.603409921037377671e+03
3.340000000000000000e+02 9.135405149754275422e-01 1.808551055574739996e-01 3.877289814835883572e-03 -1.608225508981474150e+03
3.350000000000000000e+02 9.135405150040968314e-01 1.808551054947091230e-01 3.877289873111958943e-03 -1.613041096925632473e+03
3.360000000000000000e+02 9.135405149668862634e-01 1.808551055761735138e-01 3.877289837055703306e-03 -1.617856684869718720e+03
3.370000000000000000e+02 9.135405149412951786e-01 1.808551056321994754e-01 3.877289816817626467e-03 -1.622672272813817244e+03
3.380000000000000000e+02 9.135405149714056483e-01 1.808551055662794282e-01 3.877289874933312341e-03 -1.627487860757976932e+03
3.390000000000000000e+02 9.135405149357400667e-01 1.808551056443611915e-01 3.877289838894514094e-03 -1.632303448702064316e+03
3.400000000000000000e+02 9.135405149115803924e-01 1.808551056972537430e-01 3.877289818611695700e-03 -1.637119036646163977e+03
3.410000000000000000e+02 9.135405149430393390e-01 1.808551056283810299e-01 3.877289876720378930e-03 -1.641934624590325029e+03
3.420000000000000000e+02 9.135405149086580634e-01 1.808551057036516807e-01 3.877289840607272935e-03 -1.646750212534414459e+03
3.430000000000000000e+02 9.135405148857150825e-01 1.808551057538801132e-01 3.877289820241817519e-03 -1.651565800478515712e+03
3.440000000000000000e+02 9.135405149184453455e-01 1.808551056822243763e-01 3.877289878481191780e-03 -1.656381388422677901e+03
3.450000000000000000e+02 9.135405148851187818e-01 1.808551057551857910e-01 3.877289842211367830e-03 -1.661196976366768240e+03
3.460000000000000000e+02 9.135405148632053107e-01 1.808551058031606096e-01 3.877289821729015470e-03 -1.666012564310871312e+03
3.470000000000000000e+02 9.135405148971420530e-01 1.808551057288632635e-01 3.877289880223319489e-03 -1.670828152255034865e+03
3.480000000000000000e+02 9.135405148646684736e-01 1.808551057999571721e-01 3.877289843721967635e-03 -1.675643740199126114e+03
3.490000000000000000e+02 9.135405148436200884e-01 1.808551058460380889e-01 3.877289823091695838e-03 -1.680459328143229413e+03
3.500000000000000000e+02 9.135405148787103524e-01 1.808551057692156794e-01 3.877289881953210893e-03 -1.685274916087394786e+03
3.510000000000000000e+02 9.135405148469116776e-01 1.808551058388318256e-01 3.877289845152026831e-03 -1.690090504031486489e+03
3.520000000000000000e+02 9.135405148265847153e-01 1.808551058833334502e-01 3.877289824345802466e-03 -1.694906091975590925e+03
3.530000000000000000e+02 9.135405148627839811e-01 1.808551058040830106e-01 3.877289883675802146e-03 -1.699721679919757207e+03
3.540000000000000000e+02 9.135405148315032253e-01 1.808551058725653138e-01 3.877289846512303739e-03 -1.704537267863849365e+03
3.550000000000000000e+02 9.135405148117716756e-01 1.808551059157633145e-01 3.877289825504983724e-03 -1.709352855807954711e+03
3.560000000000000000e+02 9.135405148490435279e-01 1.808551058341647255e-01 3.877289885394328076e-03 -1.714168443752122130e+03
3.570000000000000000e+02 9.135405148181420243e-01 1.808551059018167761e-01 3.877289847811540499e-03 -1.718984031696214743e+03
3.580000000000000000e+02 9.135405147988959751e-01 1.808551059439517383e-01 3.877289826580819325e-03 -1.723799619640320088e+03
3.590000000000000000e+02 9.135405148372098827e-01 1.808551058600721406e-01 3.877289887110306997e-03 -1.728615207584488417e+03
3.600000000000000000e+02 9.135405148065650627e-01 1.808551059271620576e-01 3.877289849056634805e-03 -1.733430795528581712e+03
3.610000000000000000e+02 9.135405147877090348e-01 1.808551059684433693e-01 3.877289827583025456e-03 -1.738246383472687739e+03
3.620000000000000000e+02 9.135405148270380193e-01 1.808551058823409663e-01 3.877289888823661282e-03 -1.743061971416857432e+03
3.630000000000000000e+02 9.135405147965429684e-01 1.808551059491031732e-01 3.877289850252883200e-03 -1.747877559360950499e+03
3.640000000000000000e+02 9.135405147779933621e-01 1.808551059897137714e-01 3.877289828519703708e-03 -1.752693147305056527e+03
3.650000000000000000e+02 9.135405148183144419e-01 1.808551059014393281e-01 3.877289890532899068e-03 -1.757508735249227357e+03
3.660000000000000000e+02 9.135405147878750132e-01 1.808551059680799378e-01 3.877289851404220038e-03 -1.762324323193321106e+03
3.670000000000000000e+02 9.135405147695596639e-01 1.808551060081774742e-01 3.877289829397552283e-03 -1.767139911137427816e+03
3.680000000000000000e+02 9.135405148108515228e-01 1.808551059177777864e-01 3.877289892235374468e-03 -1.771955499081599783e+03
3.690000000000000000e+02 9.135405147803857817e-01 1.808551059844759890e-01 3.877289852513470751e-03 -1.776771087025693305e+03
3.700000000000000000e+02 9.135405147622425170e-01 1.808551060241969377e-01 3.877289830222103648e-03 -1.781586674969800470e+03
3.710000000000000000e+02 9.135405148044848378e-01 1.808551059317163034e-01 3.877289893927586377e-03 -1.786402262913973573e+03
3.720000000000000000e+02 9.135405147739222853e-01 1.808551059986264753e-01 3.877289853582604681e-03 -1.791217850858065958e+03
3.730000000000000000e+02 9.135405147558974814e-01 1.808551060380879372e-01 3.877289830997915354e-03 -1.796033438802172896e+03
3.740000000000000000e+02 9.135405147990706132e-01 1.808551059435696273e-01 3.877289895605473807e-03 -1.800849026746346681e+03
3.750000000000000000e+02 9.135405147683508531e-01 1.808551060108241071e-01 3.877289854612962338e-03 -1.805664614690439521e+03
3.760000000000000000e+02 9.135405147503988799e-01 1.808551060501261964e-01 3.877289831728769967e-03 -1.810480202634546458e+03
3.770000000000000000e+02 9.135405147944826165e-01 1.808551059536140093e-01 3.877289897264687805e-03 -1.815295790578721380e+03
3.780000000000000000e+02 9.135405147635543566e-01 1.808551060213248463e-01 3.877289855605438405e-03 -1.820111378522814221e+03
3.790000000000000000e+02 9.135405147456362451e-01 1.808551060605525229e-01 3.877289832417840729e-03 -1.824926966466921158e+03
3.800000000000000000e+02 9.135405147906109358e-01 1.808551059620902846e-01 3.877289898900862942e-03 -1.829742554411096762e+03
3.810000000000000000e+02 9.135405147594310993e-01 1.808551060303515978e-01 3.877289856560678198e-03 -1.834558142355189148e+03
3.820000000000000000e+02 9.135405147415143201e-01 1.808551060695763879e-01 3.877289833067826871e-03 -1.839373730299296085e+03
3.830000000000000000e+02 9.135405147873587595e-01 1.808551059692102558e-01 3.877289900509820267e-03 -1.844189318243472826e+03
3.840000000000000000e+02 9.135405147558922634e-01 1.808551060380993170e-01 3.877289857479194763e-03 -1.849004906187565211e+03
3.850000000000000000e+02 9.135405147378188317e-01 1.808551060776671104e-01 3.877289833494796095e-03 -1.853820494131672149e+03
3.860000000000000000e+02 9.135405147842305951e-01 1.808551059760588053e-01 3.877289901499889405e-03 -1.858636082075849799e+03
3.870000000000000000e+02 9.135405147526620695e-01 1.808551060451711878e-01 3.877289858078504861e-03 -1.863451670019941957e+03
3.880000000000000000e+02 9.135405147345003751e-01 1.808551060849321324e-01 3.877289833734549624e-03 -1.868267257964048895e+03
3.890000000000000000e+02 9.135405147812246662e-01 1.808551059826394025e-01 3.877289901970375468e-03 -1.873082845908226773e+03
3.900000000000000000e+02 9.135405147497096534e-01 1.808551060516344899e-01 3.877289858411789043e-03 -1.877898433852318703e+03
3.910000000000000000e+02 9.135405147315375229e-01 1.808551060914186381e-01 3.877289833848644555e-03 -1.882714021796425186e+03
3.920000000000000000e+02 9.135405147784074753e-01 1.808551059888070245e-01 3.877289902104316937e-03 -1.887529609740603064e+03
3.930000000000000000e+02 9.135405147470402332e-01 1.808551060574790925e-01 3.877289858569955925e-03 -1.892345197684695222e+03
3.940000000000000000e+02 9.135405147289022976e-01 1.808551060971881064e-01 3.877289833877961382e-03 -1.897160785628801250e+03
3.950000000000000000e+02 9.135405147758088873e-01 1.808551059944960848e-01 3.877289902021835606e-03 -1.901976373572979583e+03
3.960000000000000000e+02 9.135405147446430396e-01 1.808551060627270335e-01 3.877289858612383792e-03 -1.906791961517071741e+03
3.970000000000000000e+02 9.135405147265640569e-01 1.808551061023070672e-01 3.877289833849436023e-03 -1.911607549461178905e+03
3.980000000000000000e+02 9.135405147734363407e-01 1.808551059996904298e-01 3.877289901800665302e-03 -1.916423137405357011e+03
3.990000000000000000e+02 9.135405147425003092e-01 1.808551060674181421e-01 3.877289858577662434e-03 -1.921238725349450078e+03
