4.451104211777596742e-01
-1.000000000000000000e+00
1.000000000000000000e+00
1.000000000000000000e+00
1.000000000000000000e+00
6.283185307179586232e-01
7.926654595212021537e-01
-8.497986042542244878e-01
1.588632512079844128e+00
1.201135636056957168e+00
2.633648778351539987e-01
1.797712765523706846e-01
-5.626136859273205282e+00
1.677515097918082621e+00
1.305990833631039960e+00
1.305990833631051062e+00
5.204843717597115171e-01
1.000000000000003775e+00
1.001364039687809182e+00
1.000703698171675482e+00
1.670804935258864699e-01
1.797712765804550528e-01
1.875577703635697313e+00
