-2.500000000000000000e+01 -2.500000000000000000e+01 -2.500000000000000000e+01 1.097804285189354565e-02 1.097804285189354911e-02 1.722150250850243078e-02 -1.250385135757131572e+01 -1.250385135757131572e+01 -1.250385135757131572e+01 1.984334188557615463e-04 1.984334188557416512e-04 1.971914199226481299e-04 -1.205525194580433279e+01 2.014590447359667995e-04
-2.475000000000000000e+01 -2.475000000000000000e+01 -2.475000000000000000e+01 1.097584918397955835e-02 1.097584918397956355e-02 1.721802510440468420e-02 -1.237881284399560222e+01 -1.237881284399560222e+01 -1.237881284399560222e+01 2.006989752760790209e-04 2.006989752760601558e-04 1.958128078534478352e-04 -1.193021343222861930e+01 2.073385356317565857e-04
-2.450000000000000000e+01 -2.450000000000000000e+01 -2.450000000000000000e+01 1.097149057260526396e-02 1.097149057260526049e-02 1.721084679147861368e-02 -1.225377433041988873e+01 -1.225377433041988873e+01 -1.225377433041988873e+01 2.046390638924023317e-04 2.046390638923860957e-04 1.974144198907475827e-04 -1.180517491865290580e+01 2.135678288651650717e-04
-2.425000000000000000e+01 -2.425000000000000000e+01 -2.425000000000000000e+01 1.096494432675834858e-02 1.096494432675834858e-02 1.720044069729168013e-02 -1.212873581684417523e+01 -1.212873581684417523e+01 -1.212873581684417523e+01 2.095446725353404722e-04 2.095446725353274889e-04 2.010142467180598108e-04 -1.168013640507719231e+01 2.197255293340213186e-04
-2.400000000000000000e+01 -2.400000000000000000e+01 -2.400000000000000000e+01 1.095629634019684023e-02 1.095629634019684370e-02 1.718613409272479534e-02 -1.200369730326846351e+01 -1.200369730326846351e+01 -1.200369730326846351e+01 2.149642604096680559e-04 2.149642604096582167e-04 2.056047419675119988e-04 -1.155509789150148059e+01 2.259269100063398866e-04
-2.375000000000000000e+01 -2.375000000000000000e+01 -2.375000000000000000e+01 1.094550280811215810e-02 1.094550280811215810e-02 1.716887857015705898e-02 -1.187865878969275002e+01 -1.187865878969275002e+01 -1.187865878969275002e+01 2.207184898538627239e-04 2.207184898538561645e-04 2.106766811426189249e-04 -1.143005937792576709e+01 2.323276901624639085e-04
-2.350000000000000000e+01 -2.350000000000000000e+01 -2.350000000000000000e+01 1.093270594530593165e-02 1.093270594530593338e-02 1.714754548942014692e-02 -1.175362027611703652e+01 -1.175362027611703652e+01 -1.175362027611703652e+01 2.267622349964310956e-04 2.267622349964262980e-04 2.160750408905270014e-04 -1.130502086435005360e+01 2.389939831345067273e-04
-2.325000000000000000e+01 -2.325000000000000000e+01 -2.325000000000000000e+01 1.091784404550861023e-02 1.091784404550861197e-02 1.712357570400885667e-02 -1.162858176254132303e+01 -1.162858176254132303e+01 -1.162858176254132303e+01 2.330908487861414215e-04 2.330908487861371389e-04 2.217691180659938819e-04 -1.117998235077434011e+01 2.459466888796768059e-04
-2.300000000000000000e+01 -2.300000000000000000e+01 -2.300000000000000000e+01 1.090111419896734254e-02 1.090111419896734775e-02 1.709537337740531932e-02 -1.150354324896560954e+01 -1.150354324896560954e+01 -1.150354324896560954e+01 2.397085668899080519e-04 2.397085668899038235e-04 2.277554194417040565e-04 -1.105494383719862661e+01 2.531967002361664343e-04
-2.275000000000000000e+01 -2.275000000000000000e+01 -2.275000000000000000e+01 1.088244176396564386e-02 1.088244176396564213e-02 1.706488512785511377e-02 -1.137850473538989782e+01 -1.137850473538989782e+01 -1.137850473538989782e+01 2.466220243559238512e-04 2.466220243559182675e-04 2.340356428488374536e-04 -1.092990532362291489e+01 2.607543886600230875e-04
-2.250000000000000000e+01 -2.250000000000000000e+01 -2.250000000000000000e+01 1.086207661437344971e-02 1.086207661437344797e-02 1.703003182286988090e-02 -1.125346622181418432e+01 -1.125346622181418432e+01 -1.125346622181418432e+01 2.538392972479575375e-04 2.538392972479507070e-04 2.406136302399251164e-04 -1.080486681004720140e+01 2.686310497015133281e-04
-2.225000000000000000e+01 -2.225000000000000000e+01 -2.225000000000000000e+01 1.083993807761970095e-02 1.083993807761969921e-02 1.699328844060061031e-02 -1.112842770823847083e+01 -1.112842770823847083e+01 -1.112842770823847083e+01 2.613697502818423620e-04 2.613697502818342847e-04 2.474949096209095320e-04 -1.067982829647148790e+01 2.768389866212065081e-04
-2.200000000000000000e+01 -2.200000000000000000e+01 -2.200000000000000000e+01 1.081632600237911017e-02 1.081632600237911017e-02 1.695207132773073055e-02 -1.100338919466275733e+01 -1.100338919466275733e+01 -1.100338919466275733e+01 2.692239534304011650e-04 2.692239534303923288e-04 2.546866083887526868e-04 -1.055478978289577441e+01 2.853915773028541949e-04
-2.175000000000000000e+01 -2.175000000000000000e+01 -2.175000000000000000e+01 1.079116278862951930e-02 1.079116278862952451e-02 1.690941304405248896e-02 -1.087835068108704384e+01 -1.087835068108704384e+01 -1.087835068108704384e+01 2.774136585754202809e-04 2.774136585754118783e-04 2.621972687206263549e-04 -1.042975126932006091e+01 2.943032355787082244e-04
-2.150000000000000000e+01 -2.150000000000000000e+01 -2.150000000000000000e+01 1.076479463894739960e-02 1.076479463894740134e-02 1.686219864976786637e-02 -1.075331216751133212e+01 -1.075331216751133212e+01 -1.075331216751133212e+01 2.859517632633803421e-04 2.859517632633725901e-04 2.700368313880226905e-04 -1.030471275574434920e+01 3.035895066934070092e-04
-2.125000000000000000e+01 -2.125000000000000000e+01 -2.125000000000000000e+01 1.073715867654632602e-02 1.073715867654633470e-02 1.681405484176740420e-02 -1.062827365393561863e+01 -1.062827365393561863e+01 -1.062827365393561863e+01 2.948523290097401490e-04 2.948523290097341859e-04 2.782164940397768827e-04 -1.017967424216863570e+01 3.132670339603801295e-04
-2.100000000000000000e+01 -2.100000000000000000e+01 -2.100000000000000000e+01 1.070864290222282855e-02 1.070864290222283376e-02 1.676130255436859492e-02 -1.050323514035990513e+01 -1.050323514035990513e+01 -1.050323514035990513e+01 3.041305742654270444e-04 3.041305742654232497e-04 2.867487550925844602e-04 -1.005463572859292221e+01 3.233536878356870273e-04
-2.075000000000000000e+01 -2.075000000000000000e+01 -2.075000000000000000e+01 1.067921381481444498e-02 1.067921381481443978e-02 1.670820741876849480e-02 -1.037819662678419164e+01 -1.037819662678419164e+01 -1.037819662678419164e+01 3.138029242844820287e-04 3.138029242844796976e-04 2.956473059903510147e-04 -9.929597215017208711e+00 3.338685366733064037e-04
-2.050000000000000000e+01 -2.050000000000000000e+01 -2.050000000000000000e+01 1.064929556832349376e-02 1.064929556832349550e-02 1.665048666323662441e-02 -1.025315811320847814e+01 -1.025315811320847814e+01 -1.025315811320847814e+01 3.238870260466810585e-04 3.238870260466801369e-04 3.049271255270903256e-04 -9.804558701441495216e+00 3.448320085174475923e-04
-2.025000000000000000e+01 -2.025000000000000000e+01 -2.025000000000000000e+01 1.061890227543018685e-02 1.061890227543018338e-02 1.659309903935550154e-02 -1.012811959963276642e+01 -1.012811959963276642e+01 -1.012811959963276642e+01 3.344018247917608351e-04 3.344018247917608893e-04 3.146043950164763552e-04 -9.679520187865783498e+00 3.562658657183618302e-04
-2.000000000000000000e+01 -2.000000000000000000e+01 -2.000000000000000000e+01 1.058848731719994572e-02 1.058848731719994399e-02 1.653111092606950744e-02 -1.000308108605705115e+01 -1.000308108605705115e+01 -1.000308108605705115e+01 3.453675974552093990e-04 3.453675974552083148e-04 3.246966351375576423e-04 -9.554481674290068227e+00 3.681934001613654727e-04
-1.975000000000000000e+01 -1.975000000000000000e+01 -1.975000000000000000e+01 1.055813498961063503e-02 1.055813498961064023e-02 1.647023920650397474e-02 -9.878042572481339434e+00 -9.878042572481339434e+00 -9.878042572481339434e+00 3.568060540269562338e-04 3.568060540269548243e-04 3.352226363406695937e-04 -9.429443160714356509e+00 3.806394126327358133e-04
-1.950000000000000000e+01 -1.950000000000000000e+01 -1.950000000000000000e+01 1.052831945779215961e-02 1.052831945779216308e-02 1.640484369936990802e-02 -9.753004058905625939e+00 -9.753004058905625939e+00 -9.753004058905625939e+00 3.687403885138055963e-04 3.687403885138036989e-04 3.462026339222417834e-04 -9.304404647138643014e+00 3.936304436159408131e-04
-1.925000000000000000e+01 -1.925000000000000000e+01 -1.925000000000000000e+01 1.049922305016430871e-02 1.049922305016430871e-02 1.634147704607428683e-02 -9.627965545329912445e+00 -9.627965545329912445e+00 -9.627965545329912445e+00 3.811954053917208148e-04 3.811954053917167491e-04 3.576582494030123584e-04 -9.179366133562929519e+00 4.071947593175828683e-04
-1.900000000000000000e+01 -1.900000000000000000e+01 -1.900000000000000000e+01 1.047133046819331316e-02 1.047133046819331142e-02 1.627372700627177995e-02 -9.502927031754200726e+00 -9.502927031754200726e+00 -9.502927031754200726e+00 3.941975888949816550e-04 3.941975888949779687e-04 3.696127025698399903e-04 -9.054327619987217801e+00 4.213626214861586469e-04
-1.875000000000000000e+01 -1.875000000000000000e+01 -1.875000000000000000e+01 1.044495640837034972e-02 1.044495640837035666e-02 1.620907445173463621e-02 -9.377888518178485455e+00 -9.377888518178485455e+00 -9.377888518178485455e+00 4.077752564778255547e-04 4.077752564778225732e-04 3.820907621532865770e-04 -8.929289106411502530e+00 4.361662830350238420e-04
-1.850000000000000000e+01 -1.850000000000000000e+01 -1.850000000000000000e+01 1.042058370604165805e-02 1.042058370604165632e-02 1.614025831839827757e-02 -9.252850004602773737e+00 -9.252850004602773737e+00 -9.252850004602773737e+00 4.219586487056139123e-04 4.219586487056114729e-04 3.951189958950727010e-04 -8.804250592835790812e+00 4.516403017065568791e-04
-1.825000000000000000e+01 -1.825000000000000000e+01 -1.825000000000000000e+01 1.039870178643497421e-02 1.039870178643497595e-02 1.607579780582532245e-02 -9.127811491027060242e+00 -9.127811491027060242e+00 -9.127811491027060242e+00 4.367801131065603614e-04 4.367801131065604157e-04 4.087257308052916357e-04 -8.679212079260077317e+00 4.678215493719546582e-04
-1.800000000000000000e+01 -1.800000000000000000e+01 -1.800000000000000000e+01 1.037977663748224783e-02 1.037977663748224436e-02 1.600749320809092408e-02 -9.002772977451346748e+00 -9.002772977451346748e+00 -9.002772977451346748e+00 4.522742183343420475e-04 4.522742183343444870e-04 4.229413441950390898e-04 -8.554173565684363822e+00 4.847495758958628750e-04
-1.775000000000000000e+01 -1.775000000000000000e+01 -1.775000000000000000e+01 1.036452476707336659e-02 1.036452476707336659e-02 1.594503325110815245e-02 -8.877734463875635029e+00 -8.877734463875635029e+00 -8.877734463875635029e+00 4.684779732703410774e-04 4.684779732703441674e-04 4.377982354032556298e-04 -8.429135052108652104e+00 5.024666375580024011e-04
-1.750000000000000000e+01 -1.750000000000000000e+01 -1.750000000000000000e+01 1.035337724316366670e-02 1.035337724316367190e-02 1.587917455342866338e-02 -8.752695950299919758e+00 -8.752695950299919758e+00 -8.752695950299919758e+00 4.854309706115571841e-04 4.854309706115620088e-04 4.533311624443082900e-04 -8.304096538532936833e+00 5.210181192937768336e-04
-1.725000000000000000e+01 -1.725000000000000000e+01 -1.725000000000000000e+01 1.034734253277786765e-02 1.034734253277786419e-02 1.582093203067275189e-02 -8.627657436724208040e+00 -8.627657436724208040e+00 -8.627657436724208040e+00 5.031756477361286426e-04 5.031756477361339552e-04 4.695772286044962748e-04 -8.179058024957225115e+00 5.404525893885719868e-04
-1.700000000000000000e+01 -1.700000000000000000e+01 -1.700000000000000000e+01 1.034679500276756807e-02 1.034679500276756460e-02 1.575989575994003744e-02 -8.502618923148494545e+00 -8.502618923148494545e+00 -8.502618923148494545e+00 5.217574665948354401e-04 5.217574665948390179e-04 4.865762711093771470e-04 -8.054019511381511620e+00 5.608222905172283211e-04
-1.675000000000000000e+01 -1.675000000000000000e+01 -1.675000000000000000e+01 1.035311574617635115e-02 1.035311574617635462e-02 1.570859448135819569e-02 -8.377580409572781051e+00 -8.377580409572781051e+00 -8.377580409572781051e+00 5.412252248277180707e-04 5.412252248277192633e-04 5.043708675974337531e-04 -7.928980997805797237e+00 5.821832300512931255e-04
-1.650000000000000000e+01 -1.650000000000000000e+01 -1.650000000000000000e+01 1.036659619812704131e-02 1.036659619812703610e-02 1.565530786133475724e-02 -8.252541895997069332e+00 -8.252541895997069332e+00 -8.252541895997069332e+00 5.616312809551671616e-04 5.616312809551659690e-04 5.230067851932199184e-04 -7.803942484230085519e+00 6.045957531661488946e-04
-1.625000000000000000e+01 -1.625000000000000000e+01 -1.625000000000000000e+01 1.038909078311587263e-02 1.038909078311586742e-02 1.561430406195326442e-02 -8.127503382421354061e+00 -8.127503382421354061e+00 -8.127503382421354061e+00 5.830319266962947014e-04 5.830319266962899309e-04 5.425330137420787549e-04 -7.678903970654370248e+00 6.281246809585812763e-04
-1.600000000000000000e+01 -1.600000000000000000e+01 -1.600000000000000000e+01 1.042077643942396215e-02 1.042077643942396215e-02 1.557238361764289904e-02 -8.002464868845642343e+00 -8.002464868845642343e+00 -8.002464868845642343e+00 6.054876691449999739e-04 6.054876691449923845e-04 5.630022860588864862e-04 -7.553865457078658530e+00 6.528399825572437937e-04
-1.575000000000000000e+01 -1.575000000000000000e+01 -1.575000000000000000e+01 1.046410722726735451e-02 1.046410722726736145e-02 1.554582660945034653e-02 -7.877426355269929736e+00 -7.877426355269929736e+00 -7.877426355269929736e+00 6.290636783927781688e-04 6.290636783927689530e-04 5.844711471311834659e-04 -7.428826943502945923e+00 6.788169770203743812e-04
-1.550000000000000000e+01 -1.550000000000000000e+01 -1.550000000000000000e+01 1.051910763881243674e-02 1.051910763881243847e-02 1.551975618760326713e-02 -7.752387841694215354e+00 -7.752387841694215354e+00 -7.752387841694215354e+00 6.538301418632889040e-04 6.538301418632783872e-04 6.070005592938528850e-04 -7.303788429927231540e+00 7.061371261731062702e-04
-1.525000000000000000e+01 -1.525000000000000000e+01 -1.525000000000000000e+01 1.058899060539128523e-02 1.058899060539128870e-02 1.551279525980978069e-02 -7.627349328118502747e+00 -7.627349328118502747e+00 -7.627349328118502747e+00 6.798628054466580905e-04 6.798628054466495253e-04 6.306560195879104503e-04 -7.178749916351518934e+00 7.348883212828854431e-04
-1.500000000000000000e+01 -1.500000000000000000e+01 -1.500000000000000000e+01 1.067358260747964388e-02 1.067358260747964388e-02 1.550815611225662798e-02 -7.502310814542789252e+00 -7.502310814542789252e+00 -7.502310814542789252e+00 7.072434197555715332e-04 7.072434197555651364e-04 6.555082674305700522e-04 -7.053711402775805439e+00 7.651658246685858573e-04
-1.475000000000000000e+01 -1.475000000000000000e+01 -1.475000000000000000e+01 1.077705736187943575e-02 1.077705736187943401e-02 1.552720874819879179e-02 -7.377272300967076646e+00 -7.377272300967076646e+00 -7.377272300967076646e+00 7.360603983911263729e-04 7.360603983911223613e-04 6.816334662195609609e-04 -6.928672889200092833e+00 7.970726689067961787e-04
-1.450000000000000000e+01 -1.450000000000000000e+01 -1.450000000000000000e+01 1.089898873185925210e-02 1.089898873185925210e-02 1.555097893871604589e-02 -7.252233787391364039e+00 -7.252233787391364039e+00 -7.252233787391364039e+00 7.664093819890098816e-04 7.664093819890096648e-04 7.091140360434094146e-04 -6.803634375624380226e+00 8.307207836880497456e-04
-1.425000000000000000e+01 -1.425000000000000000e+01 -1.425000000000000000e+01 1.104476888642001546e-02 1.104476888642001026e-02 1.560408100635044676e-02 -7.127195273815649657e+00 -7.127195273815649657e+00 -7.127195273815649657e+00 7.983940444512137736e-04 7.983940444512176767e-04 7.380389208036042606e-04 -6.678595862048665843e+00 8.662315444592227909e-04
-1.400000000000000000e+01 -1.400000000000000000e+01 -1.400000000000000000e+01 1.121365382185949937e-02 1.121365382185950457e-02 1.566502791777485762e-02 -7.002156760239937050e+00 -7.002156760239937050e+00 -7.002156760239937050e+00 8.321268088519606513e-04 8.321268088519672649e-04 7.685045750728576467e-04 -6.553557348472953237e+00 9.037371323553612060e-04
-1.375000000000000000e+01 -1.375000000000000000e+01 -1.375000000000000000e+01 1.141258527910586108e-02 1.141258527910585588e-02 1.576229442474167200e-02 -6.877118246664223555e+00 -6.877118246664223555e+00 -6.877118246664223555e+00 8.677298421776902422e-04 8.677298421776986990e-04 8.006153449636516832e-04 -6.428518834897239742e+00 9.433812816850313922e-04
-1.350000000000000000e+01 -1.350000000000000000e+01 -1.350000000000000000e+01 1.164042375945236081e-02 1.164042375945236081e-02 1.587149344479872257e-02 -6.752079733088510949e+00 -6.752079733088510949e+00 -6.752079733088510949e+00 9.053359682798984859e-04 9.053359682799069427e-04 8.344846469936411998e-04 -6.303480321321527136e+00 9.853209362043180951e-04
-1.325000000000000000e+01 -1.325000000000000000e+01 -1.325000000000000000e+01 1.190608936069106200e-02 1.190608936069106200e-02 1.602572983882862012e-02 -6.627041219512798342e+00 -6.627041219512798342e+00 -6.627041219512798342e+00 9.450899048532837490e-04 9.450899048532924226e-04 8.702355003522967234e-04 -6.178441807745814529e+00 1.029727262075509327e-03
-1.300000000000000000e+01 -1.300000000000000000e+01 -1.300000000000000000e+01 1.220795534686642571e-02 1.220795534686642224e-02 1.619725573506652569e-02 -6.502002705937083959e+00 -6.502002705937083959e+00 -6.502002705937083959e+00 9.871494338302695508e-04 9.871494338302762728e-04 9.080019474169007598e-04 -6.053403294170100146e+00 1.076787684952873339e-03
-1.275000000000000000e+01 -1.275000000000000000e+01 -1.275000000000000000e+01 1.255748011041613391e-02 1.255748011041612870e-02 1.642477627713973681e-02 -6.376964192361371353e+00 -6.376964192361371353e+00 -6.376964192361371353e+00 1.031686952411235573e-03 1.031686952411240777e-03 9.479297879455418456e-04 -5.928364780594387540e+00 1.126707258990642963e-03
-1.250000000000000000e+01 -1.250000000000000000e+01 -1.250000000000000000e+01 1.295244235474167505e-02 1.295244235474166290e-02 1.667663340718740853e-02 -6.251925678785657858e+00 -6.251925678785657858e+00 -6.251925678785657858e+00 1.078890982293064914e-03 1.078890982293067517e-03 9.901783069109326273e-04 -5.803326267018674045e+00 1.179711198633478977e-03
-1.225000000000000000e+01 -1.225000000000000000e+01 -1.225000000000000000e+01 1.340757673167885036e-02 1.340757673167884863e-02 1.699836749119333634e-02 -6.126887165209944364e+00 -6.126887165209944364e+00 -6.126887165209944364e+00 1.128968131607189281e-03 1.128968131607190582e-03 1.034921278896135414e-03 -5.678287753442960550e+00 1.236046727859409656e-03
-1.200000000000000000e+01 -1.200000000000000000e+01 -1.200000000000000000e+01 1.391994381536779297e-02 1.391994381536779991e-02 1.735375408068325076e-02 -6.001848651634231757e+00 -6.001848651634231757e+00 -6.001848651634231757e+00 1.182145053649091360e-03 1.182145053649092661e-03 1.082349090917241212e-03 -5.553249239867247944e+00 1.295986261839013852e-03
-1.175000000000000000e+01 -1.175000000000000000e+01 -1.175000000000000000e+01 1.450853697768012505e-02 1.450853697768013199e-02 1.779675768996097363e-02 -5.876810138058518262e+00 -5.876810138058518262e+00 -5.876810138058518262e+00 1.238670951609862399e-03 1.238670951609861966e-03 1.132670109978645666e-03 -5.428210726291534449e+00 1.359829908256529997e-03
-1.150000000000000000e+01 -1.150000000000000000e+01 -1.150000000000000000e+01 1.516956000327973099e-02 1.516956000327973619e-02 1.828580311020870999e-02 -5.751771624482804768e+00 -5.751771624482804768e+00 -5.751771624482804768e+00 1.298820138702757188e-03 1.298820138702757405e-03 1.186113319075039968e-03 -5.303172212715820955e+00 1.427909512543579403e-03
-1.125000000000000000e+01 -1.125000000000000000e+01 -1.125000000000000000e+01 1.592758753456535031e-02 1.592758753456536072e-02 1.888534757803733699e-02 -5.626733110907092161e+00 -5.626733110907092161e+00 -5.626733110907092161e+00 1.362895267097566105e-03 1.362895267097568273e-03 1.242930175502387742e-03 -5.178133699140108348e+00 1.500592051432426488e-03
-1.100000000000000000e+01 -1.100000000000000000e+01 -1.100000000000000000e+01 1.677781768257870579e-02 1.677781768257871273e-02 1.954752822306545304e-02 -5.501694597331378667e+00 -5.501694597331378667e+00 -5.501694597331378667e+00 1.431230700026848036e-03 1.431230700026849987e-03 1.303397920996897863e-03 -5.053095185564394853e+00 1.578284839493783193e-03
-1.075000000000000000e+01 -1.075000000000000000e+01 -1.075000000000000000e+01 1.775220861165113101e-02 1.775220861165113101e-02 2.035002302521957823e-02 -5.376656083755666060e+00 -5.376656083755666060e+00 -5.376656083755666060e+00 1.504196717126995118e-03 1.504196717127000973e-03 1.367822107486284721e-03 -4.928056671988682247e+00 1.661440154115814433e-03
-1.050000000000000000e+01 -1.050000000000000000e+01 -1.050000000000000000e+01 1.884480575569858971e-02 1.884480575569859664e-02 2.123756579152186186e-02 -5.251617570179952565e+00 -5.251617570179952565e+00 -5.251617570179952565e+00 1.582203993581609474e-03 1.582203993581617497e-03 1.436540802897910089e-03 -4.803018158412968752e+00 1.750562023176124860e-03
-1.025000000000000000e+01 -1.025000000000000000e+01 -1.025000000000000000e+01 2.009744010597922306e-02 2.009744010597922306e-02 2.230470442991066421e-02 -5.126579056604239071e+00 -5.126579056604239071e+00 -5.126579056604239071e+00 1.665709136456740248e-03 1.665709136456748922e-03 1.509928031300076254e-03 -4.677979644837255258e+00 1.846212565978063314e-03
-1.000000000000000000e+01 -1.000000000000000000e+01 -1.000000000000000000e+01 2.150288519494011896e-02 2.150288519494011202e-02 2.348745009392676913e-02 -5.001540543028525576e+00 -5.001540543028525576e+00 -5.001540543028525576e+00 1.755220688965376113e-03 1.755220688965388690e-03 1.588399182653398587e-03 -4.552941131261541763e+00 1.949020961633624819e-03
-9.750000000000000000e+00 -9.750000000000000000e+00 -9.750000000000000000e+00 2.311633489448058562e-02 2.311633489448058215e-02 2.490217914427355489e-02 -4.876502029452812970e+00 -4.876502029452812970e+00 -4.876502029452812970e+00 1.851306502259714767e-03 1.851306502259729078e-03 1.672415715930807489e-03 -4.427902617685829156e+00 2.059692206520079370e-03
-9.500000000000000000e+00 -9.500000000000000000e+00 -9.500000000000000000e+00 2.492925138236589538e-02 2.492925138236590232e-02 2.647464089756351724e-02 -4.751463515877100363e+00 -4.751463515877100363e+00 -4.751463515877100363e+00 1.954601864282676064e-03 1.954601864282690376e-03 1.762492206709479880e-03 -4.302864104110116550e+00 2.179019131181416779e-03
-9.250000000000000000e+00 -9.250000000000000000e+00 -9.250000000000000000e+00 2.701516652210124089e-02 2.701516652210126171e-02 2.834989575108497542e-02 -4.626425002301386868e+00 -4.626425002301386868e+00 -4.626425002301386868e+00 2.065819433670344415e-03 2.065819433670359161e-03 1.859202810476676560e-03 -4.177825590534403055e+00 2.307894600329920328e-03
-9.000000000000000000e+00 -9.000000000000000000e+00 -9.000000000000000000e+00 2.936437290321687252e-02 2.936437290321687599e-02 3.044168080912031463e-02 -4.501386488725673374e+00 -4.501386488725673374e+00 -4.501386488725673374e+00 2.185760363511026535e-03 2.185760363511039545e-03 1.963190566012383304e-03 -4.052787076958689561e+00 2.447327852071174911e-03
-8.750000000000000000e+00 -8.750000000000000000e+00 -8.750000000000000000e+00 3.207596522626701696e-02 3.207596522626701002e-02 3.293340339062288818e-02 -4.376347975149959879e+00 -4.376347975149959879e+00 -4.376347975149959879e+00 2.315327857759792284e-03 2.315327857759803994e-03 2.075176335833879560e-03 -3.927748563382976066e+00 2.598461663759309929e-03
-8.500000000000000000e+00 -8.500000000000000000e+00 -8.500000000000000000e+00 3.513958551690717080e-02 3.513958551690717774e-02 3.572489441371249491e-02 -4.251309461574247273e+00 -4.251309461574247273e+00 -4.251309461574247273e+00 2.455542570070933395e-03 2.455542570070945538e-03 2.195971256154774596e-03 -3.802710049807263459e+00 2.762594910994403772e-03
-8.250000000000000000e+00 -8.250000000000000000e+00 -8.250000000000000000e+00 3.869060366061383843e-02 3.869060366061383149e-02 3.905182385272704809e-02 -4.126270947998534666e+00 -4.126270947998534666e+00 -4.126270947998534666e+00 2.607561351266692376e-03 2.607561351266700182e-03 2.326489200026843340e-03 -3.677671536231550853e+00 2.941206993655384131e-03
-8.000000000000000000e+00 -8.000000000000000000e+00 -8.000000000000000000e+00 4.271928705804984433e-02 4.271928705804981657e-02 4.279827701473388341e-02 -4.001232434422821171e+00 -4.001232434422821171e+00 -4.001232434422821171e+00 2.772698832039569711e-03 2.772698832039573180e-03 2.467763673902324990e-03 -3.552633022655837358e+00 3.135989484694553207e-03
-7.750000000000000000e+00 -7.750000000000000000e+00 -7.750000000000000000e+00 4.741354045160595804e-02 4.741354045160597191e-02 4.727271561308028780e-02 -3.876193920847107677e+00 -3.876193920847107677e+00 -3.876193920847107677e+00 2.952453714396170974e-03 2.952453714396171408e-03 2.620965346007547974e-03 -3.427594509080123863e+00 3.348881324102395262e-03
-7.500000000000000000e+00 -7.500000000000000000e+00 -7.500000000000000000e+00 5.276703277805442488e-02 5.276703277805442488e-02 5.234217463997185155e-02 -3.751155407271394626e+00 -3.751155407271394626e+00 -3.751155407271394626e+00 3.148539424562691105e-03 3.148539424562686335e-03 2.787425310560667519e-03 -3.302555995504411257e+00 3.582113967598304482e-03
-7.250000000000000000e+00 -7.250000000000000000e+00 -7.250000000000000000e+00 5.904554620994757058e-02 5.904554620994760528e-02 5.841902631925847272e-02 -3.626116893695682020e+00 -3.626116893695682020e+00 -3.626116893695682020e+00 3.362921528926875441e-03 3.362921528926869803e-03 2.968659983915162680e-03 -3.177517481928698651e+00 3.838262794697401906e-03
-7.000000000000000000e+00 -7.000000000000000000e+00 -7.000000000000000000e+00 6.625190929201257850e-02 6.625190929201253687e-02 6.535357321132088948e-02 -3.501078380119968525e+00 -3.501078380119968525e+00 -3.501078380119968525e+00 3.597861884405387841e-03 3.597861884405382203e-03 3.166403610536232174e-03 -3.052478968352985156e+00 4.120312642754684652e-03
-6.750000000000000000e+00 -6.750000000000000000e+00 -6.750000000000000000e+00 7.477048996356944199e-02 7.477048996356948363e-02 7.371074275427179356e-02 -3.376039866544255474e+00 -3.376039866544255474e+00 -3.376039866544255474e+00 3.855972706748939799e-03 3.855972706748933727e-03 3.382644004089223506e-03 -2.927440454777271661e+00 4.431734016231761268e-03
-6.500000000000000000e+00 -6.500000000000000000e+00 -6.500000000000000000e+00 8.462504269457754580e-02 8.462504269457751804e-02 8.332845880635514346e-02 -3.251001352968541980e+00 -3.251001352968541980e+00 -3.251001352968541980e+00 4.140281106634365396e-03 4.140281106634361927e-03 3.619668647435600722e-03 -2.802401941201558166e+00 4.776579925047362910e-03
-6.250000000000000000e+00 -6.250000000000000000e+00 -6.250000000000000000e+00 9.638620428779007265e-02 9.638620428779003102e-02 9.500296029462593217e-02 -3.125962839392828929e+00 -3.125962839392828929e+00 -3.125962839392828929e+00 4.454308466673132134e-03 4.454308466673125196e-03 3.880116589359208432e-03 -2.677363427625845560e+00 5.159600634829648348e-03
-6.000000000000000000e+00 -6.000000000000000000e+00 -6.000000000000000000e+00 1.101228021475209595e-01 1.101228021475209595e-01 1.085735539167003438e-01 -3.000924325817115879e+00 -3.000924325817115879e+00 -3.000924325817115879e+00 4.802166229355865970e-03 4.802166229355865970e-03 4.167044805906772696e-03 -2.552324914050132065e+00 5.586389372740266368e-03
-5.750000000000000000e+00 -5.750000000000000000e+00 -5.750000000000000000e+00 1.267088143221649088e-01 1.267088143221649366e-01 1.252005376875167664e-01 -2.875885812241402384e+00 -2.875885812241402384e+00 -2.875885812241402384e+00 5.188674321904776163e-03 5.188674321904782234e-03 4.484004451795554728e-03 -2.427286400474418571e+00 6.063557881752488533e-03
-5.500000000000000000e+00 -5.500000000000000000e+00 -5.500000000000000000e+00 1.463085885442641787e-01 1.463085885442643452e-01 1.447599674722046537e-01 -2.750847298665689333e+00 -2.750847298665689333e+00 -2.750847298665689333e+00 5.619505557764709752e-03 5.619505557764719293e-03 4.835137809996653720e-03 -2.302247886898705964e+00 6.598959556583737160e-03
-5.250000000000000000e+00 -5.250000000000000000e+00 -5.250000000000000000e+00 1.703113889588873109e-01 1.703113889588872276e-01 1.690106135310451008e-01 -2.625808785089976283e+00 -2.625808785089976283e+00 -2.625808785089976283e+00 6.101365181862722885e-03 6.101365181862732426e-03 5.225291689650108685e-03 -2.177209373322992469e+00 7.201962161856482331e-03
-5.000000000000000000e+00 -5.000000000000000000e+00 -5.000000000000000000e+00 1.990855830379849312e-01 1.990855830379849867e-01 1.979508638446254298e-01 -2.500770271514262788e+00 -2.500770271514262788e+00 -2.500770271514262788e+00 6.642211937249814513e-03 6.642211937249824921e-03 5.660161137711909075e-03 -2.052170859747278975e+00 7.883795040183397274e-03
-4.750000000000000000e+00 -4.750000000000000000e+00 -4.750000000000000000e+00 2.349401818305921485e-01 2.349401818305922041e-01 2.343749161257639158e-01 -2.375731757938550182e+00 -2.375731757938550182e+00 -2.375731757938550182e+00 7.251534557392331527e-03 7.251534557392340201e-03 6.146460174328357597e-03 -1.927132346171566590e+00 8.657978253689533124e-03
-4.500000000000000000e+00 -4.500000000000000000e+00 -4.500000000000000000e+00 2.786903136073251019e-01 2.786903136073250464e-01 2.786094333648211352e-01 -2.250693244362836687e+00 -2.250693244362836687e+00 -2.250693244362836687e+00 7.940695243960758931e-03 7.940695243960767605e-03 6.692137954108080648e-03 -1.802093832595853096e+00 9.540869226133610534e-03
-4.250000000000000000e+00 -4.250000000000000000e+00 -4.250000000000000000e+00 3.343852179695971372e-01 3.343852179695971372e-01 3.353516878036832405e-01 -2.125654730787123636e+00 -2.125654730787123636e+00 -2.125654730787123636e+00 8.723361767124963168e-03 8.723361767124968372e-03 7.306639279106120349e-03 -1.677055319020140045e+00 1.055234258625975356e-02
-4.000000000000000000e+00 -4.000000000000000000e+00 -4.000000000000000000e+00 4.038577017229848520e-01 4.038577017229848520e-01 4.057646409219151096e-01 -2.000616217211410586e+00 -2.000616217211410586e+00 -2.000616217211410586e+00 9.616048620438235814e-03 9.616048620438228875e-03 8.001235049250713521e-03 -1.552016805444426994e+00 1.171665267068304137e-02
-3.750000000000000000e+00 -3.750000000000000000e+00 -3.750000000000000000e+00 4.946843184446628738e-01 4.946843184446628738e-01 4.983039806631282542e-01 -1.875577703635697313e+00 -1.875577703635697313e+00 -1.875577703635697313e+00 1.063880182115934520e-02 1.063880182115933999e-02 8.789426666282003017e-03 -1.426978291868713722e+00 1.306350250204640559e-02
-3.500000000000000000e+00 -3.500000000000000000e+00 -3.500000000000000000e+00 6.111435316069571133e-01 6.111435316069571133e-01 6.162823733878352028e-01 -1.750539190059984263e+00 -1.750539190059984263e+00 -1.750539190059984263e+00 1.181606356130823765e-02 1.181606356130823592e-02 9.687462963939756991e-03 -1.301939778293000671e+00 1.462937783816470848e-02
-3.250000000000000000e+00 -3.250000000000000000e+00 -3.250000000000000000e+00 7.685694398156979190e-01 7.685694398156982521e-01 7.762421897363361856e-01 -1.625500676484270990e+00 -1.625500676484270990e+00 -1.625500676484270990e+00 1.317777478082576316e-02 1.317777478082574755e-02 1.071498707069947973e-02 -1.176901264717287399e+00 1.645915817155595845e-02
-3.000000000000000000e+00 -3.000000000000000000e+00 -3.000000000000000000e+00 9.775356422860137506e-01 9.775356422860127514e-01 9.872743521776988773e-01 -1.500462162908557939e+00 -1.500462162908557939e+00 -1.500462162908557939e+00 1.476078385449553290e-02 1.476078385449553117e-02 1.189588167711187576e-02 -1.051862751141574348e+00 1.860802404536016433e-02
-2.750000000000000000e+00 -2.750000000000000000e+00 -2.750000000000000000e+00 1.272183139482204073e+00 1.272183139482203185e+00 1.285198714809263398e+00 -1.375423649332844667e+00 -1.375423649332844667e+00 -1.375423649332844667e+00 1.661067180490670425e-02 1.661067180490670425e-02 1.325937385026471418e-02 -9.268242375658610754e-01 2.114354549848065576e-02
-2.500000000000000000e+00 -2.500000000000000000e+00 -2.500000000000000000e+00 1.680753693948738858e+00 1.680753693948737526e+00 1.695813332576347809e+00 -1.250385135757131394e+00 -1.250385135757131394e+00 -1.250385135757131394e+00 1.878414863187344991e-02 1.878414863187345685e-02 1.484156243610872290e-02 -8.017857239901478028e-01 2.414768031108937771e-02
-2.250000000000000000e+00 -2.250000000000000000e+00 -2.250000000000000000e+00 2.288704441805287981e+00 2.288704441805289314e+00 2.306945866278245827e+00 -1.125346622181418343e+00 -1.125346622181418343e+00 -1.125346622181418343e+00 2.135229731602389727e-02 2.135229731602390421e-02 1.668760957343079152e-02 -6.767472104144347522e-01 2.771788058103274305e-02
-2.000000000000000000e+00 -2.000000000000000000e+00 -2.000000000000000000e+00 3.179630502143053317e+00 3.179630502143053761e+00 3.197876655611756380e+00 -1.000308108605705293e+00 -1.000308108605705293e+00 -1.000308108605705293e+00 2.440515399797319601e-02 2.440515399797321336e-02 1.885517619363559841e-02 -5.517086968387217016e-01 3.196548430047720796e-02
-1.750000000000000000e+00 -1.750000000000000000e+00 -1.750000000000000000e+00 4.601490821505624496e+00 4.601490821505624496e+00 4.620085287363470350e+00 -8.752695950299921313e-01 -8.752695950299921313e-01 -8.752695950299921313e-01 2.805855297538092930e-02 2.805855297538093970e-02 2.142032905010592125e-02 -4.266701832630085400e-01 3.700680673547439986e-02
-1.500000000000000000e+00 -1.500000000000000000e+00 -1.500000000000000000e+00 6.838564017575691878e+00 6.838564017575689213e+00 6.849821029761028690e+00 -7.502310814542789696e-01 -7.502310814542789696e-01 -7.502310814542789696e-01 3.246406969744974891e-02 3.246406969744976972e-02 2.448893326546293034e-02 -3.016316696872953784e-01 4.293477669853400930e-02
-1.250000000000000000e+00 -1.250000000000000000e+00 -1.250000000000000000e+00 1.076964502621247988e+01 1.076964502621248343e+01 1.077202630204462608e+01 -6.251925678785656970e-01 -6.251925678785656970e-01 -6.251925678785656970e-01 3.781565706882106942e-02 3.781565706882106942e-02 2.821929373025366602e-02 -1.765931561115821058e-01 4.973625529398890271e-02
-1.000000000000000000e+00 -1.000000000000000000e+00 -1.000000000000000000e+00 1.758139427758012374e+01 1.758139427758014151e+01 1.755805178949526280e+01 -5.001540543028526464e-01 -5.001540543028526464e-01 -5.001540543028526464e-01 4.430743611591272946e-02 4.430743611591271558e-02 3.285860590140611548e-02 -5.155464253586905521e-02 5.707745863438483391e-02
-7.500000000000000000e-01 -7.500000000000000000e-01 -7.500000000000000000e-01 3.156978101979445839e+01 3.156978101979446549e+01 3.151908849602254392e+01 -3.751155407271394848e-01 -3.751155407271394848e-01 -3.751155407271394848e-01 5.191102594125094477e-02 5.191102594125095171e-02 3.875519033157470011e-02 7.348387103984410640e-02 6.391715929968383447e-02
-5.000000000000000000e-01 -5.000000000000000000e-01 -5.000000000000000000e-01 5.996887609094724780e+01 5.996887609094722649e+01 5.985961942774761013e+01 -2.500770271514263232e-01 -2.500770271514263232e-01 -2.500770271514263232e-01 5.986990194085334976e-02 5.986990194085331507e-02 4.619319791330542269e-02 1.985223846155572680e-01 6.829961274962048634e-02
-2.500000000000000000e-01 -2.500000000000000000e-01 -2.500000000000000000e-01 1.500315587599980063e+02 1.500315587599978926e+02 1.498920570678261868e+02 -1.250385135757131616e-01 -1.250385135757131616e-01 -1.250385135757131616e-01 6.629756254224082601e-02 6.629756254224082601e-02 5.483876397798759933e-02 3.235608981912704296e-01 6.815723658346672931e-02
0.000000000000000000e+00 0.000000000000000000e+00 0.000000000000000000e+00 4.000126015304636553e+02 4.000126015304634848e+02 3.998001540674833905e+02 0.000000000000000000e+00 0.000000000000000000e+00 0.000000000000000000e+00 6.881742063093780615e-02 6.881742063093784778e-02 6.304803931193862787e-02 4.485994117669835912e-01 6.304803931193862787e-02
2.500000000000000000e-01 2.500000000000000000e-01 2.500000000000000000e-01 1.500315587599980631e+02 1.500315587599979779e+02 1.498920570678262720e+02 1.250385135757131616e-01 1.250385135757131616e-01 1.250385135757131616e-01 6.629756254224081213e-02 6.629756254224082601e-02 6.815723658346672931e-02 5.736379253426967528e-01 5.483876397798759933e-02
5.000000000000000000e-01 5.000000000000000000e-01 5.000000000000000000e-01 5.996887609094736149e+01 5.996887609094736149e+01 5.985961942774779487e+01 2.500770271514263232e-01 2.500770271514263232e-01 2.500770271514263232e-01 5.986990194085330813e-02 5.986990194085328731e-02 6.829961274962048634e-02 6.986764389184099144e-01 4.619319791330542269e-02
7.500000000000000000e-01 7.500000000000000000e-01 7.500000000000000000e-01 3.156978101979445839e+01 3.156978101979446549e+01 3.151908849602254747e+01 3.751155407271394848e-01 3.751155407271394848e-01 3.751155407271394848e-01 5.191102594125094477e-02 5.191102594125093089e-02 6.391715929968383447e-02 8.237149524941230760e-01 3.875519033157470011e-02
1.000000000000000000e+00 1.000000000000000000e+00 1.000000000000000000e+00 1.758139427758019480e+01 1.758139427758020901e+01 1.755805178949533030e+01 5.001540543028526464e-01 5.001540543028526464e-01 5.001540543028526464e-01 4.430743611591268089e-02 4.430743611591266701e-02 5.707745863438483391e-02 9.487534660698362377e-01 3.285860590140611548e-02
1.250000000000000000e+00 1.250000000000000000e+00 1.250000000000000000e+00 1.076964502621252251e+01 1.076964502621252251e+01 1.077202630204465095e+01 6.251925678785656970e-01 6.251925678785656970e-01 6.251925678785656970e-01 3.781565706882102085e-02 3.781565706882102779e-02 4.973625529398890271e-02 1.073791979645549288e+00 2.821929373025366602e-02
1.500000000000000000e+00 1.500000000000000000e+00 1.500000000000000000e+00 6.838564017575691878e+00 6.838564017575689213e+00 6.849821029761030466e+00 7.502310814542789696e-01 7.502310814542789696e-01 7.502310814542789696e-01 3.246406969744973503e-02 3.246406969744975585e-02 4.293477669853400930e-02 1.198830493221262561e+00 2.448893326546293034e-02
1.750000000000000000e+00 1.750000000000000000e+00 1.750000000000000000e+00 4.601490821505649365e+00 4.601490821505647588e+00 4.620085287363485449e+00 8.752695950299921313e-01 8.752695950299921313e-01 8.752695950299921313e-01 2.805855297538096399e-02 2.805855297538098481e-02 3.700680673547439986e-02 1.323869006796975611e+00 2.142032905010592125e-02
2.000000000000000000e+00 2.000000000000000000e+00 2.000000000000000000e+00 3.179630502143067083e+00 3.179630502143066195e+00 3.197876655611764818e+00 1.000308108605705293e+00 1.000308108605705293e+00 1.000308108605705293e+00 2.440515399797323765e-02 2.440515399797325499e-02 3.196548430047720796e-02 1.448907520372688884e+00 1.885517619363559841e-02
2.250000000000000000e+00 2.250000000000000000e+00 2.250000000000000000e+00 2.288704441805287981e+00 2.288704441805289314e+00 2.306945866278245383e+00 1.125346622181418343e+00 1.125346622181418343e+00 1.125346622181418343e+00 2.135229731602389380e-02 2.135229731602388339e-02 2.771788058103274305e-02 1.573946033948401935e+00 1.668760957343079152e-02
2.500000000000000000e+00 2.500000000000000000e+00 2.500000000000000000e+00 1.680753693948749961e+00 1.680753693948749516e+00 1.695813332576357135e+00 1.250385135757131394e+00 1.250385135757131394e+00 1.250385135757131394e+00 1.878414863187338399e-02 1.878414863187339787e-02 2.414768031108937771e-02 1.698984547524114985e+00 1.484156243610872290e-02
2.750000000000000000e+00 2.750000000000000000e+00 2.750000000000000000e+00 1.272183139482210068e+00 1.272183139482209180e+00 1.285198714809267617e+00 1.375423649332844667e+00 1.375423649332844667e+00 1.375423649332844667e+00 1.661067180490664527e-02 1.661067180490664874e-02 2.114354549848065576e-02 1.824023061099828258e+00 1.325937385026471418e-02
3.000000000000000000e+00 3.000000000000000000e+00 3.000000000000000000e+00 9.775356422860136396e-01 9.775356422860127514e-01 9.872743521776988773e-01 1.500462162908557939e+00 1.500462162908557939e+00 1.500462162908557939e+00 1.476078385449552943e-02 1.476078385449552596e-02 1.860802404536016433e-02 1.949061574675541531e+00 1.189588167711187576e-02
3.250000000000000000e+00 3.250000000000000000e+00 3.250000000000000000e+00 7.685694398157042473e-01 7.685694398157042473e-01 7.762421897363415146e-01 1.625500676484270990e+00 1.625500676484270990e+00 1.625500676484270990e+00 1.317777478082581694e-02 1.317777478082580132e-02 1.645915817155595845e-02 2.074100088251254803e+00 1.071498707069947973e-02
3.500000000000000000e+00 3.500000000000000000e+00 3.500000000000000000e+00 6.111435316069606660e-01 6.111435316069603330e-01 6.162823733878378674e-01 1.750539190059984263e+00 1.750539190059984263e+00 1.750539190059984263e+00 1.181606356130829316e-02 1.181606356130829837e-02 1.462937783816470848e-02 2.199138601826967854e+00 9.687462963939756991e-03
3.750000000000000000e+00 3.750000000000000000e+00 3.750000000000000000e+00 4.946843184446628738e-01 4.946843184446628738e-01 4.983039806631281432e-01 1.875577703635697313e+00 1.875577703635697313e+00 1.875577703635697313e+00 1.063880182115934346e-02 1.063880182115933652e-02 1.306350250204640559e-02 2.324177115402680904e+00 8.789426666282003017e-03
4.000000000000000000e+00 4.000000000000000000e+00 4.000000000000000000e+00 4.038577017229879051e-01 4.038577017229882382e-01 4.057646409219171635e-01 2.000616217211410586e+00 2.000616217211410586e+00 2.000616217211410586e+00 9.616048620438187242e-03 9.616048620438180303e-03 1.171665267068304137e-02 2.449215628978394399e+00 8.001235049250713521e-03
4.250000000000000000e+00 4.250000000000000000e+00 4.250000000000000000e+00 3.343852179695989135e-01 3.343852179695988025e-01 3.353516878036845728e-01 2.125654730787123636e+00 2.125654730787123636e+00 2.125654730787123636e+00 8.723361767124916330e-03 8.723361767124918065e-03 1.055234258625975356e-02 2.574254142554107005e+00 7.306639279106120349e-03
4.500000000000000000e+00 4.500000000000000000e+00 4.500000000000000000e+00 2.786903136073251019e-01 2.786903136073250464e-01 2.786094333648210242e-01 2.250693244362836687e+00 2.250693244362836687e+00 2.250693244362836687e+00 7.940695243960755462e-03 7.940695243960765870e-03 9.540869226133610534e-03 2.699292656129820500e+00 6.692137954108080648e-03
4.750000000000000000e+00 4.750000000000000000e+00 4.750000000000000000e+00 2.349401818305941470e-01 2.349401818305940637e-01 2.343749161257649705e-01 2.375731757938550182e+00 2.375731757938550182e+00 2.375731757938550182e+00 7.251534557392381834e-03 7.251534557392384436e-03 8.657978253689533124e-03 2.824331169705533995e+00 6.146460174328357597e-03
5.000000000000000000e+00 5.000000000000000000e+00 5.000000000000000000e+00 1.990855830379858193e-01 1.990855830379859026e-01 1.979508638446260960e-01 2.500770271514262788e+00 2.500770271514262788e+00 2.500770271514262788e+00 6.642211937249863953e-03 6.642211937249869157e-03 7.883795040183397274e-03 2.949369683281246601e+00 5.660161137711909075e-03
5.250000000000000000e+00 5.250000000000000000e+00 5.250000000000000000e+00 1.703113889588873109e-01 1.703113889588872276e-01 1.690106135310450730e-01 2.625808785089976283e+00 2.625808785089976283e+00 2.625808785089976283e+00 6.101365181862720283e-03 6.101365181862727222e-03 7.201962161856482331e-03 3.074408196856960096e+00 5.225291689650108685e-03
5.500000000000000000e+00 5.500000000000000000e+00 5.500000000000000000e+00 1.463085885442655665e-01 1.463085885442656497e-01 1.447599674722054031e-01 2.750847298665689333e+00 2.750847298665689333e+00 2.750847298665689333e+00 5.619505557764661180e-03 5.619505557764663782e-03 6.598959556583737160e-03 3.199446710432672702e+00 4.835137809996653720e-03
5.750000000000000000e+00 5.750000000000000000e+00 5.750000000000000000e+00 1.267088143221656860e-01 1.267088143221656582e-01 1.252005376875171272e-01 2.875885812241402384e+00 2.875885812241402384e+00 2.875885812241402384e+00 5.188674321904726723e-03 5.188674321904730193e-03 6.063557881752488533e-03 3.324485224008386197e+00 4.484004451795554728e-03
6.000000000000000000e+00 6.000000000000000000e+00 6.000000000000000000e+00 1.101228021475209595e-01 1.101228021475209734e-01 1.085735539167003438e-01 3.000924325817115879e+00 3.000924325817115879e+00 3.000924325817115879e+00 4.802166229355865103e-03 4.802166229355861633e-03 5.586389372740266368e-03 3.449523737584099692e+00 4.167044805906772696e-03
6.250000000000000000e+00 6.250000000000000000e+00 6.250000000000000000e+00 9.638620428779116900e-02 9.638620428779109961e-02 9.500296029462641789e-02 3.125962839392828929e+00 3.125962839392828929e+00 3.125962839392828929e+00 4.454308466673184176e-03 4.454308466673178105e-03 5.159600634829648348e-03 3.574562251159812298e+00 3.880116589359208432e-03
6.500000000000000000e+00 6.500000000000000000e+00 6.500000000000000000e+00 8.462504269457815642e-02 8.462504269457812867e-02 8.332845880635539326e-02 3.251001352968541980e+00 3.251001352968541980e+00 3.251001352968541980e+00 4.140281106634417438e-03 4.140281106634410499e-03 4.776579925047362910e-03 3.699600764735525793e+00 3.619668647435600722e-03
6.750000000000000000e+00 6.750000000000000000e+00 6.750000000000000000e+00 7.477048996356944199e-02 7.477048996356948363e-02 7.371074275427179356e-02 3.376039866544255474e+00 3.376039866544255474e+00 3.376039866544255474e+00 3.855972706748938498e-03 3.855972706748931559e-03 4.431734016231761268e-03 3.824639278311239288e+00 3.382644004089223506e-03
7.000000000000000000e+00 7.000000000000000000e+00 7.000000000000000000e+00 6.625190929201323076e-02 6.625190929201323076e-02 6.535357321132119479e-02 3.501078380119968525e+00 3.501078380119968525e+00 3.501078380119968525e+00 3.597861884405340570e-03 3.597861884405334932e-03 4.120312642754684652e-03 3.949677791886951894e+00 3.166403610536232174e-03
7.250000000000000000e+00 7.250000000000000000e+00 7.250000000000000000e+00 5.904554620994795916e-02 5.904554620994801467e-02 5.841902631925854211e-02 3.626116893695682020e+00 3.626116893695682020e+00 3.626116893695682020e+00 3.362921528926827736e-03 3.362921528926821231e-03 3.838262794697401906e-03 4.074716305462665389e+00 2.968659983915162680e-03
7.500000000000000000e+00 7.500000000000000000e+00 7.500000000000000000e+00 5.276703277805442488e-02 5.276703277805442488e-02 5.234217463997185155e-02 3.751155407271394626e+00 3.751155407271394626e+00 3.751155407271394626e+00 3.148539424562690672e-03 3.148539424562688070e-03 3.582113967598304482e-03 4.199754819038377995e+00 2.787425310560667519e-03
7.750000000000000000e+00 7.750000000000000000e+00 7.750000000000000000e+00 4.741354045160645764e-02 4.741354045160646458e-02 4.727271561308046821e-02 3.876193920847107677e+00 3.876193920847107677e+00 3.876193920847107677e+00 2.952453714396218679e-03 2.952453714396218679e-03 3.348881324102395262e-03 4.324793332614091490e+00 2.620965346007547974e-03
8.000000000000000000e+00 8.000000000000000000e+00 8.000000000000000000e+00 4.271928705805012189e-02 4.271928705805012882e-02 4.279827701473396667e-02 4.001232434422821171e+00 4.001232434422821171e+00 4.001232434422821171e+00 2.772698832039615681e-03 2.772698832039624355e-03 3.135989484694553207e-03 4.449831846189804985e+00 2.467763673902324990e-03
8.250000000000000000e+00 8.250000000000000000e+00 8.250000000000000000e+00 3.869060366061383843e-02 3.869060366061383149e-02 3.905182385272706197e-02 4.126270947998534666e+00 4.126270947998534666e+00 4.126270947998534666e+00 2.607561351266691942e-03 2.607561351266698448e-03 2.941206993655384131e-03 4.574870359765518479e+00 2.326489200026843340e-03
8.500000000000000000e+00 8.500000000000000000e+00 8.500000000000000000e+00 3.513958551690751081e-02 3.513958551690750387e-02 3.572489441371262675e-02 4.251309461574247273e+00 4.251309461574247273e+00 4.251309461574247273e+00 2.455542570070878752e-03 2.455542570070889594e-03 2.762594910994403772e-03 4.699908873341231086e+00 2.195971256154774596e-03
8.750000000000000000e+00 8.750000000000000000e+00 8.750000000000000000e+00 3.207596522626714186e-02 3.207596522626713492e-02 3.293340339062290206e-02 4.376347975149959879e+00 4.376347975149959879e+00 4.376347975149959879e+00 2.315327857759737207e-03 2.315327857759749350e-03 2.598461663759309929e-03 4.824947386916943692e+00 2.075176335833879560e-03
9.000000000000000000e+00 9.000000000000000000e+00 9.000000000000000000e+00 2.936437290321687599e-02 2.936437290321687599e-02 3.044168080912032850e-02 4.501386488725673374e+00 4.501386488725673374e+00 4.501386488725673374e+00 2.185760363511025234e-03 2.185760363511040413e-03 2.447327852071174911e-03 4.949985900492657187e+00 1.963190566012383304e-03
9.250000000000000000e+00 9.250000000000000000e+00 9.250000000000000000e+00 2.701516652210156355e-02 2.701516652210157743e-02 2.834989575108502052e-02 4.626425002301386868e+00 4.626425002301386868e+00 4.626425002301386868e+00 2.065819433670397325e-03 2.065819433670411636e-03 2.307894600329920328e-03 5.075024414068370682e+00 1.859202810476676560e-03
9.500000000000000000e+00 9.500000000000000000e+00 9.500000000000000000e+00 2.492925138236606886e-02 2.492925138236607580e-02 2.647464089756351724e-02 4.751463515877100363e+00 4.751463515877100363e+00 4.751463515877100363e+00 1.954601864282725504e-03 1.954601864282741117e-03 2.179019131181416779e-03 5.200062927644084176e+00 1.762492206709479880e-03
9.750000000000000000e+00 9.750000000000000000e+00 9.750000000000000000e+00 2.311633489448058562e-02 2.311633489448058562e-02 2.490217914427354448e-02 4.876502029452812970e+00 4.876502029452812970e+00 4.876502029452812970e+00 1.851306502259713683e-03 1.851306502259726476e-03 2.059692206520079370e-03 5.325101441219796783e+00 1.672415715930807489e-03
1.000000000000000000e+01 1.000000000000000000e+01 1.000000000000000000e+01 2.150288519494036529e-02 2.150288519494036182e-02 2.348745009392685240e-02 5.001540543028525576e+00 5.001540543028525576e+00 5.001540543028525576e+00 1.755220688965332312e-03 1.755220688965343154e-03 1.949020961633624819e-03 5.450139954795509389e+00 1.588399182653398587e-03
1.025000000000000000e+01 1.025000000000000000e+01 1.025000000000000000e+01 2.009744010597934449e-02 2.009744010597934796e-02 2.230470442991068156e-02 5.126579056604239071e+00 5.126579056604239071e+00 5.126579056604239071e+00 1.665709136456696446e-03 1.665709136456706421e-03 1.846212565978063314e-03 5.575178468371222884e+00 1.509928031300076254e-03
1.050000000000000000e+01 1.050000000000000000e+01 1.050000000000000000e+01 1.884480575569858971e-02 1.884480575569859664e-02 2.123756579152186533e-02 5.251617570179952565e+00 5.251617570179952565e+00 5.251617570179952565e+00 1.582203993581608389e-03 1.582203993581615762e-03 1.750562023176124860e-03 5.700216981946936379e+00 1.436540802897910089e-03
1.075000000000000000e+01 1.075000000000000000e+01 1.075000000000000000e+01 1.775220861165131836e-02 1.775220861165131142e-02 2.035002302521955048e-02 5.376656083755666060e+00 5.376656083755666060e+00 5.376656083755666060e+00 1.504196717127039788e-03 1.504196717127044124e-03 1.661440154115814433e-03 5.825255495522649873e+00 1.367822107486284721e-03
1.100000000000000000e+01 1.100000000000000000e+01 1.100000000000000000e+01 1.677781768257879252e-02 1.677781768257880293e-02 1.954752822306541488e-02 5.501694597331378667e+00 5.501694597331378667e+00 5.501694597331378667e+00 1.431230700026890320e-03 1.431230700026892705e-03 1.578284839493783193e-03 5.950294009098362480e+00 1.303397920996897863e-03
1.125000000000000000e+01 1.125000000000000000e+01 1.125000000000000000e+01 1.592758753456535031e-02 1.592758753456536072e-02 1.888534757803731964e-02 5.626733110907092161e+00 5.626733110907092161e+00 5.626733110907092161e+00 1.362895267097564804e-03 1.362895267097565671e-03 1.500592051432426488e-03 6.075332522674075975e+00 1.242930175502387742e-03
1.150000000000000000e+01 1.150000000000000000e+01 1.150000000000000000e+01 1.516956000327985242e-02 1.516956000327986109e-02 1.828580311020863020e-02 5.751771624482804768e+00 5.751771624482804768e+00 5.751771624482804768e+00 1.298820138702717506e-03 1.298820138702717073e-03 1.427909512543579403e-03 6.200371036249788581e+00 1.186113319075039968e-03
1.175000000000000000e+01 1.175000000000000000e+01 1.175000000000000000e+01 1.450853697768017536e-02 1.450853697768019271e-02 1.779675768996098056e-02 5.876810138058518262e+00 5.876810138058518262e+00 5.876810138058518262e+00 1.238670951609821633e-03 1.238670951609821850e-03 1.359829908256529997e-03 6.325409549825502076e+00 1.132670109978645666e-03
1.200000000000000000e+01 1.200000000000000000e+01 1.200000000000000000e+01 1.391994381536779297e-02 1.391994381536779991e-02 1.735375408068324729e-02 6.001848651634231757e+00 6.001848651634231757e+00 6.001848651634231757e+00 1.182145053649089842e-03 1.182145053649090493e-03 1.295986261839013852e-03 6.450448063401215570e+00 1.082349090917241212e-03
1.225000000000000000e+01 1.225000000000000000e+01 1.225000000000000000e+01 1.340757673167899434e-02 1.340757673167898741e-02 1.699836749119335022e-02 6.126887165209944364e+00 6.126887165209944364e+00 6.126887165209944364e+00 1.128968131607234167e-03 1.128968131607235035e-03 1.236046727859409656e-03 6.575486576976928177e+00 1.034921278896135414e-03
1.250000000000000000e+01 1.250000000000000000e+01 1.250000000000000000e+01 1.295244235474172709e-02 1.295244235474171321e-02 1.667663340718743281e-02 6.251925678785657858e+00 6.251925678785657858e+00 6.251925678785657858e+00 1.078890982293107198e-03 1.078890982293110234e-03 1.179711198633478977e-03 6.700525090552641672e+00 9.901783069109326273e-04
1.275000000000000000e+01 1.275000000000000000e+01 1.275000000000000000e+01 1.255748011041613391e-02 1.255748011041612870e-02 1.642477627713973334e-02 6.376964192361371353e+00 6.376964192361371353e+00 6.376964192361371353e+00 1.031686952411232970e-03 1.031686952411238175e-03 1.126707258990642963e-03 6.825563604128355166e+00 9.479297879455418456e-04
1.300000000000000000e+01 1.300000000000000000e+01 1.300000000000000000e+01 1.220795534686651591e-02 1.220795534686652459e-02 1.619725573506648059e-02 6.502002705937083959e+00 6.502002705937083959e+00 6.502002705937083959e+00 9.871494338302324711e-04 9.871494338302389763e-04 1.076787684952873339e-03 6.950602117704067773e+00 9.080019474169007598e-04
1.325000000000000000e+01 1.325000000000000000e+01 1.325000000000000000e+01 1.190608936069110883e-02 1.190608936069110883e-02 1.602572983882860277e-02 6.627041219512798342e+00 6.627041219512798342e+00 6.627041219512798342e+00 9.450899048532460187e-04 9.450899048532542587e-04 1.029727262075509327e-03 7.075640631279782156e+00 8.702355003522967234e-04
1.350000000000000000e+01 1.350000000000000000e+01 1.350000000000000000e+01 1.164042375945236081e-02 1.164042375945236081e-02 1.587149344479871910e-02 6.752079733088510949e+00 6.752079733088510949e+00 6.752079733088510949e+00 9.053359682798951249e-04 9.053359682799036901e-04 9.853209362043180951e-04 7.200679144855494762e+00 8.344846469936411998e-04
1.375000000000000000e+01 1.375000000000000000e+01 1.375000000000000000e+01 1.141258527910590272e-02 1.141258527910589231e-02 1.576229442474159567e-02 6.877118246664223555e+00 6.877118246664223555e+00 6.877118246664223555e+00 8.677298421777260209e-04 8.677298421777337187e-04 9.433812816850313922e-04 7.325717658431207369e+00 8.006153449636516832e-04
1.400000000000000000e+01 1.400000000000000000e+01 1.400000000000000000e+01 1.121365382185950457e-02 1.121365382185950284e-02 1.566502791777482292e-02 7.002156760239937050e+00 7.002156760239937050e+00 7.002156760239937050e+00 8.321268088519949120e-04 8.321268088520007667e-04 9.037371323553612060e-04 7.450756172006920863e+00 7.685045750728576467e-04
1.425000000000000000e+01 1.425000000000000000e+01 1.425000000000000000e+01 1.104476888642001546e-02 1.104476888642001199e-02 1.560408100635044676e-02 7.127195273815649657e+00 7.127195273815649657e+00 7.127195273815649657e+00 7.983940444512088947e-04 7.983940444512118220e-04 8.662315444592227909e-04 7.575794685582633470e+00 7.380389208036042606e-04
1.450000000000000000e+01 1.450000000000000000e+01 1.450000000000000000e+01 1.089898873185928332e-02 1.089898873185927639e-02 1.555097893871601120e-02 7.252233787391364039e+00 7.252233787391364039e+00 7.252233787391364039e+00 7.664093819889706335e-04 7.664093819889701998e-04 8.307207836880497456e-04 7.700833199158347853e+00 7.091140360434094146e-04
1.475000000000000000e+01 1.475000000000000000e+01 1.475000000000000000e+01 1.077705736187943748e-02 1.077705736187943228e-02 1.552720874819875363e-02 7.377272300967076646e+00 7.377272300967076646e+00 7.377272300967076646e+00 7.360603983910840890e-04 7.360603983910792101e-04 7.970726689067961787e-04 7.825871712734060459e+00 6.816334662195609609e-04
1.500000000000000000e+01 1.500000000000000000e+01 1.500000000000000000e+01 1.067358260747964388e-02 1.067358260747964388e-02 1.550815611225663318e-02 7.502310814542789252e+00 7.502310814542789252e+00 7.502310814542789252e+00 7.072434197555643775e-04 7.072434197555574386e-04 7.651658246685858573e-04 7.950910226309773066e+00 6.555082674305700522e-04
1.525000000000000000e+01 1.525000000000000000e+01 1.525000000000000000e+01 1.058899060539131645e-02 1.058899060539132166e-02 1.551279525980971477e-02 7.627349328118502747e+00 7.627349328118502747e+00 7.627349328118502747e+00 6.798628054466907249e-04 6.798628054466811840e-04 7.348883212828854431e-04 8.075948739885486560e+00 6.306560195879104503e-04
1.550000000000000000e+01 1.550000000000000000e+01 1.550000000000000000e+01 1.051910763881243847e-02 1.051910763881244021e-02 1.551975618760326713e-02 7.752387841694215354e+00 7.752387841694215354e+00 7.752387841694215354e+00 6.538301418633173101e-04 6.538301418633067933e-04 7.061371261731062702e-04 8.200987253461198279e+00 6.070005592938528850e-04
1.575000000000000000e+01 1.575000000000000000e+01 1.575000000000000000e+01 1.046410722726735451e-02 1.046410722726736145e-02 1.554582660945034653e-02 7.877426355269929736e+00 7.877426355269929736e+00 7.877426355269929736e+00 6.290636783927661341e-04 6.290636783927573521e-04 6.788169770203743812e-04 8.326025767036913550e+00 5.844711471311834659e-04
1.600000000000000000e+01 1.600000000000000000e+01 1.600000000000000000e+01 1.042077643942396908e-02 1.042077643942397082e-02 1.557238361764287995e-02 8.002464868845642343e+00 8.002464868845642343e+00 8.002464868845642343e+00 6.054876691449559553e-04 6.054876691449486911e-04 6.528399825572437937e-04 8.451064280612625268e+00 5.630022860588864862e-04
1.625000000000000000e+01 1.625000000000000000e+01 1.625000000000000000e+01 1.038909078311587089e-02 1.038909078311586395e-02 1.561430406195324708e-02 8.127503382421354061e+00 8.127503382421354061e+00 8.127503382421354061e+00 5.830319266962479723e-04 5.830319266962438523e-04 6.281246809585812763e-04 8.576102794188336986e+00 5.425330137420787549e-04
1.650000000000000000e+01 1.650000000000000000e+01 1.650000000000000000e+01 1.036659619812704131e-02 1.036659619812703610e-02 1.565530786133475377e-02 8.252541895997069332e+00 8.252541895997069332e+00 8.252541895997069332e+00 5.616312809551550185e-04 5.616312809551548017e-04 6.045957531661488946e-04 8.701141307764052257e+00 5.230067851932199184e-04
1.675000000000000000e+01 1.675000000000000000e+01 1.675000000000000000e+01 1.035311574617636156e-02 1.035311574617636503e-02 1.570859448135818875e-02 8.377580409572781051e+00 8.377580409572781051e+00 8.377580409572781051e+00 5.412252248277354180e-04 5.412252248277373695e-04 5.821832300512931255e-04 8.826179821339763976e+00 5.043708675974337531e-04
1.700000000000000000e+01 1.700000000000000000e+01 1.700000000000000000e+01 1.034679500276756460e-02 1.034679500276755940e-02 1.575989575994001315e-02 8.502618923148494545e+00 8.502618923148494545e+00 8.502618923148494545e+00 5.217574665948552810e-04 5.217574665948598346e-04 5.608222905172283211e-04 8.951218334915477470e+00 4.865762711093771470e-04
1.725000000000000000e+01 1.725000000000000000e+01 1.725000000000000000e+01 1.034734253277786765e-02 1.034734253277786419e-02 1.582093203067274495e-02 8.627657436724208040e+00 8.627657436724208040e+00 8.627657436724208040e+00 5.031756477361243058e-04 5.031756477361299437e-04 5.404525893885719868e-04 9.076256848491190965e+00 4.695772286044962748e-04
1.750000000000000000e+01 1.750000000000000000e+01 1.750000000000000000e+01 1.035337724316367017e-02 1.035337724316367190e-02 1.587917455342860440e-02 8.752695950299919758e+00 8.752695950299919758e+00 8.752695950299919758e+00 4.854309706115338195e-04 4.854309706115386984e-04 5.210181192937768336e-04 9.201295362066902683e+00 4.533311624443082900e-04
1.775000000000000000e+01 1.775000000000000000e+01 1.775000000000000000e+01 1.036452476707336486e-02 1.036452476707336659e-02 1.594503325110811082e-02 8.877734463875635029e+00 8.877734463875635029e+00 8.877734463875635029e+00 4.684779732703165745e-04 4.684779732703208571e-04 5.024666375580024011e-04 9.326333875642617954e+00 4.377982354032556298e-04
1.800000000000000000e+01 1.800000000000000000e+01 1.800000000000000000e+01 1.037977663748224783e-02 1.037977663748224436e-02 1.600749320809092754e-02 9.002772977451346748e+00 9.002772977451346748e+00 9.002772977451346748e+00 4.522742183343403128e-04 4.522742183343427523e-04 4.847495758958628750e-04 9.451372389218329673e+00 4.229413441950390898e-04
1.825000000000000000e+01 1.825000000000000000e+01 1.825000000000000000e+01 1.039870178643497595e-02 1.039870178643497942e-02 1.607579780582526346e-02 9.127811491027060242e+00 9.127811491027060242e+00 9.127811491027060242e+00 4.367801131065792266e-04 4.367801131065783050e-04 4.678215493719546582e-04 9.576410902794043167e+00 4.087257308052916357e-04
1.850000000000000000e+01 1.850000000000000000e+01 1.850000000000000000e+01 1.042058370604165632e-02 1.042058370604165632e-02 1.614025831839825675e-02 9.252850004602773737e+00 9.252850004602773737e+00 9.252850004602773737e+00 4.219586487056307175e-04 4.219586487056291996e-04 4.516403017065568791e-04 9.701449416369756662e+00 3.951189958950727010e-04
1.875000000000000000e+01 1.875000000000000000e+01 1.875000000000000000e+01 1.044495640837034972e-02 1.044495640837035666e-02 1.620907445173464315e-02 9.377888518178485455e+00 9.377888518178485455e+00 9.377888518178485455e+00 4.077752564778237658e-04 4.077752564778213264e-04 4.361662830350238420e-04 9.826487929945468380e+00 3.820907621532865770e-04
1.900000000000000000e+01 1.900000000000000000e+01 1.900000000000000000e+01 1.047133046819330969e-02 1.047133046819330796e-02 1.627372700627173485e-02 9.502927031754200726e+00 9.502927031754200726e+00 9.502927031754200726e+00 3.941975888949614346e-04 3.941975888949572062e-04 4.213626214861586469e-04 9.951526443521183651e+00 3.696127025698399903e-04
1.925000000000000000e+01 1.925000000000000000e+01 1.925000000000000000e+01 1.049922305016430697e-02 1.049922305016431044e-02 1.634147704607429724e-02 9.627965545329912445e+00 9.627965545329912445e+00 9.627965545329912445e+00 3.811954053916996729e-04 3.811954053916966371e-04 4.071947593175828683e-04 1.007656495709689537e+01 3.576582494030123584e-04
1.950000000000000000e+01 1.950000000000000000e+01 1.950000000000000000e+01 1.052831945779215961e-02 1.052831945779216134e-02 1.640484369936990802e-02 9.753004058905625939e+00 9.753004058905625939e+00 9.753004058905625939e+00 3.687403885138052710e-04 3.687403885138031568e-04 3.936304436159408131e-04 1.020160347067260886e+01 3.462026339222417834e-04
1.975000000000000000e+01 1.975000000000000000e+01 1.975000000000000000e+01 1.055813498961062982e-02 1.055813498961063503e-02 1.647023920650389148e-02 9.878042572481339434e+00 9.878042572481339434e+00 9.878042572481339434e+00 3.568060540269729305e-04 3.568060540269701658e-04 3.806394126327358133e-04 1.032664198424832236e+01 3.352226363406695937e-04
2.000000000000000000e+01 2.000000000000000000e+01 2.000000000000000000e+01 1.058848731719994572e-02 1.058848731719994225e-02 1.653111092606951438e-02 1.000308108605705115e+01 1.000308108605705115e+01 1.000308108605705115e+01 3.453675974552243609e-04 3.453675974552238731e-04 3.681934001613654727e-04 1.045168049782403408e+01 3.246966351375576423e-04
2.025000000000000000e+01 2.025000000000000000e+01 2.025000000000000000e+01 1.061890227543018685e-02 1.061890227543018511e-02 1.659309903935550154e-02 1.012811959963276642e+01 1.012811959963276642e+01 1.012811959963276642e+01 3.344018247917606725e-04 3.344018247917605099e-04 3.562658657183618302e-04 1.057671901139974935e+01 3.146043950164763552e-04
2.050000000000000000e+01 2.050000000000000000e+01 2.050000000000000000e+01 1.064929556832348509e-02 1.064929556832348856e-02 1.665048666323657583e-02 1.025315811320847814e+01 1.025315811320847814e+01 1.025315811320847814e+01 3.238870260466645244e-04 3.238870260466627355e-04 3.448320085174475923e-04 1.070175752497546107e+01 3.049271255270903256e-04
2.075000000000000000e+01 2.075000000000000000e+01 2.075000000000000000e+01 1.067921381481444151e-02 1.067921381481443978e-02 1.670820741876851215e-02 1.037819662678419164e+01 1.037819662678419164e+01 1.037819662678419164e+01 3.138029242844652777e-04 3.138029242844630551e-04 3.338685366733064037e-04 1.082679603855117456e+01 2.956473059903510147e-04
2.100000000000000000e+01 2.100000000000000000e+01 2.100000000000000000e+01 1.070864290222282855e-02 1.070864290222283202e-02 1.676130255436859492e-02 1.050323514035990513e+01 1.050323514035990513e+01 1.050323514035990513e+01 3.041305742654270986e-04 3.041305742654233039e-04 3.233536878356870273e-04 1.095183455212688806e+01 2.867487550925844602e-04
2.125000000000000000e+01 2.125000000000000000e+01 2.125000000000000000e+01 1.073715867654631909e-02 1.073715867654632082e-02 1.681405484176737297e-02 1.062827365393561863e+01 1.062827365393561863e+01 1.062827365393561863e+01 2.948523290097508284e-04 2.948523290097446485e-04 3.132670339603801295e-04 1.107687306570260155e+01 2.782164940397768827e-04
2.150000000000000000e+01 2.150000000000000000e+01 2.150000000000000000e+01 1.076479463894739960e-02 1.076479463894740307e-02 1.686219864976787330e-02 1.075331216751133212e+01 1.075331216751133212e+01 1.075331216751133212e+01 2.859517632633899373e-04 2.859517632633827816e-04 3.035895066934070092e-04 1.120191157927831505e+01 2.700368313880226905e-04
2.175000000000000000e+01 2.175000000000000000e+01 2.175000000000000000e+01 1.079116278862951930e-02 1.079116278862952451e-02 1.690941304405249243e-02 1.087835068108704384e+01 1.087835068108704384e+01 1.087835068108704384e+01 2.774136585754202809e-04 2.774136585754120410e-04 2.943032355787082244e-04 1.132695009285402676e+01 2.621972687206263549e-04
2.200000000000000000e+01 2.200000000000000000e+01 2.200000000000000000e+01 1.081632600237910323e-02 1.081632600237910150e-02 1.695207132773065076e-02 1.100338919466275733e+01 1.100338919466275733e+01 1.100338919466275733e+01 2.692239534303919493e-04 2.692239534303829504e-04 2.853915773028541949e-04 1.145198860642974026e+01 2.546866083887526868e-04
2.225000000000000000e+01 2.225000000000000000e+01 2.225000000000000000e+01 1.083993807761970268e-02 1.083993807761970268e-02 1.699328844060063112e-02 1.112842770823847083e+01 1.112842770823847083e+01 1.112842770823847083e+01 2.613697502818328211e-04 2.613697502818247980e-04 2.768389866212065081e-04 1.157702712000545375e+01 2.474949096209095320e-04
2.250000000000000000e+01 2.250000000000000000e+01 2.250000000000000000e+01 1.086207661437344971e-02 1.086207661437344797e-02 1.703003182286987396e-02 1.125346622181418432e+01 1.125346622181418432e+01 1.125346622181418432e+01 2.538392972479577001e-04 2.538392972479507612e-04 2.686310497015133281e-04 1.170206563358116725e+01 2.406136302399251164e-04
2.275000000000000000e+01 2.275000000000000000e+01 2.275000000000000000e+01 1.088244176396563172e-02 1.088244176396563172e-02 1.706488512785507908e-02 1.137850473538989782e+01 1.137850473538989782e+01 1.137850473538989782e+01 2.466220243559285675e-04 2.466220243559229296e-04 2.607543886600230875e-04 1.182710414715688074e+01 2.340356428488374536e-04
2.300000000000000000e+01 2.300000000000000000e+01 2.300000000000000000e+01 1.090111419896734428e-02 1.090111419896734775e-02 1.709537337740532972e-02 1.150354324896560954e+01 1.150354324896560954e+01 1.150354324896560954e+01 2.397085668899127139e-04 2.397085668899085126e-04 2.531967002361664343e-04 1.195214266073259246e+01 2.277554194417040565e-04
2.325000000000000000e+01 2.325000000000000000e+01 2.325000000000000000e+01 1.091784404550861023e-02 1.091784404550861370e-02 1.712357570400885320e-02 1.162858176254132303e+01 1.162858176254132303e+01 1.162858176254132303e+01 2.330908487861413402e-04 2.330908487861374642e-04 2.459466888796768059e-04 1.207718117430830596e+01 2.217691180659938819e-04
2.350000000000000000e+01 2.350000000000000000e+01 2.350000000000000000e+01 1.093270594530592471e-02 1.093270594530592471e-02 1.714754548942015733e-02 1.175362027611703652e+01 1.175362027611703652e+01 1.175362027611703652e+01 2.267622349964266233e-04 2.267622349964219070e-04 2.389939831345067273e-04 1.220221968788401945e+01 2.160750408905270014e-04
2.375000000000000000e+01 2.375000000000000000e+01 2.375000000000000000e+01 1.094550280811216157e-02 1.094550280811216157e-02 1.716887857015704164e-02 1.187865878969275002e+01 1.187865878969275002e+01 1.187865878969275002e+01 2.207184898538589563e-04 2.207184898538526137e-04 2.323276901624639085e-04 1.232725820145973294e+01 2.106766811426189249e-04
2.400000000000000000e+01 2.400000000000000000e+01 2.400000000000000000e+01 1.095629634019684023e-02 1.095629634019684370e-02 1.718613409272479534e-02 1.200369730326846351e+01 1.200369730326846351e+01 1.200369730326846351e+01 2.149642604096680288e-04 2.149642604096588131e-04 2.259269100063398866e-04 1.245229671503544644e+01 2.056047419675119988e-04
2.425000000000000000e+01 2.425000000000000000e+01 2.425000000000000000e+01 1.096494432675834685e-02 1.096494432675834858e-02 1.720044069729169747e-02 1.212873581684417523e+01 1.212873581684417523e+01 1.212873581684417523e+01 2.095446725353408246e-04 2.095446725353282749e-04 2.197255293340213186e-04 1.257733522861115816e+01 2.010142467180598108e-04
2.450000000000000000e+01 2.450000000000000000e+01 2.450000000000000000e+01 1.097149057260527090e-02 1.097149057260526570e-02 1.721084679147866225e-02 1.225377433041988873e+01 1.225377433041988873e+01 1.225377433041988873e+01 2.046390638924028467e-04 2.046390638923870715e-04 2.135678288651650717e-04 1.270237374218687165e+01 1.974144198907475827e-04
2.475000000000000000e+01 2.475000000000000000e+01 2.475000000000000000e+01 1.097584918397955835e-02 1.097584918397956355e-02 1.721802510440468767e-02 1.237881284399560222e+01 1.237881284399560222e+01 1.237881284399560222e+01 2.006989752760789396e-04 2.006989752760604540e-04 2.073385356317565857e-04 1.282741225576258515e+01 1.958128078534478352e-04
2.500000000000000000e+01 2.500000000000000000e+01 2.500000000000000000e+01 1.097804285189353350e-02 1.097804285189353350e-02 1.722150250850237180e-02 1.250385135757131572e+01 1.250385135757131572e+01 1.250385135757131572e+01 1.984334188557615192e-04 1.984334188557415699e-04 2.014590447359667995e-04 1.295245076933829864e+01 1.971914199226481299e-04
