-2.500000000000000000e+01 -2.500000000000000000e+01 -2.500000000000000000e+01 2.234470367954531980e-02 2.234470367954531980e-02 4.623833802822424621e-02 -1.250385135757131572e+01 -1.250385135757131572e+01 -1.250385135757131572e+01 2.121578848440395897e-03 2.121578848440395897e-03 2.216171646064467402e-03 -1.136852009403803621e+01 2.258027666927107848e-03
-2.475000000000000000e+01 -2.475000000000000000e+01 -2.475000000000000000e+01 2.235489971634406492e-02 2.235489971634404757e-02 4.623937700821379587e-02 -1.237881284399560222e+01 -1.237881284399560222e+01 -1.237881284399560222e+01 2.130422677117044597e-03 2.130422677117040694e-03 2.184059853770233678e-03 -1.124348158046232271e+01 2.305313253577651739e-03
-2.450000000000000000e+01 -2.450000000000000000e+01 -2.450000000000000000e+01 2.237529486218311353e-02 2.237529486218312741e-02 4.624090094185957095e-02 -1.225377433041988873e+01 -1.225377433041988873e+01 -1.225377433041988873e+01 2.146748723795826631e-03 2.146748723795821427e-03 2.163175414693518928e-03 -1.111844306688660922e+01 2.354642803115433204e-03
-2.425000000000000000e+01 -2.425000000000000000e+01 -2.425000000000000000e+01 2.240603230018572631e-02 2.240603230018572978e-02 4.624411391751182682e-02 -1.212873581684417523e+01 -1.212873581684417523e+01 -1.212873581684417523e+01 2.168866521565275540e-03 2.168866521565265999e-03 2.151741454139645578e-03 -1.099340455331089572e+01 2.405473529429792961e-03
-2.400000000000000000e+01 -2.400000000000000000e+01 -2.400000000000000000e+01 2.244712075559718648e-02 2.244712075559717607e-02 4.624734962073957789e-02 -1.200369730326846351e+01 -1.200369730326846351e+01 -1.200369730326846351e+01 2.195602458851040554e-03 2.195602458851025375e-03 2.147339467337165339e-03 -1.086836603973518400e+01 2.458660532688135454e-03
-2.375000000000000000e+01 -2.375000000000000000e+01 -2.375000000000000000e+01 2.249885045884134072e-02 2.249885045884134765e-02 4.625302718931943030e-02 -1.187865878969275002e+01 -1.187865878969275002e+01 -1.187865878969275002e+01 2.226375550985551510e-03 2.226375550985535898e-03 2.148527953676089390e-03 -1.074332752615947051e+01 2.514886160645395455e-03
-2.350000000000000000e+01 -2.350000000000000000e+01 -2.350000000000000000e+01 2.256123430333007926e-02 2.256123430333008620e-02 4.625835523904592989e-02 -1.175362027611703652e+01 -1.175362027611703652e+01 -1.175362027611703652e+01 2.260925274695361510e-03 2.260925274695342428e-03 2.154677750759094023e-03 -1.061828901258375701e+01 2.574414017218079088e-03
-2.325000000000000000e+01 -2.325000000000000000e+01 -2.325000000000000000e+01 2.263471740955523559e-02 2.263471740955524947e-02 4.626699012349745621e-02 -1.162858176254132303e+01 -1.162858176254132303e+01 -1.162858176254132303e+01 2.299113799708877009e-03 2.299113799708854891e-03 2.165464794023017232e-03 -1.049325049900804352e+01 2.637332681781305935e-03
-2.300000000000000000e+01 -2.300000000000000000e+01 -2.300000000000000000e+01 2.271931432949178542e-02 2.271931432949179236e-02 4.627499383253685233e-02 -1.150354324896560954e+01 -1.150354324896560954e+01 -1.150354324896560954e+01 2.340852786866869008e-03 2.340852786866849059e-03 2.180649614727719031e-03 -1.036821198543233002e+01 2.703700605458370793e-03
-2.275000000000000000e+01 -2.275000000000000000e+01 -2.275000000000000000e+01 2.281563712882700781e-02 2.281563712882700087e-02 4.628729380465854137e-02 -1.137850473538989782e+01 -1.137850473538989782e+01 -1.137850473538989782e+01 2.386084096653882936e-03 2.386084096653859517e-03 2.200030417225975511e-03 -1.024317347185661831e+01 2.773582620572988960e-03
-2.250000000000000000e+01 -2.250000000000000000e+01 -2.250000000000000000e+01 2.292369843066348681e-02 2.292369843066350069e-02 4.629877468567952792e-02 -1.125346622181418432e+01 -1.125346622181418432e+01 -1.125346622181418432e+01 2.434773355393670541e-03 2.434773355393647122e-03 2.223437483835915326e-03 -1.011813495828090481e+01 2.847055518172246242e-03
-2.225000000000000000e+01 -2.225000000000000000e+01 -2.225000000000000000e+01 2.304429387669518908e-02 2.304429387669518908e-02 4.631568134001472908e-02 -1.112842770823847083e+01 -1.112842770823847083e+01 -1.112842770823847083e+01 2.486906985799957389e-03 2.486906985799939174e-03 2.250730613775565794e-03 -9.993096444705191317e+00 2.924208034100779681e-03
-2.200000000000000000e+01 -2.200000000000000000e+01 -2.200000000000000000e+01 2.317742942008528886e-02 2.317742942008528192e-02 4.633168063178101648e-02 -1.100338919466275733e+01 -1.100338919466275733e+01 -1.100338919466275733e+01 2.542489569397998143e-03 2.542489569397982530e-03 2.281796985192447152e-03 -9.868057931129477822e+00 3.005141178775069203e-03
-2.175000000000000000e+01 -2.175000000000000000e+01 -2.175000000000000000e+01 2.332410599397855000e-02 2.332410599397856041e-02 4.635439473406947897e-02 -1.087835068108704384e+01 -1.087835068108704384e+01 -1.087835068108704384e+01 2.601542527330357422e-03 2.601542527330346580e-03 2.316548099113165029e-03 -9.743019417553764328e+00 3.089967753651758076e-03
-2.150000000000000000e+01 -2.150000000000000000e+01 -2.150000000000000000e+01 2.348431688686818467e-02 2.348431688686818467e-02 4.637622182855916791e-02 -1.075331216751133212e+01 -1.075331216751133212e+01 -1.075331216751133212e+01 2.664102418828198475e-03 2.664102418828194572e-03 2.354917924526390982e-03 -9.617980903978052609e+00 3.178812917136929813e-03
-2.125000000000000000e+01 -2.125000000000000000e+01 -2.125000000000000000e+01 2.365929580095806062e-02 2.365929580095805368e-02 4.640623623324522523e-02 -1.062827365393561863e+01 -1.062827365393561863e+01 -1.062827365393561863e+01 2.730220439267936478e-03 2.730220439267933008e-03 2.396860333700955546e-03 -9.492942390402339115e+00 3.271813791231662372e-03
-2.100000000000000000e+01 -2.100000000000000000e+01 -2.100000000000000000e+01 2.384901598550029367e-02 2.384901598550029367e-02 4.643550513264704804e-02 -1.050323514035990513e+01 -1.050323514035990513e+01 -1.050323514035990513e+01 2.799961220494476960e-03 2.799961220494472190e-03 2.442347980854083812e-03 -9.367903876826625620e+00 3.369120312006835052e-03
-2.075000000000000000e+01 -2.075000000000000000e+01 -2.075000000000000000e+01 2.405497802896883891e-02 2.405497802896884932e-02 4.647464658866792137e-02 -1.037819662678419164e+01 -1.037819662678419164e+01 -1.037819662678419164e+01 2.873402870533531273e-03 2.873402870533528670e-03 2.491370270521045364e-03 -9.242865363250912125e+00 3.470894924143473094e-03
-2.050000000000000000e+01 -2.050000000000000000e+01 -2.050000000000000000e+01 2.427712623235207118e-02 2.427712623235208853e-02 4.651332187388543260e-02 -1.025315811320847814e+01 -1.025315811320847814e+01 -1.025315811320847814e+01 2.950636081735410077e-03 2.950636081735411378e-03 2.543932875554939365e-03 -9.117826849675198631e+00 3.577313710371005876e-03
-2.025000000000000000e+01 -2.025000000000000000e+01 -2.025000000000000000e+01 2.451726994630918852e-02 2.451726994630920239e-02 4.656380343626961849e-02 -1.012811959963276642e+01 -1.012811959963276642e+01 -1.012811959963276642e+01 3.031764577934627398e-03 3.031764577934625664e-03 2.600056099321521822e-03 -8.992788336099486912e+00 3.688566165275531435e-03
-2.000000000000000000e+01 -2.000000000000000000e+01 -2.000000000000000000e+01 2.477531389445532597e-02 2.477531389445533638e-02 4.661425766502252932e-02 -1.000308108605705115e+01 -1.000308108605705115e+01 -1.000308108605705115e+01 3.116904427473644358e-03 3.116904427473647828e-03 2.659774905722260378e-03 -8.867749822523771641e+00 3.804856603494958991e-03
-1.975000000000000000e+01 -1.975000000000000000e+01 -1.975000000000000000e+01 2.505342724006745167e-02 2.505342724006745861e-02 4.667874392692717561e-02 -9.878042572481339434e+00 -9.878042572481339434e+00 -9.878042572481339434e+00 3.206184827360009440e-03 3.206184827360013777e-03 2.723137555054827661e-03 -8.742711308948059923e+00 3.926404011084882670e-03
-1.950000000000000000e+01 -1.950000000000000000e+01 -1.950000000000000000e+01 2.535146256076414861e-02 2.535146256076415208e-02 4.674382892824888169e-02 -9.753004058905625939e+00 -9.753004058905625939e+00 -9.753004058905625939e+00 3.299747563686166330e-03 3.299747563686171101e-03 2.790206053785940048e-03 -8.617672795372346428e+00 4.053443742053661029e-03
-1.925000000000000000e+01 -1.925000000000000000e+01 -1.925000000000000000e+01 2.567201084217508172e-02 2.567201084217507825e-02 4.682551691680297140e-02 -9.627965545329912445e+00 -9.627965545329912445e+00 -9.627965545329912445e+00 3.397748097558341961e-03 3.397748097558351502e-03 2.861054979947571467e-03 -8.492634281796632933e+00 4.186227453862791797e-03
-1.900000000000000000e+01 -1.900000000000000000e+01 -1.900000000000000000e+01 2.601485775185565300e-02 2.601485775185565300e-02 4.690865214681674139e-02 -9.502927031754200726e+00 -9.502927031754200726e+00 -9.502927031754200726e+00 3.500355142018597970e-03 3.500355142018611414e-03 2.935772293992579968e-03 -8.367595768220921215e+00 4.325025111853867017e-03
-1.875000000000000000e+01 -1.875000000000000000e+01 -1.875000000000000000e+01 2.638309131539828128e-02 2.638309131539828822e-02 4.701137153044646771e-02 -9.377888518178485455e+00 -9.377888518178485455e+00 -9.377888518178485455e+00 3.607752036928322473e-03 3.607752036928335050e-03 3.014458297957037756e-03 -8.242557254645205944e+00 4.470125023664893969e-03
-1.850000000000000000e+01 -1.850000000000000000e+01 -1.850000000000000000e+01 2.677641303610690804e-02 2.677641303610692539e-02 4.711665355163584951e-02 -9.252850004602773737e+00 -9.252850004602773737e+00 -9.252850004602773737e+00 3.720136429024957243e-03 3.720136429024972855e-03 3.097226773844852146e-03 -8.117518741069494226e+00 4.621836181060835422e-03
-1.825000000000000000e+01 -1.825000000000000000e+01 -1.825000000000000000e+01 2.719849924209844297e-02 2.719849924209845685e-02 4.724499084499860641e-02 -9.127811491027060242e+00 -9.127811491027060242e+00 -9.127811491027060242e+00 3.837721939021679959e-03 3.837721939021692102e-03 3.184204041131476638e-03 -7.992480227493780731e+00 4.780488416434421073e-03
-1.800000000000000000e+01 -1.800000000000000000e+01 -1.800000000000000000e+01 2.764894719355064784e-02 2.764894719355066519e-02 4.737732915491339042e-02 -9.002772977451346748e+00 -9.002772977451346748e+00 -9.002772977451346748e+00 3.960737944370547672e-03 3.960737944370560683e-03 3.275530407703388866e-03 -7.867441713918067236e+00 4.946435122052402801e-03
-1.775000000000000000e+01 -1.775000000000000000e+01 -1.775000000000000000e+01 2.813213241895633210e-02 2.813213241895632516e-02 4.753678195999463257e-02 -8.877734463875635029e+00 -8.877734463875635029e+00 -8.877734463875635029e+00 4.089431554846069405e-03 4.089431554846087620e-03 3.371359305143546703e-03 -7.742403200342355518e+00 5.120053560964504293e-03
-1.750000000000000000e+01 -1.750000000000000000e+01 -1.750000000000000000e+01 2.864752465841016379e-02 2.864752465841015339e-02 4.770206791696376264e-02 -8.752695950299919758e+00 -8.752695950299919758e+00 -8.752695950299919758e+00 4.224067508365827485e-03 4.224067508365842230e-03 3.471859051742870721e-03 -7.617364686766640247e+00 5.301748015402802522e-03
-1.725000000000000000e+01 -1.725000000000000000e+01 -1.725000000000000000e+01 2.920033373635891327e-02 2.920033373635889593e-02 4.789923701422622859e-02 -8.627657436724208040e+00 -8.627657436724208040e+00 -8.627657436724208040e+00 4.364930483174074040e-03 4.364930483174096591e-03 3.577212056551961651e-03 -7.492326173190928529e+00 5.491950294994851246e-03
-1.700000000000000000e+01 -1.700000000000000000e+01 -1.700000000000000000e+01 2.978987499054672888e-02 2.978987499054673235e-02 4.810455461292759138e-02 -8.502618923148494545e+00 -8.502618923148494545e+00 -8.502618923148494545e+00 4.512325127216760753e-03 4.512325127216779835e-03 3.687616906230580492e-03 -7.367287659615215034e+00 5.691123379737560162e-03
-1.675000000000000000e+01 -1.675000000000000000e+01 -1.675000000000000000e+01 3.042235766180844889e-02 3.042235766180845236e-02 4.834738406523640675e-02 -8.377580409572781051e+00 -8.377580409572781051e+00 -8.377580409572781051e+00 4.666578747043301570e-03 4.666578747043317182e-03 3.803287638615795475e-03 -7.242249146039501539e+00 5.899762181125754387e-03
-1.650000000000000000e+01 -1.650000000000000000e+01 -1.650000000000000000e+01 3.109691176862255935e-02 3.109691176862256629e-02 4.860127397837950974e-02 -8.252541895997069332e+00 -8.252541895997069332e+00 -8.252541895997069332e+00 4.828041501863383246e-03 4.828041501863401461e-03 3.924456176525327987e-03 -7.117210632463789821e+00 6.118397761591481965e-03
-1.625000000000000000e+01 -1.625000000000000000e+01 -1.625000000000000000e+01 3.182094859943194326e-02 3.182094859943195020e-02 4.889935254240014573e-02 -8.127503382421354061e+00 -8.127503382421354061e+00 -8.127503382421354061e+00 4.997089522496337560e-03 4.997089522496348836e-03 4.051371680709797349e-03 -6.992172118888074550e+00 6.347598419852914890e-03
-1.600000000000000000e+01 -1.600000000000000000e+01 -1.600000000000000000e+01 3.259337747337186925e-02 3.259337747337186231e-02 4.921214441015522856e-02 -8.002464868845642343e+00 -8.002464868845642343e+00 -8.002464868845642343e+00 5.174125313318561105e-03 5.174125313318562840e-03 4.184303365203732167e-03 -6.867133605312362832e+00 6.587974588954251601e-03
-1.575000000000000000e+01 -1.575000000000000000e+01 -1.575000000000000000e+01 3.342306154836328230e-02 3.342306154836328924e-02 4.957708575972284704e-02 -7.877426355269929736e+00 -7.877426355269929736e+00 -7.877426355269929736e+00 5.359581370011546123e-03 5.359581370011541786e-03 4.323539948918098119e-03 -6.742095091736651113e+00 6.840180336855780641e-03
-1.550000000000000000e+01 -1.550000000000000000e+01 -1.550000000000000000e+01 3.430864921458907923e-02 3.430864921458907923e-02 4.996131852049325028e-02 -7.752387841694215354e+00 -7.752387841694215354e+00 -7.752387841694215354e+00 5.553920847124643387e-03 5.553920847124636448e-03 4.469392899648612534e-03 -6.617056578160935842e+00 7.104919070458487473e-03
-1.525000000000000000e+01 -1.525000000000000000e+01 -1.525000000000000000e+01 3.526076511880493758e-02 3.526076511880490982e-02 5.040724349232867524e-02 -7.627349328118502747e+00 -7.627349328118502747e+00 -7.627349328118502747e+00 5.757641762098216973e-03 5.757641762098204830e-03 4.622196014044751763e-03 -6.492018064585224124e+00 7.382945567513872834e-03
-1.500000000000000000e+01 -1.500000000000000000e+01 -1.500000000000000000e+01 3.627775137007652195e-02 3.627775137007651501e-02 5.087820009810813809e-02 -7.502310814542789252e+00 -7.502310814542789252e+00 -7.502310814542789252e+00 5.971278004245865814e-03 5.971278004245858008e-03 4.782309151845469571e-03 -6.366979551009510629e+00 7.675072645870212144e-03
-1.475000000000000000e+01 -1.475000000000000000e+01 -1.475000000000000000e+01 3.737238006832634823e-02 3.737238006832634823e-02 5.142235197125921697e-02 -7.377272300967076646e+00 -7.377272300967076646e+00 -7.377272300967076646e+00 6.195404235875149115e-03 6.195404235875133503e-03 4.950117986417617265e-03 -6.241941037433797135e+00 7.982173874907771624e-03
-1.450000000000000000e+01 -1.450000000000000000e+01 -1.450000000000000000e+01 3.854263652672869356e-02 3.854263652672870050e-02 5.199874382547913648e-02 -7.252233787391364039e+00 -7.252233787391364039e+00 -7.252233787391364039e+00 6.430637341541709309e-03 6.430637341541692829e-03 5.126038308198380307e-03 -6.116902523858085416e+00 8.305191409771522232e-03
-1.425000000000000000e+01 -1.425000000000000000e+01 -1.425000000000000000e+01 3.980392451184482094e-02 3.980392451184484176e-02 5.266227840983062763e-02 -7.127195273815649657e+00 -7.127195273815649657e+00 -7.127195273815649657e+00 6.677642166736448559e-03 6.677642166736432079e-03 5.310516003444551436e-03 -5.991864010282370145e+00 8.645139572034176573e-03
-1.400000000000000000e+01 -1.400000000000000000e+01 -1.400000000000000000e+01 4.115381725461299961e-02 4.115381725461302043e-02 5.336712733500420525e-02 -7.002156760239937050e+00 -7.002156760239937050e+00 -7.002156760239937050e+00 6.937133536120803842e-03 6.937133536120788230e-03 5.504032027453459493e-03 -5.866825496706658427e+00 9.003114100661383304e-03
-1.375000000000000000e+01 -1.375000000000000000e+01 -1.375000000000000000e+01 4.261096191138856459e-02 4.261096191138860623e-02 5.417613464141590729e-02 -6.877118246664223555e+00 -6.877118246664223555e+00 -6.877118246664223555e+00 7.209883008424235531e-03 7.209883008424220786e-03 5.707102688890007026e-03 -5.741786983130944932e+00 9.380296845533039191e-03
-1.350000000000000000e+01 -1.350000000000000000e+01 -1.350000000000000000e+01 4.417246072079115959e-02 4.417246072079113878e-02 5.503791764407315462e-02 -6.752079733088510949e+00 -6.752079733088510949e+00 -6.752079733088510949e+00 7.496721631515594619e-03 7.496721631515583344e-03 5.920285420721256402e-03 -5.616748469555231438e+00 9.777966754032241942e-03
-1.325000000000000000e+01 -1.325000000000000000e+01 -1.325000000000000000e+01 4.586098293587761304e-02 4.586098293587756447e-02 5.602475302103408772e-02 -6.627041219512798342e+00 -6.627041219512798342e+00 -6.627041219512798342e+00 7.798547941880642348e-03 7.798547941880626735e-03 6.144179473181183085e-03 -5.491709955979519719e+00 1.019750599159005219e-02
-1.300000000000000000e+01 -1.300000000000000000e+01 -1.300000000000000000e+01 4.767309970800048813e-02 4.767309970800048813e-02 5.707889983180704924e-02 -6.502002705937083959e+00 -6.502002705937083959e+00 -6.502002705937083959e+00 8.116331676218845742e-03 8.116331676218826660e-03 6.379432645607180548e-03 -5.366671442403804448e+00 1.064041307012075950e-02
-1.275000000000000000e+01 -1.275000000000000000e+01 -1.275000000000000000e+01 4.963650189884218772e-02 4.963650189884218078e-02 5.828393250401211340e-02 -6.376964192361371353e+00 -6.376964192361371353e+00 -6.376964192361371353e+00 8.451123309310724224e-03 8.451123309310698203e-03 6.626742525056928193e-03 -5.241632928828092730e+00 1.110831080255507246e-02
-1.250000000000000000e+01 -1.250000000000000000e+01 -1.250000000000000000e+01 5.174717290033999800e-02 5.174717290033997025e-02 5.957480124217592876e-02 -6.251925678785657858e+00 -6.251925678785657858e+00 -6.251925678785657858e+00 8.804059011095025436e-03 8.804059011095008089e-03 6.886864388261211729e-03 -5.116594415252379235e+00 1.160296209374805411e-02
-1.225000000000000000e+01 -1.225000000000000000e+01 -1.225000000000000000e+01 5.403911972995354557e-02 5.403911972995351781e-02 6.104873146679757473e-02 -6.126887165209944364e+00 -6.126887165209944364e+00 -6.126887165209944364e+00 9.176372103707045036e-03 9.176372103707017280e-03 7.160613168321029558e-03 -4.991555901676665741e+00 1.212628025883080544e-02
-1.200000000000000000e+01 -1.200000000000000000e+01 -1.200000000000000000e+01 5.650769299623473879e-02 5.650769299623469716e-02 6.263223903218032018e-02 -6.001848651634231757e+00 -6.001848651634231757e+00 -6.001848651634231757e+00 9.569399646376668470e-03 9.569399646376649388e-03 7.448872796806843208e-03 -4.866517388100952246e+00 1.268034814814728885e-02
-1.175000000000000000e+01 -1.175000000000000000e+01 -1.175000000000000000e+01 5.919490911336360711e-02 5.919490911336362793e-02 6.443919821796713354e-02 -5.876810138058518262e+00 -5.876810138058518262e+00 -5.876810138058518262e+00 9.984596309146279852e-03 9.984596309146264240e-03 7.752599142308897948e-03 -4.741478874525238751e+00 1.326743152300414140e-02
-1.150000000000000000e+01 -1.150000000000000000e+01 -1.150000000000000000e+01 6.209546678346380966e-02 6.209546678346380966e-02 6.638635726065340859e-02 -5.751771624482804768e+00 -5.751771624482804768e+00 -5.751771624482804768e+00 1.042354309497630152e-02 1.042354309497628591e-02 8.072831143971972295e-03 -4.616440360949525257e+00 1.389000238676949515e-02
-1.125000000000000000e+01 -1.125000000000000000e+01 -1.125000000000000000e+01 6.526163047192756750e-02 6.526163047192758138e-02 6.860809874092986538e-02 -5.626733110907092161e+00 -5.626733110907092161e+00 -5.626733110907092161e+00 1.088796428590094352e-02 1.088796428590093311e-02 8.410695049344375090e-03 -4.491401847373813538e+00 1.455075633136883317e-02
-1.100000000000000000e+01 -1.100000000000000000e+01 -1.100000000000000000e+01 6.868747807993250132e-02 6.868747807993248744e-02 7.100982510686087990e-02 -5.501694597331378667e+00 -5.501694597331378667e+00 -5.501694597331378667e+00 1.137973898621359378e-02 1.137973898621357643e-02 8.767417800385351317e-03 -4.366363333798100044e+00 1.525264121534378528e-02
-1.075000000000000000e+01 -1.075000000000000000e+01 -1.075000000000000000e+01 7.243851693358198396e-02 7.243851693358199784e-02 7.375145333221341803e-02 -5.376656083755666060e+00 -5.376656083755666060e+00 -5.376656083755666060e+00 1.190092201363164397e-02 1.190092201363164050e-02 9.144333013277128677e-03 -4.241324820222386549e+00 1.599887969156452497e-02
-1.050000000000000000e+01 -1.050000000000000000e+01 -1.050000000000000000e+01 7.650832675190540055e-02 7.650832675190537280e-02 7.672517730195117791e-02 -5.251617570179952565e+00 -5.251617570179952565e+00 -5.251617570179952565e+00 1.245375918950034251e-02 1.245375918950034078e-02 9.542897227815811192e-03 -4.116286306646673054e+00 1.679300473587125656e-02
-1.025000000000000000e+01 -1.025000000000000000e+01 -1.025000000000000000e+01 8.097971627966310537e-02 8.097971627966314700e-02 8.012307680077354610e-02 -5.126579056604239071e+00 -5.126579056604239071e+00 -5.126579056604239071e+00 1.304071334791216154e-02 1.304071334791216848e-02 9.964698232043742859e-03 -3.991247793070960004e+00 1.763888897139720413e-02
-1.000000000000000000e+01 -1.000000000000000000e+01 -1.000000000000000000e+01 8.584605130277173091e-02 8.584605130277173091e-02 8.382195190165621368e-02 -5.001540543028525576e+00 -5.001540543028525576e+00 -5.001540543028525576e+00 1.366448463832587584e-02 1.366448463832587237e-02 1.041147499288736650e-02 -3.866209279495246509e+00 1.854078904572561276e-02
-9.750000000000000000e+00 -9.750000000000000000e+00 -9.750000000000000000e+00 9.121302120946753189e-02 9.121302120946755965e-02 8.805490873882489133e-02 -4.876502029452812970e+00 -4.876502029452812970e+00 -4.876502029452812970e+00 1.432804324668543114e-02 1.432804324668542767e-02 1.088512915347748626e-02 -3.741170765919533903e+00 1.950338392386845310e-02
-9.500000000000000000e+00 -9.500000000000000000e+00 -9.500000000000000000e+00 9.707434352070849759e-02 9.707434352070837269e-02 9.268081967823216250e-02 -4.751463515877100363e+00 -4.751463515877100363e+00 -4.751463515877100363e+00 1.503465645745083630e-02 1.503465645745082589e-02 1.138774975198196711e-02 -3.616132252343821296e+00 2.053183079166003011e-02
-9.250000000000000000e+00 -9.250000000000000000e+00 -9.250000000000000000e+00 1.035663801502366005e-01 1.035663801502366699e-01 9.798585217745146847e-02 -4.626425002301386868e+00 -4.626425002301386868e+00 -4.626425002301386868e+00 1.578793027864409254e-02 1.578793027864407172e-02 1.192162903888195451e-02 -3.491093738768107801e+00 2.163181526187978737e-02
-9.000000000000000000e+00 -9.000000000000000000e+00 -9.000000000000000000e+00 1.106842541920756984e-01 1.106842541920757261e-01 1.038080746578138591e-01 -4.501386488725673374e+00 -4.501386488725673374e+00 -4.501386488725673374e+00 1.659184570218735083e-02 1.659184570218733695e-02 1.248929349963817312e-02 -3.366055225192394307e+00 2.280962242614156116e-02
-8.750000000000000000e+00 -8.750000000000000000e+00 -8.750000000000000000e+00 1.186060752574116944e-01 1.186060752574116667e-01 1.105033363729934076e-01 -4.376347975149959879e+00 -4.376347975149959879e+00 -4.376347975149959879e+00 1.745081228533236148e-02 1.745081228533235454e-02 1.309352559763520690e-02 -3.241016711616680812e+00 2.407220300166342669e-02
-8.500000000000000000e+00 -8.500000000000000000e+00 -8.500000000000000000e+00 1.273302759456956257e-01 1.273302759456956257e-01 1.178857646239797330e-01 -4.251309461574247273e+00 -4.251309461574247273e+00 -4.251309461574247273e+00 1.836971705584742806e-02 1.836971705584740724e-02 1.373740320130107696e-02 -3.115978198040968206e+00 2.542726448100456407e-02
-8.250000000000000000e+00 -8.250000000000000000e+00 -8.250000000000000000e+00 1.370927682166589723e-01 1.370927682166590278e-01 1.264042810371603653e-01 -4.126270947998534666e+00 -4.126270947998534666e+00 -4.126270947998534666e+00 1.935399435916093300e-02 1.935399435916091218e-02 1.442432952416828652e-02 -2.990939684465255599e+00 2.688335878283870661e-02
-8.000000000000000000e+00 -8.000000000000000000e+00 -8.000000000000000000e+00 1.478986932145634203e-01 1.478986932145634203e-01 1.358459170863027254e-01 -4.001232434422821171e+00 -4.001232434422821171e+00 -4.001232434422821171e+00 2.040969234426294118e-02 2.040969234426293424e-02 1.515808390521121429e-02 -2.865901170889542104e+00 2.845000033663564951e-02
-7.750000000000000000e+00 -7.750000000000000000e+00 -7.750000000000000000e+00 1.600655585248266233e-01 1.600655585248267343e-01 1.467862890386979757e-01 -3.876193920847107677e+00 -3.876193920847107677e+00 -3.876193920847107677e+00 2.154356525102442410e-02 2.154356525102440328e-02 1.594286319603119631e-02 -2.740862657313828610e+00 3.013778300656864625e-02
-7.500000000000000000e+00 -7.500000000000000000e+00 -7.500000000000000000e+00 1.736112827439315887e-01 1.736112827439314221e-01 1.589827440588923446e-01 -3.751155407271394626e+00 -3.751155407271394626e+00 -3.751155407271394626e+00 2.276316464959664970e-02 2.276316464959663929e-02 1.678334808932912051e-02 -2.615824143738115559e+00 3.195853467022067435e-02
-7.250000000000000000e+00 -7.250000000000000000e+00 -7.250000000000000000e+00 1.889711237582326342e-01 1.889711237582326897e-01 1.731870903590131683e-01 -3.626116893695682020e+00 -3.626116893695682020e+00 -3.626116893695682020e+00 2.407696315814771351e-02 2.407696315814771004e-02 1.768476065995740892e-02 -2.490785630162402953e+00 3.392547439754893535e-02
-7.000000000000000000e+00 -7.000000000000000000e+00 -7.000000000000000000e+00 2.061867116505752828e-01 2.061867116505753383e-01 1.891262647280997078e-01 -3.501078380119968525e+00 -3.501078380119968525e+00 -3.501078380119968525e+00 2.549448102778427774e-02 2.549448102778427080e-02 1.865295229275910904e-02 -2.365747116586689458e+00 3.605341706713796612e-02
-6.750000000000000000e+00 -6.750000000000000000e+00 -6.750000000000000000e+00 2.258675770760128765e-01 2.258675770760129875e-01 2.078031411705083820e-01 -3.376039866544255474e+00 -3.376039866544255474e+00 -3.376039866544255474e+00 2.702645461245285416e-02 2.702645461245283681e-02 1.969448428187520195e-02 -2.240708603010976407e+00 3.835898653497276517e-02
-6.500000000000000000e+00 -6.500000000000000000e+00 -6.500000000000000000e+00 2.480990877051064136e-01 2.480990877051064136e-01 2.289181869127846491e-01 -3.251001352968541980e+00 -3.251001352968541980e+00 -3.251001352968541980e+00 2.868501421986192554e-02 2.868501421986192207e-02 2.081674621474175618e-02 -2.115670089435262913e+00 4.086088976074470774e-02
-6.250000000000000000e+00 -6.250000000000000000e+00 -6.250000000000000000e+00 2.737563323326196452e-01 2.737563323326197007e-01 2.538421889915178919e-01 -3.125962839392828929e+00 -3.125962839392828929e+00 -3.125962839392828929e+00 3.048391745813492509e-02 3.048391745813490428e-02 2.202806989744392208e-02 -1.990631575859549862e+00 4.358020885103613268e-02
-6.000000000000000000e+00 -6.000000000000000000e+00 -6.000000000000000000e+00 3.030059599524216329e-01 3.030059599524216329e-01 2.822638243860830509e-01 -3.000924325817115879e+00 -3.000924325817115879e+00 -3.000924325817115879e+00 3.243880275901859372e-02 3.243880275901859372e-02 2.333789135985590846e-02 -1.865593062283836812e+00 4.654077314391046050e-02
-5.750000000000000000e+00 -5.750000000000000000e+00 -5.750000000000000000e+00 3.371416665399918355e-01 3.371416665399920021e-01 3.161108583229536029e-01 -2.875885812241402384e+00 -2.875885812241402384e+00 -2.875885812241402384e+00 3.456751866515062749e-02 3.456751866515064137e-02 2.475691360880698244e-02 -1.740554548708123317e+00 4.976956394894894303e-02
-5.500000000000000000e+00 -5.500000000000000000e+00 -5.500000000000000000e+00 3.764839210908721978e-01 3.764839210908723088e-01 3.550989823862746309e-01 -2.750847298665689333e+00 -2.750847298665689333e+00 -2.750847298665689333e+00 3.689049129289530271e-02 3.689049129289529577e-02 2.629733216339616431e-02 -1.615516035132410266e+00 5.329722684550478734e-02
-5.250000000000000000e+00 -5.250000000000000000e+00 -5.250000000000000000e+00 4.230129795032900319e-01 4.230129795032900319e-01 4.020321102311160688e-01 -2.625808785089976283e+00 -2.625808785089976283e+00 -2.625808785089976283e+00 3.943119872100584594e-02 3.943119872100586676e-02 2.797307046332036737e-02 -1.490477521556697216e+00 5.715863989972178733e-02
-5.000000000000000000e+00 -5.000000000000000000e+00 -5.000000000000000000e+00 4.773486172215112844e-01 4.773486172215112844e-01 4.567463612214711088e-01 -2.500770271514262788e+00 -2.500770271514262788e+00 -2.500770271514262788e+00 4.221671403527677002e-02 4.221671403527678390e-02 2.980009969090853528e-02 -1.365439007980983721e+00 6.139362986101821323e-02
-4.750000000000000000e+00 -4.750000000000000000e+00 -4.750000000000000000e+00 5.426509901344728215e-01 5.426509901344724884e-01 5.234883877497807925e-01 -2.375731757938550182e+00 -2.375731757938550182e+00 -2.375731757938550182e+00 4.527840505691843598e-02 4.527840505691847067e-02 3.179678436570076289e-02 -1.240400494405271115e+00 6.604778092427140979e-02
-4.500000000000000000e+00 -4.500000000000000000e+00 -4.500000000000000000e+00 6.201444967047580192e-01 6.201444967047585743e-01 6.024353432619907744e-01 -2.250693244362836687e+00 -2.250693244362836687e+00 -2.250693244362836687e+00 4.865275582762308704e-02 4.865275582762308010e-02 3.398434546003669537e-02 -1.115361980829557620e+00 7.117345125990659493e-02
-4.250000000000000000e+00 -4.250000000000000000e+00 -4.250000000000000000e+00 7.151325538256438907e-01 7.151325538256444458e-01 7.003448061658293922e-01 -2.125654730787123636e+00 -2.125654730787123636e+00 -2.125654730787123636e+00 5.238242830919681570e-02 5.238242830919684345e-02 3.638737766764186393e-02 -9.903234672538445693e-01 7.683093833932638783e-02
-4.000000000000000000e+00 -4.000000000000000000e+00 -4.000000000000000000e+00 8.301207508218262365e-01 8.301207508218263476e-01 8.182656991599882579e-01 -2.000616217211410586e+00 -2.000616217211410586e+00 -2.000616217211410586e+00 5.651754306063979522e-02 5.651754306063982991e-02 3.903453810644907235e-02 -8.652849536781315187e-01 8.308993745242790330e-02
-3.750000000000000000e+00 -3.750000000000000000e+00 -3.750000000000000000e+00 9.745717127921951217e-01 9.745717127921957879e-01 9.676317065609646439e-01 -1.875577703635697313e+00 -1.875577703635697313e+00 -1.875577703635697313e+00 6.111735134018503324e-02 6.111735134018508181e-02 4.195934337739147535e-02 -7.402464401024182461e-01 9.003122531969903752e-02
-3.500000000000000000e+00 -3.500000000000000000e+00 -3.500000000000000000e+00 1.153872527686937488e+00 1.153872527686938154e+00 1.151698407875580754e+00 -1.750539190059984263e+00 -1.750539190059984263e+00 -1.750539190059984263e+00 6.625232049443897930e-02 6.625232049443902094e-02 4.520123582437930720e-02 -6.152079265267051955e-01 9.774873556349454595e-02
-3.250000000000000000e+00 -3.250000000000000000e+00 -3.250000000000000000e+00 1.386224076163074193e+00 1.386224076163074859e+00 1.391365474906850253e+00 -1.625500676484270990e+00 -1.625500676484270990e+00 -1.625500676484270990e+00 7.200692025214112946e-02 7.200692025214118497e-02 4.880687600289345535e-02 -4.901694129509919229e-01 1.063519041838274226e-01
-3.000000000000000000e+00 -3.000000000000000000e+00 -3.000000000000000000e+00 1.683989612245641254e+00 1.683989612245642364e+00 1.695682904852163997e+00 -1.500462162908557939e+00 -1.500462162908557939e+00 -1.500462162908557939e+00 7.848327257259125889e-02 7.848327257259125889e-02 5.283191602357145689e-02 -3.651308993752788723e-01 1.159683749612378939e-01
-2.750000000000000000e+00 -2.750000000000000000e+00 -2.750000000000000000e+00 2.085584026727960616e+00 2.085584026727961060e+00 2.106792990173409486e+00 -1.375423649332844667e+00 -1.375423649332844667e+00 -1.375423649332844667e+00 8.580627068624940845e-02 8.580627068624942233e-02 5.734331030347347702e-02 -2.400923857995655997e-01 1.267466077992102369e-01
-2.500000000000000000e+00 -2.500000000000000000e+00 -2.500000000000000000e+00 2.621877483765329586e+00 2.621877483765330030e+00 2.650069190798383545e+00 -1.250385135757131394e+00 -1.250385135757131394e+00 -1.250385135757131394e+00 9.413086381206867137e-02 9.413086381206872688e-02 6.242269254638378728e-02 -1.150538722238523270e-01 1.388577154001822411e-01
-2.250000000000000000e+00 -2.250000000000000000e+00 -2.250000000000000000e+00 3.383943129381342896e+00 3.383943129381343340e+00 3.421814046480793348e+00 -1.125346622181418343e+00 -1.125346622181418343e+00 -1.125346622181418343e+00 1.036533102515249799e-01 1.036533102515250077e-01 6.817133518055637498e-02 9.984641351860723546e-03 1.524939219607941987e-01
-2.000000000000000000e+00 -2.000000000000000000e+00 -2.000000000000000000e+00 4.457768744490907764e+00 4.457768744490906876e+00 4.498328805541725650e+00 -1.000308108605705293e+00 -1.000308108605705293e+00 -1.000308108605705293e+00 1.146296753449846245e-01 1.146296753449846523e-01 7.471836107623523737e-02 1.350231549275737741e-01 1.678574285485620043e-01
-1.750000000000000000e+00 -1.750000000000000000e+00 -1.750000000000000000e+00 6.094084655979631115e+00 6.094084655979629339e+00 6.138082646172551726e+00 -8.752695950299921313e-01 -8.752695950299921313e-01 -8.752695950299921313e-01 1.274097344960812561e-01 1.274097344960813116e-01 8.223542186062138271e-02 2.600616685032869357e-01 1.851218087860930228e-01
-1.500000000000000000e+00 -1.500000000000000000e+00 -1.500000000000000000e+00 8.570183834769052211e+00 8.570183834769048659e+00 8.600532328683762273e+00 -7.502310814542789696e-01 -7.502310814542789696e-01 -7.502310814542789696e-01 1.425031953613799252e-01 1.425031953613799529e-01 9.096748963406713073e-02 3.851001820790000973e-01 2.043166868177272444e-01
-1.250000000000000000e+00 -1.250000000000000000e+00 -1.250000000000000000e+00 1.273348031789237744e+01 1.273348031789237744e+01 1.274661495797246857e+01 -6.251925678785656970e-01 -6.251925678785656970e-01 -6.251925678785656970e-01 1.606938179203189487e-01 1.606938179203189765e-01 1.013074293099905931e-01 5.101386956547133700e-01 2.249957291563177419e-01
-1.000000000000000000e+00 -1.000000000000000000e+00 -1.000000000000000000e+00 1.969197787844223058e+01 1.969197787844223058e+01 1.965089390043351258e+01 -5.001540543028526464e-01 -5.001540543028526464e-01 -5.001540543028526464e-01 1.830863134541402815e-01 1.830863134541404202e-01 1.139864829178217215e-01 6.351772092304264206e-01 2.453930263907436460e-01
-7.500000000000000000e-01 -7.500000000000000000e-01 -7.500000000000000000e-01 3.342974986031467211e+01 3.342974986031467921e+01 3.333077017177579648e+01 -3.751155407271394848e-01 -3.751155407271394848e-01 -3.751155407271394848e-01 2.104673202289982781e-01 2.104673202289983336e-01 1.304537733527161014e-01 7.602157228061395822e-01 2.610180241367481280e-01
-5.000000000000000000e-01 -5.000000000000000000e-01 -5.000000000000000000e-01 6.048708864849538713e+01 6.048708864849538003e+01 6.026312246289705854e+01 -2.500770271514263232e-01 -2.500770271514263232e-01 -2.500770271514263232e-01 2.409552508142804583e-01 2.409552508142804861e-01 1.530776220678237154e-01 8.852542363818527438e-01 2.644432577231306536e-01
-2.500000000000000000e-01 -2.500000000000000000e-01 -2.500000000000000000e-01 1.434946358741494237e+02 1.434946358741494805e+02 1.432063090687061901e+02 -1.250385135757131616e-01 -1.250385135757131616e-01 -1.250385135757131616e-01 2.670552376434999764e-01 2.670552376435000319e-01 1.836375618898195561e-01 1.010292749957566016e+00 2.496740494442067082e-01
0.000000000000000000e+00 0.000000000000000000e+00 0.000000000000000000e+00 3.692377583722912959e+02 3.692377583722912391e+02 3.687953490872664588e+02 0.000000000000000000e+00 0.000000000000000000e+00 0.000000000000000000e+00 2.776450445719800819e-01 2.776450445719799709e-01 2.191560436255454991e-01 1.135331263533279067e+00 2.191560436255454991e-01
2.500000000000000000e-01 2.500000000000000000e-01 2.500000000000000000e-01 1.434946358741495089e+02 1.434946358741495374e+02 1.432063090687062754e+02 1.250385135757131616e-01 1.250385135757131616e-01 1.250385135757131616e-01 2.670552376434999209e-01 2.670552376435000319e-01 2.496740494442067082e-01 1.260369777108992118e+00 1.836375618898195561e-01
5.000000000000000000e-01 5.000000000000000000e-01 5.000000000000000000e-01 6.048708864849550082e+01 6.048708864849550793e+01 6.026312246289718644e+01 2.500770271514263232e-01 2.500770271514263232e-01 2.500770271514263232e-01 2.409552508142803195e-01 2.409552508142803751e-01 2.644432577231306536e-01 1.385408290684705390e+00 1.530776220678237154e-01
7.500000000000000000e-01 7.500000000000000000e-01 7.500000000000000000e-01 3.342974986031467211e+01 3.342974986031467921e+01 3.333077017177579648e+01 3.751155407271394848e-01 3.751155407271394848e-01 3.751155407271394848e-01 2.104673202289982226e-01 2.104673202289983336e-01 2.610180241367481280e-01 1.510446804260418663e+00 1.304537733527161014e-01
1.000000000000000000e+00 1.000000000000000000e+00 1.000000000000000000e+00 1.969197787844229808e+01 1.969197787844229097e+01 1.965089390043358009e+01 5.001540543028526464e-01 5.001540543028526464e-01 5.001540543028526464e-01 1.830863134541400872e-01 1.830863134541401704e-01 2.453930263907436460e-01 1.635485317836131713e+00 1.139864829178217215e-01
1.250000000000000000e+00 1.250000000000000000e+00 1.250000000000000000e+00 1.273348031789242185e+01 1.273348031789241830e+01 1.274661495797250765e+01 6.251925678785656970e-01 6.251925678785656970e-01 6.251925678785656970e-01 1.606938179203187544e-01 1.606938179203187822e-01 2.249957291563177419e-01 1.760523831411844764e+00 1.013074293099905931e-01
1.500000000000000000e+00 1.500000000000000000e+00 1.500000000000000000e+00 8.570183834769052211e+00 8.570183834769048659e+00 8.600532328683762273e+00 7.502310814542789696e-01 7.502310814542789696e-01 7.502310814542789696e-01 1.425031953613798974e-01 1.425031953613798974e-01 2.043166868177272444e-01 1.885562344987558037e+00 9.096748963406713073e-02
1.750000000000000000e+00 1.750000000000000000e+00 1.750000000000000000e+00 6.094084655979658649e+00 6.094084655979655096e+00 6.138082646172566825e+00 8.752695950299921313e-01 8.752695950299921313e-01 8.752695950299921313e-01 1.274097344960813949e-01 1.274097344960814226e-01 1.851218087860930228e-01 2.010600858563271309e+00 8.223542186062138271e-02
2.000000000000000000e+00 2.000000000000000000e+00 2.000000000000000000e+00 4.457768744490923751e+00 4.457768744490923751e+00 4.498328805541735420e+00 1.000308108605705293e+00 1.000308108605705293e+00 1.000308108605705293e+00 1.146296753449847633e-01 1.146296753449847911e-01 1.678574285485620043e-01 2.135639372138984360e+00 7.471836107623523737e-02
2.250000000000000000e+00 2.250000000000000000e+00 2.250000000000000000e+00 3.383943129381342896e+00 3.383943129381343340e+00 3.421814046480792904e+00 1.125346622181418343e+00 1.125346622181418343e+00 1.125346622181418343e+00 1.036533102515249660e-01 1.036533102515249938e-01 1.524939219607941987e-01 2.260677885714697410e+00 6.817133518055637498e-02
2.500000000000000000e+00 2.500000000000000000e+00 2.500000000000000000e+00 2.621877483765342909e+00 2.621877483765344241e+00 2.650069190798392427e+00 1.250385135757131394e+00 1.250385135757131394e+00 1.250385135757131394e+00 9.413086381206842157e-02 9.413086381206846320e-02 1.388577154001822411e-01 2.385716399290410461e+00 6.242269254638378728e-02
2.750000000000000000e+00 2.750000000000000000e+00 2.750000000000000000e+00 2.085584026727968165e+00 2.085584026727969498e+00 2.106792990173412594e+00 1.375423649332844667e+00 1.375423649332844667e+00 1.375423649332844667e+00 8.580627068624917253e-02 8.580627068624917253e-02 1.267466077992102369e-01 2.510754912866123512e+00 5.734331030347347702e-02
3.000000000000000000e+00 3.000000000000000000e+00 3.000000000000000000e+00 1.683989612245641254e+00 1.683989612245642364e+00 1.695682904852163997e+00 1.500462162908557939e+00 1.500462162908557939e+00 1.500462162908557939e+00 7.848327257259123113e-02 7.848327257259123113e-02 1.159683749612378939e-01 2.635793426441837006e+00 5.283191602357145689e-02
3.250000000000000000e+00 3.250000000000000000e+00 3.250000000000000000e+00 1.386224076163082630e+00 1.386224076163083518e+00 1.391365474906852473e+00 1.625500676484270990e+00 1.625500676484270990e+00 1.625500676484270990e+00 7.200692025214135150e-02 7.200692025214140701e-02 1.063519041838274226e-01 2.760831940017550057e+00 4.880687600289345535e-02
3.500000000000000000e+00 3.500000000000000000e+00 3.500000000000000000e+00 1.153872527686942595e+00 1.153872527686942595e+00 1.151698407875582530e+00 1.750539190059984263e+00 1.750539190059984263e+00 1.750539190059984263e+00 6.625232049443920135e-02 6.625232049443921523e-02 9.774873556349454595e-02 2.885870453593263107e+00 4.520123582437930720e-02
3.750000000000000000e+00 3.750000000000000000e+00 3.750000000000000000e+00 9.745717127921951217e-01 9.745717127921957879e-01 9.676317065609644219e-01 1.875577703635697313e+00 1.875577703635697313e+00 1.875577703635697313e+00 6.111735134018501242e-02 6.111735134018504711e-02 9.003122531969903752e-02 3.010908967168976602e+00 4.195934337739147535e-02
4.000000000000000000e+00 4.000000000000000000e+00 4.000000000000000000e+00 8.301207508218305664e-01 8.301207508218310105e-01 8.182656991599908114e-01 2.000616217211410586e+00 2.000616217211410586e+00 2.000616217211410586e+00 5.651754306063959399e-02 5.651754306063964950e-02 8.308993745242790330e-02 3.135947480744689653e+00 3.903453810644907235e-02
4.250000000000000000e+00 4.250000000000000000e+00 4.250000000000000000e+00 7.151325538256467773e-01 7.151325538256471104e-01 7.003448061658303914e-01 2.125654730787123636e+00 2.125654730787123636e+00 2.125654730787123636e+00 5.238242830919662141e-02 5.238242830919664222e-02 7.683093833932638783e-02 3.260985994320402703e+00 3.638737766764186393e-02
4.500000000000000000e+00 4.500000000000000000e+00 4.500000000000000000e+00 6.201444967047580192e-01 6.201444967047585743e-01 6.024353432619904414e-01 2.250693244362836687e+00 2.250693244362836687e+00 2.250693244362836687e+00 4.865275582762308010e-02 4.865275582762305928e-02 7.117345125990659493e-02 3.386024507896115754e+00 3.398434546003669537e-02
4.750000000000000000e+00 4.750000000000000000e+00 4.750000000000000000e+00 5.426509901344757081e-01 5.426509901344755971e-01 5.234883877497811255e-01 2.375731757938550182e+00 2.375731757938550182e+00 2.375731757938550182e+00 4.527840505691863027e-02 4.527840505691865802e-02 6.604778092427140979e-02 3.511063021471829249e+00 3.179678436570076289e-02
5.000000000000000000e+00 5.000000000000000000e+00 5.000000000000000000e+00 4.773486172215128942e-01 4.773486172215130607e-01 4.567463612214714974e-01 2.500770271514262788e+00 2.500770271514262788e+00 2.500770271514262788e+00 4.221671403527697125e-02 4.221671403527696431e-02 6.139362986101821323e-02 3.636101535047541855e+00 2.980009969090853528e-02
5.250000000000000000e+00 5.250000000000000000e+00 5.250000000000000000e+00 4.230129795032900319e-01 4.230129795032900319e-01 4.020321102311160688e-01 2.625808785089976283e+00 2.625808785089976283e+00 2.625808785089976283e+00 3.943119872100583900e-02 3.943119872100583900e-02 5.715863989972178733e-02 3.761140048623255350e+00 2.797307046332036737e-02
5.500000000000000000e+00 5.500000000000000000e+00 5.500000000000000000e+00 3.764839210908745293e-01 3.764839210908746958e-01 3.550989823862754635e-01 2.750847298665689333e+00 2.750847298665689333e+00 2.750847298665689333e+00 3.689049129289510148e-02 3.689049129289508760e-02 5.329722684550478734e-02 3.886178562198968400e+00 2.629733216339616431e-02
5.750000000000000000e+00 5.750000000000000000e+00 5.750000000000000000e+00 3.371416665399933899e-01 3.371416665399933899e-01 3.161108583229539915e-01 2.875885812241402384e+00 2.875885812241402384e+00 2.875885812241402384e+00 3.456751866515043320e-02 3.456751866515043320e-02 4.976956394894894303e-02 4.011217075774681007e+00 2.475691360880698244e-02
6.000000000000000000e+00 6.000000000000000000e+00 6.000000000000000000e+00 3.030059599524216329e-01 3.030059599524216329e-01 2.822638243860831064e-01 3.000924325817115879e+00 3.000924325817115879e+00 3.000924325817115879e+00 3.243880275901858679e-02 3.243880275901858679e-02 4.654077314391046050e-02 4.136255589350394501e+00 2.333789135985590846e-02
6.250000000000000000e+00 6.250000000000000000e+00 6.250000000000000000e+00 2.737563323326214770e-01 2.737563323326214215e-01 2.538421889915183915e-01 3.125962839392828929e+00 3.125962839392828929e+00 3.125962839392828929e+00 3.048391745813512285e-02 3.048391745813510550e-02 4.358020885103613268e-02 4.261294102926107996e+00 2.202806989744392208e-02
6.500000000000000000e+00 6.500000000000000000e+00 6.500000000000000000e+00 2.480990877051076071e-01 2.480990877051076071e-01 2.289181869127849545e-01 3.251001352968541980e+00 3.251001352968541980e+00 3.251001352968541980e+00 2.868501421986212677e-02 2.868501421986211289e-02 4.086088976074470774e-02 4.386332616501821491e+00 2.081674621474175618e-02
6.750000000000000000e+00 6.750000000000000000e+00 6.750000000000000000e+00 2.258675770760128765e-01 2.258675770760129597e-01 2.078031411705083820e-01 3.376039866544255474e+00 3.376039866544255474e+00 3.376039866544255474e+00 2.702645461245284028e-02 2.702645461245282987e-02 3.835898653497276517e-02 4.511371130077534986e+00 1.969448428187520195e-02
7.000000000000000000e+00 7.000000000000000000e+00 7.000000000000000000e+00 2.061867116505765873e-01 2.061867116505765318e-01 1.891262647280998466e-01 3.501078380119968525e+00 3.501078380119968525e+00 3.501078380119968525e+00 2.549448102778408345e-02 2.549448102778409733e-02 3.605341706713796612e-02 4.636409643653247592e+00 1.865295229275910904e-02
7.250000000000000000e+00 7.250000000000000000e+00 7.250000000000000000e+00 1.889711237582335224e-01 1.889711237582334946e-01 1.731870903590135291e-01 3.626116893695682020e+00 3.626116893695682020e+00 3.626116893695682020e+00 2.407696315814751575e-02 2.407696315814750535e-02 3.392547439754893535e-02 4.761448157228961087e+00 1.768476065995740892e-02
7.500000000000000000e+00 7.500000000000000000e+00 7.500000000000000000e+00 1.736112827439315887e-01 1.736112827439314776e-01 1.589827440588923446e-01 3.751155407271394626e+00 3.751155407271394626e+00 3.751155407271394626e+00 2.276316464959663929e-02 2.276316464959662542e-02 3.195853467022067435e-02 4.886486670804673693e+00 1.678334808932912051e-02
7.750000000000000000e+00 7.750000000000000000e+00 7.750000000000000000e+00 1.600655585248276502e-01 1.600655585248276502e-01 1.467862890386979480e-01 3.876193920847107677e+00 3.876193920847107677e+00 3.876193920847107677e+00 2.154356525102460451e-02 2.154356525102459063e-02 3.013778300656864625e-02 5.011525184380387188e+00 1.594286319603119631e-02
8.000000000000000000e+00 8.000000000000000000e+00 8.000000000000000000e+00 1.478986932145640865e-01 1.478986932145641697e-01 1.358459170863026144e-01 4.001232434422821171e+00 4.001232434422821171e+00 4.001232434422821171e+00 2.040969234426312159e-02 2.040969234426310078e-02 2.845000033663564951e-02 5.136563697956100683e+00 1.515808390521121429e-02
8.250000000000000000e+00 8.250000000000000000e+00 8.250000000000000000e+00 1.370927682166589723e-01 1.370927682166590278e-01 1.264042810371603653e-01 4.126270947998534666e+00 4.126270947998534666e+00 4.126270947998534666e+00 1.935399435916092259e-02 1.935399435916090524e-02 2.688335878283870661e-02 5.261602211531814177e+00 1.442432952416828652e-02
8.500000000000000000e+00 8.500000000000000000e+00 8.500000000000000000e+00 1.273302759456963473e-01 1.273302759456963473e-01 1.178857646239797330e-01 4.251309461574247273e+00 4.251309461574247273e+00 4.251309461574247273e+00 1.836971705584720602e-02 1.836971705584718173e-02 2.542726448100456407e-02 5.386640725107525896e+00 1.373740320130107696e-02
8.750000000000000000e+00 8.750000000000000000e+00 8.750000000000000000e+00 1.186060752574120830e-01 1.186060752574121246e-01 1.105033363729937823e-01 4.376347975149959879e+00 4.376347975149959879e+00 4.376347975149959879e+00 1.745081228533212903e-02 1.745081228533210127e-02 2.407220300166342669e-02 5.511679238683239390e+00 1.309352559763520690e-02
9.000000000000000000e+00 9.000000000000000000e+00 9.000000000000000000e+00 1.106842541920756984e-01 1.106842541920757261e-01 1.038080746578138314e-01 4.501386488725673374e+00 4.501386488725673374e+00 4.501386488725673374e+00 1.659184570218733348e-02 1.659184570218731267e-02 2.280962242614156116e-02 5.636717752258952885e+00 1.248929349963817312e-02
9.250000000000000000e+00 9.250000000000000000e+00 9.250000000000000000e+00 1.035663801502373083e-01 1.035663801502374470e-01 9.798585217745131581e-02 4.626425002301386868e+00 4.626425002301386868e+00 4.626425002301386868e+00 1.578793027864429724e-02 1.578793027864426948e-02 2.163181526187978737e-02 5.761756265834666380e+00 1.192162903888195451e-02
9.500000000000000000e+00 9.500000000000000000e+00 9.500000000000000000e+00 9.707434352070895556e-02 9.707434352070888617e-02 9.268081967823209311e-02 4.751463515877100363e+00 4.751463515877100363e+00 4.751463515877100363e+00 1.503465645745102712e-02 1.503465645745101324e-02 2.053183079166003011e-02 5.886794779410379874e+00 1.138774975198196711e-02
9.750000000000000000e+00 9.750000000000000000e+00 9.750000000000000000e+00 9.121302120946753189e-02 9.121302120946755965e-02 8.805490873882487746e-02 4.876502029452812970e+00 4.876502029452812970e+00 4.876502029452812970e+00 1.432804324668541379e-02 1.432804324668541032e-02 1.950338392386845310e-02 6.011833292986091593e+00 1.088512915347748626e-02
1.000000000000000000e+01 1.000000000000000000e+01 1.000000000000000000e+01 8.584605130277231377e-02 8.584605130277229990e-02 8.382195190165621368e-02 5.001540543028525576e+00 5.001540543028525576e+00 5.001540543028525576e+00 1.366448463832569023e-02 1.366448463832567982e-02 1.854078904572561276e-02 6.136871806561805087e+00 1.041147499288736650e-02
1.025000000000000000e+01 1.025000000000000000e+01 1.025000000000000000e+01 8.097971627966348007e-02 8.097971627966350783e-02 8.012307680077367100e-02 5.126579056604239071e+00 5.126579056604239071e+00 5.126579056604239071e+00 1.304071334791198113e-02 1.304071334791197245e-02 1.763888897139720413e-02 6.261910320137518582e+00 9.964698232043742859e-03
1.050000000000000000e+01 1.050000000000000000e+01 1.050000000000000000e+01 7.650832675190540055e-02 7.650832675190537280e-02 7.672517730195117791e-02 5.251617570179952565e+00 5.251617570179952565e+00 5.251617570179952565e+00 1.245375918950032863e-02 1.245375918950032690e-02 1.679300473587125656e-02 6.386948833713232077e+00 9.542897227815811192e-03
1.075000000000000000e+01 1.075000000000000000e+01 1.075000000000000000e+01 7.243851693358245580e-02 7.243851693358244193e-02 7.375145333221336252e-02 5.376656083755666060e+00 5.376656083755666060e+00 5.376656083755666060e+00 1.190092201363181224e-02 1.190092201363180183e-02 1.599887969156452497e-02 6.511987347288945571e+00 9.144333013277128677e-03
1.100000000000000000e+01 1.100000000000000000e+01 1.100000000000000000e+01 6.868747807993276500e-02 6.868747807993276500e-02 7.100982510686081051e-02 5.501694597331378667e+00 5.501694597331378667e+00 5.501694597331378667e+00 1.137973898621375338e-02 1.137973898621373256e-02 1.525264121534378528e-02 6.637025860864657290e+00 8.767417800385351317e-03
1.125000000000000000e+01 1.125000000000000000e+01 1.125000000000000000e+01 6.526163047192756750e-02 6.526163047192759525e-02 6.860809874092986538e-02 5.626733110907092161e+00 5.626733110907092161e+00 5.626733110907092161e+00 1.088796428590092617e-02 1.088796428590091923e-02 1.455075633136883317e-02 6.762064374440370784e+00 8.410695049344375090e-03
1.150000000000000000e+01 1.150000000000000000e+01 1.150000000000000000e+01 6.209546678346414966e-02 6.209546678346412885e-02 6.638635726065331144e-02 5.751771624482804768e+00 5.751771624482804768e+00 5.751771624482804768e+00 1.042354309497612978e-02 1.042354309497611417e-02 1.389000238676949515e-02 6.887102888016084279e+00 8.072831143971972295e-03
1.175000000000000000e+01 1.175000000000000000e+01 1.175000000000000000e+01 5.919490911336378752e-02 5.919490911336384303e-02 6.443919821796716130e-02 5.876810138058518262e+00 5.876810138058518262e+00 5.876810138058518262e+00 9.984596309146104645e-03 9.984596309146080359e-03 1.326743152300414140e-02 7.012141401591797774e+00 7.752599142308897948e-03
1.200000000000000000e+01 1.200000000000000000e+01 1.200000000000000000e+01 5.650769299623473879e-02 5.650769299623469716e-02 6.263223903218032018e-02 6.001848651634231757e+00 6.001848651634231757e+00 6.001848651634231757e+00 9.569399646376647653e-03 9.569399646376632040e-03 1.268034814814728885e-02 7.137179915167511268e+00 7.448872796806843208e-03
1.225000000000000000e+01 1.225000000000000000e+01 1.225000000000000000e+01 5.403911972995394802e-02 5.403911972995392027e-02 6.104873146679772045e-02 6.126887165209944364e+00 6.126887165209944364e+00 6.126887165209944364e+00 9.176372103707215039e-03 9.176372103707197692e-03 1.212628025883080544e-02 7.262218428743222987e+00 7.160613168321029558e-03
1.250000000000000000e+01 1.250000000000000000e+01 1.250000000000000000e+01 5.174717290034019229e-02 5.174717290034020617e-02 5.957480124217603284e-02 6.251925678785657858e+00 6.251925678785657858e+00 6.251925678785657858e+00 8.804059011095183296e-03 8.804059011095162479e-03 1.160296209374805411e-02 7.387256942318936481e+00 6.886864388261211729e-03
1.275000000000000000e+01 1.275000000000000000e+01 1.275000000000000000e+01 4.963650189884218772e-02 4.963650189884218078e-02 5.828393250401212033e-02 6.376964192361371353e+00 6.376964192361371353e+00 6.376964192361371353e+00 8.451123309310699938e-03 8.451123309310670448e-03 1.110831080255507246e-02 7.512295455894649976e+00 6.626742525056928193e-03
1.300000000000000000e+01 1.300000000000000000e+01 1.300000000000000000e+01 4.767309970800076568e-02 4.767309970800075181e-02 5.707889983180688270e-02 6.502002705937083959e+00 6.502002705937083959e+00 6.502002705937083959e+00 8.116331676218684413e-03 8.116331676218667066e-03 1.064041307012075950e-02 7.637333969470363471e+00 6.379432645607180548e-03
1.325000000000000000e+01 1.325000000000000000e+01 1.325000000000000000e+01 4.586098293587780039e-02 4.586098293587774488e-02 5.602475302103394894e-02 6.627041219512798342e+00 6.627041219512798342e+00 6.627041219512798342e+00 7.798547941880475814e-03 7.798547941880464539e-03 1.019750599159005219e-02 7.762372483046076965e+00 6.144179473181183085e-03
1.350000000000000000e+01 1.350000000000000000e+01 1.350000000000000000e+01 4.417246072079115959e-02 4.417246072079113878e-02 5.503791764407314768e-02 6.752079733088510949e+00 6.752079733088510949e+00 6.752079733088510949e+00 7.496721631515564262e-03 7.496721631515552119e-03 9.777966754032241942e-03 7.887410996621790460e+00 5.920285420721256402e-03
1.375000000000000000e+01 1.375000000000000000e+01 1.375000000000000000e+01 4.261096191138871725e-02 4.261096191138873807e-02 5.417613464141578933e-02 6.877118246664223555e+00 6.877118246664223555e+00 6.877118246664223555e+00 7.209883008424364768e-03 7.209883008424343084e-03 9.380296845533039191e-03 8.012449510197502178e+00 5.707102688890007026e-03
1.400000000000000000e+01 1.400000000000000000e+01 1.400000000000000000e+01 4.115381725461306900e-02 4.115381725461306206e-02 5.336712733500425382e-02 7.002156760239937050e+00 7.002156760239937050e+00 7.002156760239937050e+00 6.937133536120921803e-03 6.937133536120907926e-03 9.003114100661383304e-03 8.137488023773215673e+00 5.504032027453459493e-03
1.425000000000000000e+01 1.425000000000000000e+01 1.425000000000000000e+01 3.980392451184482094e-02 3.980392451184484176e-02 5.266227840983063457e-02 7.127195273815649657e+00 7.127195273815649657e+00 7.127195273815649657e+00 6.677642166736412997e-03 6.677642166736394783e-03 8.645139572034176573e-03 8.262526537348929168e+00 5.310516003444551436e-03
1.450000000000000000e+01 1.450000000000000000e+01 1.450000000000000000e+01 3.854263652672884621e-02 3.854263652672885315e-02 5.199874382547913648e-02 7.252233787391364039e+00 7.252233787391364039e+00 7.252233787391364039e+00 6.430637341541533235e-03 6.430637341541518490e-03 8.305191409771522232e-03 8.387565050924642662e+00 5.126038308198380307e-03
1.475000000000000000e+01 1.475000000000000000e+01 1.475000000000000000e+01 3.737238006832641068e-02 3.737238006832640375e-02 5.142235197125922391e-02 7.377272300967076646e+00 7.377272300967076646e+00 7.377272300967076646e+00 6.195404235874960031e-03 6.195404235874948755e-03 7.982173874907771624e-03 8.512603564500356157e+00 4.950117986417617265e-03
1.500000000000000000e+01 1.500000000000000000e+01 1.500000000000000000e+01 3.627775137007652195e-02 3.627775137007651501e-02 5.087820009810813809e-02 7.502310814542789252e+00 7.502310814542789252e+00 7.502310814542789252e+00 5.971278004245819844e-03 5.971278004245806834e-03 7.675072645870212144e-03 8.637642078076067875e+00 4.782309151845469571e-03
1.525000000000000000e+01 1.525000000000000000e+01 1.525000000000000000e+01 3.526076511880509717e-02 3.526076511880508330e-02 5.040724349232860585e-02 7.627349328118502747e+00 7.627349328118502747e+00 7.627349328118502747e+00 5.757641762098334066e-03 5.757641762098325393e-03 7.382945567513872834e-03 8.762680591651781370e+00 4.622196014044751763e-03
1.550000000000000000e+01 1.550000000000000000e+01 1.550000000000000000e+01 3.430864921458913475e-02 3.430864921458914168e-02 4.996131852049316008e-02 7.752387841694215354e+00 7.752387841694215354e+00 7.752387841694215354e+00 5.553920847124743133e-03 5.553920847124736195e-03 7.104919070458487473e-03 8.887719105227494865e+00 4.469392899648612534e-03
1.575000000000000000e+01 1.575000000000000000e+01 1.575000000000000000e+01 3.342306154836328230e-02 3.342306154836328924e-02 4.957708575972284704e-02 7.877426355269929736e+00 7.877426355269929736e+00 7.877426355269929736e+00 5.359581370011482805e-03 5.359581370011479336e-03 6.840180336855780641e-03 9.012757618803208359e+00 4.323539948918098119e-03
1.600000000000000000e+01 1.600000000000000000e+01 1.600000000000000000e+01 3.259337747337193864e-02 3.259337747337195251e-02 4.921214441015523550e-02 8.002464868845642343e+00 8.002464868845642343e+00 8.002464868845642343e+00 5.174125313318370285e-03 5.174125313318376357e-03 6.587974588954251601e-03 9.137796132378921854e+00 4.184303365203732167e-03
1.625000000000000000e+01 1.625000000000000000e+01 1.625000000000000000e+01 3.182094859943197795e-02 3.182094859943197795e-02 4.889935254240025675e-02 8.127503382421354061e+00 8.127503382421354061e+00 8.127503382421354061e+00 4.997089522496137200e-03 4.997089522496150210e-03 6.347598419852914890e-03 9.262834645954633572e+00 4.051371680709797349e-03
1.650000000000000000e+01 1.650000000000000000e+01 1.650000000000000000e+01 3.109691176862255935e-02 3.109691176862256629e-02 4.860127397837950974e-02 8.252541895997069332e+00 8.252541895997069332e+00 8.252541895997069332e+00 4.828041501863320796e-03 4.828041501863342480e-03 6.118397761591481965e-03 9.387873159530348843e+00 3.924456176525327987e-03
1.675000000000000000e+01 1.675000000000000000e+01 1.675000000000000000e+01 3.042235766180852868e-02 3.042235766180852174e-02 4.834738406523646920e-02 8.377580409572781051e+00 8.377580409572781051e+00 8.377580409572781051e+00 4.666578747043348407e-03 4.666578747043368357e-03 5.899762181125754387e-03 9.512911673106060562e+00 3.803287638615795475e-03
1.700000000000000000e+01 1.700000000000000000e+01 1.700000000000000000e+01 2.978987499054672194e-02 2.978987499054673235e-02 4.810455461292778567e-02 8.502618923148494545e+00 8.502618923148494545e+00 8.502618923148494545e+00 4.512325127216815397e-03 4.512325127216837949e-03 5.691123379737560162e-03 9.637950186681774056e+00 3.687616906230580492e-03
1.725000000000000000e+01 1.725000000000000000e+01 1.725000000000000000e+01 2.920033373635891327e-02 2.920033373635889593e-02 4.789923701422622859e-02 8.627657436724208040e+00 8.627657436724208040e+00 8.627657436724208040e+00 4.364930483174035876e-03 4.364930483174059295e-03 5.491950294994851246e-03 9.762988700257487551e+00 3.577212056551961651e-03
1.750000000000000000e+01 1.750000000000000000e+01 1.750000000000000000e+01 2.864752465841022971e-02 2.864752465841021237e-02 4.770206791696371407e-02 8.752695950299919758e+00 8.752695950299919758e+00 8.752695950299919758e+00 4.224067508365721667e-03 4.224067508365737279e-03 5.301748015402802522e-03 9.888027213833199269e+00 3.471859051742870721e-03
1.775000000000000000e+01 1.775000000000000000e+01 1.775000000000000000e+01 2.813213241895635985e-02 2.813213241895634945e-02 4.753678195999466727e-02 8.877734463875635029e+00 8.877734463875635029e+00 8.877734463875635029e+00 4.089431554845960118e-03 4.089431554845976598e-03 5.120053560964504293e-03 1.001306572740891454e+01 3.371359305143546703e-03
1.800000000000000000e+01 1.800000000000000000e+01 1.800000000000000000e+01 2.764894719355064437e-02 2.764894719355066519e-02 4.737732915491339042e-02 9.002772977451346748e+00 9.002772977451346748e+00 9.002772977451346748e+00 3.960737944370522519e-03 3.960737944370534662e-03 4.946435122052402801e-03 1.013810424098462626e+01 3.275530407703388866e-03
1.825000000000000000e+01 1.825000000000000000e+01 1.825000000000000000e+01 2.719849924209851236e-02 2.719849924209852624e-02 4.724499084499855089e-02 9.127811491027060242e+00 9.127811491027060242e+00 9.127811491027060242e+00 3.837721939021735904e-03 3.837721939021750649e-03 4.780488416434421073e-03 1.026314275456033975e+01 3.184204041131476638e-03
1.850000000000000000e+01 1.850000000000000000e+01 1.850000000000000000e+01 2.677641303610694273e-02 2.677641303610696355e-02 4.711665355163586338e-02 9.252850004602773737e+00 9.252850004602773737e+00 9.252850004602773737e+00 3.720136429025007983e-03 3.720136429025024897e-03 4.621836181060835422e-03 1.038818126813605325e+01 3.097226773844852146e-03
1.875000000000000000e+01 1.875000000000000000e+01 1.875000000000000000e+01 2.638309131539828128e-02 2.638309131539828822e-02 4.701137153044646771e-02 9.377888518178485455e+00 9.377888518178485455e+00 9.377888518178485455e+00 3.607752036928303391e-03 3.607752036928316836e-03 4.470125023664893969e-03 1.051321978171176497e+01 3.014458297957037756e-03
1.900000000000000000e+01 1.900000000000000000e+01 1.900000000000000000e+01 2.601485775185570851e-02 2.601485775185571891e-02 4.690865214681661649e-02 9.502927031754200726e+00 9.502927031754200726e+00 9.502927031754200726e+00 3.500355142018507764e-03 3.500355142018520774e-03 4.325025111853867017e-03 1.063825829528748024e+01 2.935772293992579968e-03
1.925000000000000000e+01 1.925000000000000000e+01 1.925000000000000000e+01 2.567201084217508172e-02 2.567201084217508172e-02 4.682551691680294365e-02 9.627965545329912445e+00 9.627965545329912445e+00 9.627965545329912445e+00 3.397748097558248720e-03 3.397748097558259562e-03 4.186227453862791797e-03 1.076329680886319196e+01 2.861054979947571467e-03
1.950000000000000000e+01 1.950000000000000000e+01 1.950000000000000000e+01 2.535146256076414861e-02 2.535146256076415208e-02 4.674382892824886782e-02 9.753004058905625939e+00 9.753004058905625939e+00 9.753004058905625939e+00 3.299747563686152019e-03 3.299747563686158958e-03 4.053443742053661029e-03 1.088833532243890545e+01 2.790206053785940048e-03
1.975000000000000000e+01 1.975000000000000000e+01 1.975000000000000000e+01 2.505342724006752453e-02 2.505342724006751759e-02 4.667874392692711316e-02 9.878042572481339434e+00 9.878042572481339434e+00 9.878042572481339434e+00 3.206184827360063650e-03 3.206184827360069288e-03 3.926404011084882670e-03 1.101337383601461895e+01 2.723137555054827661e-03
2.000000000000000000e+01 2.000000000000000000e+01 2.000000000000000000e+01 2.477531389445535373e-02 2.477531389445536067e-02 4.661425766502255708e-02 1.000308108605705115e+01 1.000308108605705115e+01 1.000308108605705115e+01 3.116904427473691629e-03 3.116904427473696400e-03 3.804856603494958991e-03 1.113841234959033066e+01 2.659774905722260378e-03
2.025000000000000000e+01 2.025000000000000000e+01 2.025000000000000000e+01 2.451726994630918852e-02 2.451726994630920239e-02 4.656380343626961849e-02 1.012811959963276642e+01 1.012811959963276642e+01 1.012811959963276642e+01 3.031764577934615689e-03 3.031764577934616556e-03 3.688566165275531435e-03 1.126345086316604593e+01 2.600056099321521822e-03
2.050000000000000000e+01 2.050000000000000000e+01 2.050000000000000000e+01 2.427712623235211281e-02 2.427712623235212322e-02 4.651332187388534933e-02 1.025315811320847814e+01 1.025315811320847814e+01 1.025315811320847814e+01 2.950636081735338086e-03 2.950636081735337219e-03 3.577313710371005876e-03 1.138848937674175765e+01 2.543932875554939365e-03
2.075000000000000000e+01 2.075000000000000000e+01 2.075000000000000000e+01 2.405497802896885973e-02 2.405497802896886320e-02 4.647464658866801157e-02 1.037819662678419164e+01 1.037819662678419164e+01 1.037819662678419164e+01 2.873402870533457547e-03 2.873402870533457113e-03 3.470894924143473094e-03 1.151352789031747115e+01 2.491370270521045364e-03
2.100000000000000000e+01 2.100000000000000000e+01 2.100000000000000000e+01 2.384901598550029367e-02 2.384901598550029367e-02 4.643550513264704804e-02 1.050323514035990513e+01 1.050323514035990513e+01 1.050323514035990513e+01 2.799961220494468286e-03 2.799961220494462215e-03 3.369120312006835052e-03 1.163856640389318464e+01 2.442347980854083812e-03
2.125000000000000000e+01 2.125000000000000000e+01 2.125000000000000000e+01 2.365929580095809878e-02 2.365929580095809184e-02 4.640623623324516278e-02 1.062827365393561863e+01 1.062827365393561863e+01 1.062827365393561863e+01 2.730220439267969437e-03 2.730220439267969004e-03 3.271813791231662372e-03 1.176360491746889814e+01 2.396860333700955546e-03
2.150000000000000000e+01 2.150000000000000000e+01 2.150000000000000000e+01 2.348431688686819160e-02 2.348431688686818813e-02 4.637622182855923730e-02 1.075331216751133212e+01 1.075331216751133212e+01 1.075331216751133212e+01 2.664102418828226231e-03 2.664102418828222761e-03 3.178812917136929813e-03 1.188864343104461163e+01 2.354917924526390982e-03
2.175000000000000000e+01 2.175000000000000000e+01 2.175000000000000000e+01 2.332410599397855000e-02 2.332410599397856041e-02 4.635439473406946509e-02 1.087835068108704384e+01 1.087835068108704384e+01 1.087835068108704384e+01 2.601542527330350484e-03 2.601542527330343545e-03 3.089967753651758076e-03 1.201368194462032335e+01 2.316548099113165029e-03
2.200000000000000000e+01 2.200000000000000000e+01 2.200000000000000000e+01 2.317742942008531315e-02 2.317742942008530621e-02 4.633168063178093321e-02 1.100338919466275733e+01 1.100338919466275733e+01 1.100338919466275733e+01 2.542489569397959545e-03 2.542489569397945234e-03 3.005141178775069203e-03 1.213872045819603684e+01 2.281796985192447152e-03
2.225000000000000000e+01 2.225000000000000000e+01 2.225000000000000000e+01 2.304429387669518561e-02 2.304429387669518214e-02 4.631568134001477072e-02 1.112842770823847083e+01 1.112842770823847083e+01 1.112842770823847083e+01 2.486906985799915756e-03 2.486906985799895373e-03 2.924208034100779681e-03 1.226375897177175034e+01 2.250730613775565794e-03
2.250000000000000000e+01 2.250000000000000000e+01 2.250000000000000000e+01 2.292369843066348681e-02 2.292369843066350069e-02 4.629877468567952792e-02 1.125346622181418432e+01 1.125346622181418432e+01 1.125346622181418432e+01 2.434773355393664469e-03 2.434773355393640183e-03 2.847055518172246242e-03 1.238879748534746383e+01 2.223437483835915326e-03
2.275000000000000000e+01 2.275000000000000000e+01 2.275000000000000000e+01 2.281563712882704945e-02 2.281563712882703904e-02 4.628729380465838872e-02 1.137850473538989782e+01 1.137850473538989782e+01 1.137850473538989782e+01 2.386084096653895512e-03 2.386084096653874696e-03 2.773582620572988960e-03 1.251383599892317733e+01 2.200030417225975511e-03
2.300000000000000000e+01 2.300000000000000000e+01 2.300000000000000000e+01 2.271931432949178889e-02 2.271931432949180277e-02 4.627499383253695642e-02 1.150354324896560954e+01 1.150354324896560954e+01 1.150354324896560954e+01 2.340852786866879851e-03 2.340852786866862503e-03 2.703700605458370793e-03 1.263887451249888905e+01 2.180649614727719031e-03
2.325000000000000000e+01 2.325000000000000000e+01 2.325000000000000000e+01 2.263471740955523559e-02 2.263471740955524947e-02 4.626699012349745621e-02 1.162858176254132303e+01 1.162858176254132303e+01 1.162858176254132303e+01 2.299113799708872672e-03 2.299113799708853156e-03 2.637332681781305935e-03 1.276391302607460254e+01 2.165464794023017232e-03
2.350000000000000000e+01 2.350000000000000000e+01 2.350000000000000000e+01 2.256123430333009314e-02 2.256123430333010008e-02 4.625835523904575641e-02 1.175362027611703652e+01 1.175362027611703652e+01 1.175362027611703652e+01 2.260925274695341994e-03 2.260925274695322913e-03 2.574414017218079088e-03 1.288895153965031604e+01 2.154677750759094023e-03
2.375000000000000000e+01 2.375000000000000000e+01 2.375000000000000000e+01 2.249885045884134072e-02 2.249885045884133725e-02 4.625302718931954132e-02 1.187865878969275002e+01 1.187865878969275002e+01 1.187865878969275002e+01 2.226375550985533729e-03 2.226375550985517683e-03 2.514886160645395455e-03 1.301399005322602953e+01 2.148527953676089390e-03
2.400000000000000000e+01 2.400000000000000000e+01 2.400000000000000000e+01 2.244712075559718648e-02 2.244712075559717607e-02 4.624734962073959177e-02 1.200369730326846351e+01 1.200369730326846351e+01 1.200369730326846351e+01 2.195602458851037952e-03 2.195602458851025375e-03 2.458660532688135454e-03 1.313902856680174303e+01 2.147339467337165339e-03
2.425000000000000000e+01 2.425000000000000000e+01 2.425000000000000000e+01 2.240603230018573325e-02 2.240603230018573325e-02 4.624411391751179906e-02 1.212873581684417523e+01 1.212873581684417523e+01 1.212873581684417523e+01 2.168866521565275540e-03 2.168866521565267300e-03 2.405473529429792961e-03 1.326406708037745474e+01 2.151741454139645578e-03
2.450000000000000000e+01 2.450000000000000000e+01 2.450000000000000000e+01 2.237529486218310659e-02 2.237529486218311353e-02 4.624090094185957095e-02 1.225377433041988873e+01 1.225377433041988873e+01 1.225377433041988873e+01 2.146748723795825764e-03 2.146748723795822295e-03 2.354642803115433204e-03 1.338910559395316824e+01 2.163175414693518928e-03
2.475000000000000000e+01 2.475000000000000000e+01 2.475000000000000000e+01 2.235489971634406492e-02 2.235489971634404757e-02 4.623937700821379587e-02 1.237881284399560222e+01 1.237881284399560222e+01 1.237881284399560222e+01 2.130422677117043296e-03 2.130422677117041561e-03 2.305313253577651739e-03 1.351414410752888173e+01 2.184059853770233678e-03
2.500000000000000000e+01 2.500000000000000000e+01 2.500000000000000000e+01 2.234470367954534062e-02 2.234470367954535103e-02 4.623833802822410050e-02 1.250385135757131572e+01 1.250385135757131572e+01 1.250385135757131572e+01 2.121578848440395897e-03 2.121578848440394596e-03 2.258027666927107848e-03 1.363918262110459523e+01 2.216171646064467402e-03
