3.044806505369641592e-01
-2.000000000000000000e+00
1.000000000000000000e+00
1.000000000000000000e+00
1.000000000000000000e+00
6.283185307179586232e-01
7.926654595212021537e-01
-7.959711922691016239e-01
1.159952829085394210e+00
1.203351719314077028e+00
2.290729681027028619e-01
7.343095878873326376e-02
-3.879223761824392103e+00
1.317814571545713909e+00
6.128575054637512842e-01
6.128575054637575015e-01
7.360709593561923780e-01
1.000000000000003109e+00
1.001201503762469303e+00
1.000777614057778875e+00
7.106764852179317526e-02
7.343095879123517911e-02
1.500462162908557939e+00
