-2.500000000000000000e+01 -2.500000000000000000e+01 -2.500000000000000000e+01 1.186735619162279654e-02 1.186735619162279654e-02 2.177555219225718250e-02 -1.250385135757131572e+01 -1.250385135757131572e+01 -1.250385135757131572e+01 8.470133557483470977e-04 8.470133557483688902e-04 8.526554295567628956e-04 -1.185175360112151211e+01 8.691504717293898827e-04
-2.475000000000000000e+01 -2.475000000000000000e+01 -2.475000000000000000e+01 1.186686816285765708e-02 1.186686816285766055e-02 2.177267494322399077e-02 -1.237881284399560222e+01 -1.237881284399560222e+01 -1.237881284399560222e+01 8.533383666877947466e-04 8.533383666878146959e-04 8.440151332704714160e-04 -1.172671508754579861e+01 8.899169591003454035e-04
-2.450000000000000000e+01 -2.450000000000000000e+01 -2.450000000000000000e+01 1.186591547463528365e-02 1.186591547463528191e-02 2.176660403310631819e-02 -1.225377433041988873e+01 -1.225377433041988873e+01 -1.225377433041988873e+01 8.645809222804046006e-04 8.645809222804222731e-04 8.438484124001562493e-04 -1.160167657397008512e+01 9.116986018413634867e-04
-2.425000000000000000e+01 -2.425000000000000000e+01 -2.425000000000000000e+01 1.186450631053302153e-02 1.186450631053302326e-02 2.175801068068608166e-02 -1.212873581684417523e+01 -1.212873581684417523e+01 -1.212873581684417523e+01 8.790354584565973541e-04 8.790354584566128582e-04 8.498647017589532277e-04 -1.147663806039437162e+01 9.336051572359584149e-04
-2.400000000000000000e+01 -2.400000000000000000e+01 -2.400000000000000000e+01 1.186271044600365789e-02 1.186271044600365789e-02 2.174594275514073888e-02 -1.200369730326846351e+01 -1.200369730326846351e+01 -1.200369730326846351e+01 8.955863272254795419e-04 8.955863272254937450e-04 8.595243310407456707e-04 -1.135159954681865990e+01 9.561143226322326577e-04
-2.375000000000000000e+01 -2.375000000000000000e+01 -2.375000000000000000e+01 1.186054630458256882e-02 1.186054630458256536e-02 2.173174969241134513e-02 -1.187865878969275002e+01 -1.187865878969275002e+01 -1.187865878969275002e+01 9.137550906836734970e-04 9.137550906836873748e-04 8.714709394084913744e-04 -1.122656103324294641e+01 9.797085219756561988e-04
-2.350000000000000000e+01 -2.350000000000000000e+01 -2.350000000000000000e+01 1.185812906050751417e-02 1.185812906050750896e-02 2.171383490571612146e-02 -1.175362027611703652e+01 -1.175362027611703652e+01 -1.175362027611703652e+01 9.333857805482009525e-04 9.333857805482160229e-04 8.852297847387682883e-04 -1.110152251966723291e+01 1.004575982737805802e-03
-2.325000000000000000e+01 -2.325000000000000000e+01 -2.325000000000000000e+01 1.185549156042261208e-02 1.185549156042261729e-02 2.169424020045456272e-02 -1.162858176254132303e+01 -1.162858176254132303e+01 -1.162858176254132303e+01 9.544275085033306853e-04 9.544275085033454304e-04 9.006448410409258459e-04 -1.097648400609151942e+01 1.030769484581628903e-03
-2.300000000000000000e+01 -2.300000000000000000e+01 -2.300000000000000000e+01 1.185279266495113670e-02 1.185279266495113150e-02 2.167070979306158843e-02 -1.150354324896560954e+01 -1.150354324896560954e+01 -1.150354324896560954e+01 9.768594114494281912e-04 9.768594114494399006e-04 9.176377251952290729e-04 -1.085144549251580592e+01 1.058314856787039623e-03
-2.275000000000000000e+01 -2.275000000000000000e+01 -2.275000000000000000e+01 1.185008609780572979e-02 1.185008609780572979e-02 2.164599948150164321e-02 -1.137850473538989782e+01 -1.137850473538989782e+01 -1.137850473538989782e+01 1.000673954065674437e-03 1.000673954065683545e-03 9.361531312486268824e-04 -1.072640697894009421e+01 1.087239162938927368e-03
-2.250000000000000000e+01 -2.250000000000000000e+01 -2.250000000000000000e+01 1.184757193726751305e-02 1.184757193726750438e-02 2.161717326725673405e-02 -1.125346622181418432e+01 -1.125346622181418432e+01 -1.125346622181418432e+01 1.025873373423801709e-03 1.025873373423806913e-03 9.561508961872769614e-04 -1.060136846536438071e+01 1.117574792323039294e-03
-2.225000000000000000e+01 -2.225000000000000000e+01 -2.225000000000000000e+01 1.184533373330459542e-02 1.184533373330459195e-02 2.158773052484564553e-02 -1.112842770823847083e+01 -1.112842770823847083e+01 -1.112842770823847083e+01 1.052468405578222245e-03 1.052468405578219643e-03 9.776038841551224455e-04 -1.047632995178866722e+01 1.149359486411782785e-03
-2.200000000000000000e+01 -2.200000000000000000e+01 -2.200000000000000000e+01 1.184360948278207273e-02 1.184360948278207620e-02 2.155402735099491360e-02 -1.100338919466275733e+01 -1.100338919466275733e+01 -1.100338919466275733e+01 1.080477310010838658e-03 1.080477310010832153e-03 1.000496732151980777e-03 -1.035129143821295372e+01 1.182636394979083875e-03
-2.175000000000000000e+01 -2.175000000000000000e+01 -2.175000000000000000e+01 1.184252432177099017e-02 1.184252432177099017e-02 2.152034492358608636e-02 -1.087835068108704384e+01 -1.087835068108704384e+01 -1.087835068108704384e+01 1.109925304075165759e-03 1.109925304075158386e-03 1.024824301491820576e-03 -1.022625292463724023e+01 1.217453795977586429e-03
-2.150000000000000000e+01 -2.150000000000000000e+01 -2.150000000000000000e+01 1.184234993725527540e-02 1.184234993725527540e-02 2.148229654661083787e-02 -1.075331216751133212e+01 -1.075331216751133212e+01 -1.075331216751133212e+01 1.140843979002078949e-03 1.140843979002071360e-03 1.050590791250280041e-03 -1.010121441106152851e+01 1.253865300920464386e-03
-2.125000000000000000e+01 -2.125000000000000000e+01 -2.125000000000000000e+01 1.184326804361145180e-02 1.184326804361145354e-02 2.144499297124287038e-02 -1.062827365393561863e+01 -1.062827365393561863e+01 -1.062827365393561863e+01 1.173271065022704488e-03 1.173271065022701452e-03 1.077808557207962257e-03 -9.976175897485815014e+00 1.291929642768664937e-03
-2.100000000000000000e+01 -2.100000000000000000e+01 -2.100000000000000000e+01 1.184557873294096904e-02 1.184557873294097771e-02 2.140326194800338741e-02 -1.050323514035990513e+01 -1.050323514035990513e+01 -1.050323514035990513e+01 1.207250080269033814e-03 1.207250080269036850e-03 1.106497659563568164e-03 -9.851137383910101519e+00 1.331711036319545207e-03
-2.075000000000000000e+01 -2.075000000000000000e+01 -2.075000000000000000e+01 1.184953907132537537e-02 1.184953907132537190e-02 2.136310226898757020e-02 -1.037819662678419164e+01 -1.037819662678419164e+01 -1.037819662678419164e+01 1.242830321347657141e-03 1.242830321347665598e-03 1.136685003093965965e-03 -9.726098870334388025e+00 1.373279018935546526e-03
-2.050000000000000000e+01 -2.050000000000000000e+01 -2.050000000000000000e+01 1.185547105526453364e-02 1.185547105526453364e-02 2.131850465457322055e-02 -1.025315811320847814e+01 -1.025315811320847814e+01 -1.025315811320847814e+01 1.280066667840663256e-03 1.280066667840678435e-03 1.168404233275870466e-03 -9.601060356758674530e+00 1.416708953105771419e-03
-2.025000000000000000e+01 -2.025000000000000000e+01 -2.025000000000000000e+01 1.186373036111343371e-02 1.186373036111343371e-02 2.127642655947621989e-02 -1.012811959963276642e+01 -1.012811959963276642e+01 -1.012811959963276642e+01 1.319019742281081053e-03 1.319019742281100785e-03 1.201695100478014167e-03 -9.476021843182962812e+00 1.462081910105722396e-03
-2.000000000000000000e+01 -2.000000000000000000e+01 -2.000000000000000000e+01 1.187465297720880983e-02 1.187465297720881330e-02 2.122996044327161991e-02 -1.000308108605705115e+01 -1.000308108605705115e+01 -1.000308108605705115e+01 1.359755827547528368e-03 1.359755827547546800e-03 1.236603621374981598e-03 -9.350983329607247541e+00 1.509485309899125322e-03
-1.975000000000000000e+01 -1.975000000000000000e+01 -1.975000000000000000e+01 1.188872183011240556e-02 1.188872183011241077e-02 2.118710701938869567e-02 -9.878042572481339434e+00 -9.878042572481339434e+00 -9.878042572481339434e+00 1.402347166151125812e-03 1.402347166151145762e-03 1.273181592733548624e-03 -9.225944816031535822e+00 1.559012844412756326e-03
-1.950000000000000000e+01 -1.950000000000000000e+01 -1.950000000000000000e+01 1.190627733653421179e-02 1.190627733653421526e-02 2.113998823598520552e-02 -9.753004058905625939e+00 -9.753004058905625939e+00 -9.753004058905625939e+00 1.446871967607450075e-03 1.446871967607469374e-03 1.311486962579083227e-03 -9.100906302455822328e+00 1.610765257113947651e-03
-1.925000000000000000e+01 -1.925000000000000000e+01 -1.925000000000000000e+01 1.192796483194375270e-02 1.192796483194374750e-02 2.109774890077115855e-02 -9.627965545329912445e+00 -9.627965545329912445e+00 -9.627965545329912445e+00 1.493414832836736841e-03 1.493414832836750935e-03 1.351583445552591300e-03 -8.975867788880108833e+00 1.664850308217150207e-03
-1.900000000000000000e+01 -1.900000000000000000e+01 -1.900000000000000000e+01 1.195411765786883948e-02 1.195411765786883775e-02 2.105145564475544018e-02 -9.502927031754200726e+00 -9.502927031754200726e+00 -9.502927031754200726e+00 1.542066841252181554e-03 1.542066841252196082e-03 1.393541071676656024e-03 -8.850829275304397115e+00 1.721383702506287458e-03
-1.875000000000000000e+01 -1.875000000000000000e+01 -1.875000000000000000e+01 1.198558667945732320e-02 1.198558667945732320e-02 2.101151725988547117e-02 -9.377888518178485455e+00 -9.377888518178485455e+00 -9.377888518178485455e+00 1.592926096837357945e-03 1.592926096837373124e-03 1.437435874874839819e-03 -8.725790761728681844e+00 1.780489103810408086e-03
-1.850000000000000000e+01 -1.850000000000000000e+01 -1.850000000000000000e+01 1.202268437159307451e-02 1.202268437159307278e-02 2.096784584345982860e-02 -9.252850004602773737e+00 -9.252850004602773737e+00 -9.252850004602773737e+00 1.646097893604127772e-03 1.646097893604143384e-03 1.483350603884161893e-03 -8.600752248152970125e+00 1.842299225485827642e-03
-1.825000000000000000e+01 -1.825000000000000000e+01 -1.825000000000000000e+01 1.206652004682093327e-02 1.206652004682093327e-02 2.093225661766069667e-02 -9.127811491027060242e+00 -9.127811491027060242e+00 -9.127811491027060242e+00 1.701695388004191090e-03 1.701695388004209305e-03 1.531374469125127910e-03 -8.475713734577256631e+00 1.906955906435541534e-03
-1.800000000000000000e+01 -1.800000000000000000e+01 -1.800000000000000000e+01 1.211736881773878803e-02 1.211736881773878977e-02 2.089339127867220064e-02 -9.002772977451346748e+00 -9.002772977451346748e+00 -9.002772977451346748e+00 1.759839848431552249e-03 1.759839848431571114e-03 1.581604012211801358e-03 -8.350675221001543136e+00 1.974611384683288510e-03
-1.775000000000000000e+01 -1.775000000000000000e+01 -1.775000000000000000e+01 1.217666349940119824e-02 1.217666349940119824e-02 2.086464084840489175e-02 -8.877734463875635029e+00 -8.877734463875635029e+00 -8.877734463875635029e+00 1.820661465493376811e-03 1.820661465493396544e-03 1.634142906070207464e-03 -8.225636707425831418e+00 2.045428452559288398e-03
-1.750000000000000000e+01 -1.750000000000000000e+01 -1.750000000000000000e+01 1.224462214647238645e-02 1.224462214647239339e-02 2.083324140044955780e-02 -8.752695950299919758e+00 -8.752695950299919758e+00 -8.752695950299919758e+00 1.884299697513043288e-03 1.884299697513061719e-03 1.689102988576588480e-03 -8.100598193850116147e+00 2.119581940506090698e-03
-1.725000000000000000e+01 -1.725000000000000000e+01 -1.725000000000000000e+01 1.232308126758079915e-02 1.232308126758079915e-02 2.081436151825315911e-02 -8.627657436724208040e+00 -8.627657436724208040e+00 -8.627657436724208040e+00 1.950904236786622043e-03 1.950904236786635704e-03 1.746604118368130960e-03 -7.975559680274404428e+00 2.197258975292706949e-03
-1.700000000000000000e+01 -1.700000000000000000e+01 -1.700000000000000000e+01 1.241217837639778214e-02 1.241217837639778734e-02 2.079367381297990078e-02 -8.502618923148494545e+00 -8.502618923148494545e+00 -8.502618923148494545e+00 2.020635469396490219e-03 2.020635469396498893e-03 1.806775385850682399e-03 -7.850521166698690934e+00 2.278660709113183597e-03
-1.675000000000000000e+01 -1.675000000000000000e+01 -1.675000000000000000e+01 1.251425286434130167e-02 1.251425286434130167e-02 2.078836546588695364e-02 -8.377580409572781051e+00 -8.377580409572781051e+00 -8.377580409572781051e+00 2.093665622642939140e-03 2.093665622642945645e-03 1.869755033746489398e-03 -7.725482653122977439e+00 2.364002712337896165e-03
-1.650000000000000000e+01 -1.650000000000000000e+01 -1.650000000000000000e+01 1.262933374241395276e-02 1.262933374241396144e-02 2.078236122124428945e-02 -8.252541895997069332e+00 -8.252541895997069332e+00 -8.252541895997069332e+00 2.170179364571435485e-03 2.170179364571436786e-03 1.935691866094265334e-03 -7.600444139547265721e+00 2.453516992687764225e-03
-1.625000000000000000e+01 -1.625000000000000000e+01 -1.625000000000000000e+01 1.276038647707797291e-02 1.276038647707797985e-02 2.079515588054967404e-02 -8.127503382421354061e+00 -8.127503382421354061e+00 -8.127503382421354061e+00 2.250375165944795437e-03 2.250375165944797171e-03 2.004745249129787597e-03 -7.475405625971550450e+00 2.547452563697285861e-03
-1.600000000000000000e+01 -1.600000000000000000e+01 -1.600000000000000000e+01 1.290729833047275267e-02 1.290729833047275614e-02 2.080871057430742216e-02 -8.002464868845642343e+00 -8.002464868845642343e+00 -8.002464868845642343e+00 2.334466073361165985e-03 2.334466073361165985e-03 2.077086746756522627e-03 -7.350367112395838731e+00 2.646077810987236285e-03
-1.575000000000000000e+01 -1.575000000000000000e+01 -1.575000000000000000e+01 1.307381456899523418e-02 1.307381456899523939e-02 2.084517583407960797e-02 -7.877426355269929736e+00 -7.877426355269929736e+00 -7.877426355269929736e+00 2.422681329099049541e-03 2.422681329099050842e-03 2.152900224586795468e-03 -7.225328598820126125e+00 2.749681290079187580e-03
-1.550000000000000000e+01 -1.550000000000000000e+01 -1.550000000000000000e+01 1.325964124787667835e-02 1.325964124787666967e-02 2.088429629378837915e-02 -7.752387841694215354e+00 -7.752387841694215354e+00 -7.752387841694215354e+00 2.515267362275057459e-03 2.515267362275058760e-03 2.232383749412542549e-03 -7.100290085244411742e+00 2.858574512472396127e-03
-1.525000000000000000e+01 -1.525000000000000000e+01 -1.525000000000000000e+01 1.346949627302301486e-02 1.346949627302301486e-02 2.095129966338902389e-02 -7.627349328118502747e+00 -7.627349328118502747e+00 -7.627349328118502747e+00 2.612489722452268973e-03 2.612489722452265069e-03 2.315749827845341949e-03 -6.975251571668699135e+00 2.973093042743017896e-03
-1.500000000000000000e+01 -1.500000000000000000e+01 -1.500000000000000000e+01 1.370285777665831636e-02 1.370285777665830595e-02 2.102341702593448977e-02 -7.502310814542789252e+00 -7.502310814542789252e+00 -7.502310814542789252e+00 2.714634346839492514e-03 2.714634346839486876e-03 2.403227618317238523e-03 -6.850213058092985641e+00 3.093599797495346932e-03
-1.475000000000000000e+01 -1.475000000000000000e+01 -1.475000000000000000e+01 1.396565962912552430e-02 1.396565962912552084e-02 2.112946650005543756e-02 -7.377272300967076646e+00 -7.377272300967076646e+00 -7.377272300967076646e+00 2.822009879723500966e-03 2.822009879723496630e-03 2.495063346522774072e-03 -6.725174544517273034e+00 3.220486533197614368e-03
-1.450000000000000000e+01 -1.450000000000000000e+01 -1.450000000000000000e+01 1.425709692134707364e-02 1.425709692134707711e-02 2.124381583894953754e-02 -7.252233787391364039e+00 -7.252233787391364039e+00 -7.252233787391364039e+00 2.934949291399677022e-03 2.934949291399670517e-03 2.591522892314632957e-03 -6.600136030941560428e+00 3.354177777807438969e-03
-1.425000000000000000e+01 -1.425000000000000000e+01 -1.425000000000000000e+01 1.458462849533949043e-02 1.458462849533950431e-02 2.139950266230974257e-02 -7.127195273815649657e+00 -7.127195273815649657e+00 -7.127195273815649657e+00 3.053812676630077421e-03 3.053812676630074385e-03 2.692892438024977082e-03 -6.475097517365846045e+00 3.495132829471470429e-03
-1.400000000000000000e+01 -1.400000000000000000e+01 -1.400000000000000000e+01 1.494710169336164671e-02 1.494710169336164324e-02 2.156761848668745790e-02 -7.002156760239937050e+00 -7.002156760239937050e+00 -7.002156760239937050e+00 3.178989324385774005e-03 3.178989324385772704e-03 2.799481510416984651e-03 -6.350059003790133438e+00 3.643850476052040363e-03
-1.375000000000000000e+01 -1.375000000000000000e+01 -1.375000000000000000e+01 1.535389552095813362e-02 1.535389552095815444e-02 2.178619712821230209e-02 -6.877118246664223555e+00 -6.877118246664223555e+00 -6.877118246664223555e+00 3.310901116509851888e-03 3.310901116509855791e-03 2.911623936200527160e-03 -6.225020490214419944e+00 3.800871663348016211e-03
-1.350000000000000000e+01 -1.350000000000000000e+01 -1.350000000000000000e+01 1.580343416284576974e-02 1.580343416284577321e-02 2.202256518677028069e-02 -6.752079733088510949e+00 -6.752079733088510949e+00 -6.752079733088510949e+00 3.450005178618062093e-03 3.450005178618069900e-03 3.029681442475562047e-03 -6.099981976638707337e+00 3.966785205146061179e-03
-1.325000000000000000e+01 -1.325000000000000000e+01 -1.325000000000000000e+01 1.630752610591997345e-02 1.630752610591997345e-02 2.232071924556190690e-02 -6.627041219512798342e+00 -6.627041219512798342e+00 -6.627041219512798342e+00 3.596798037561322551e-03 3.596798037561332959e-03 3.154045018063584335e-03 -5.974943463062994731e+00 4.142231331808844848e-03
-1.300000000000000000e+01 -1.300000000000000000e+01 -1.300000000000000000e+01 1.686408545626211231e-02 1.686408545626211231e-02 2.264364119835094238e-02 -6.502002705937083959e+00 -6.502002705937083959e+00 -6.502002705937083959e+00 3.751819026028353939e-03 3.751819026028368684e-03 3.285139206707996494e-03 -5.849904949487280348e+00 4.327908657470996151e-03
-1.275000000000000000e+01 -1.275000000000000000e+01 -1.275000000000000000e+01 1.748801212421441029e-02 1.748801212421440335e-02 2.304250376965241015e-02 -6.376964192361371353e+00 -6.376964192361371353e+00 -6.376964192361371353e+00 3.915655407936645058e-03 3.915655407936660670e-03 3.423424005599791896e-03 -5.724866435911567741e+00 4.524578891132923116e-03
-1.250000000000000000e+01 -1.250000000000000000e+01 -1.250000000000000000e+01 1.817661161683821122e-02 1.817661161683821816e-02 2.347525473892957820e-02 -6.251925678785657858e+00 -6.251925678785657858e+00 -6.251925678785657858e+00 4.088946766766726922e-03 4.088946766766745136e-03 3.569400026899779196e-03 -5.599827922335854247e+00 4.733075414848311735e-03
-1.225000000000000000e+01 -1.225000000000000000e+01 -1.225000000000000000e+01 1.894874350931963561e-02 1.894874350931963908e-02 2.400178074385123095e-02 -6.126887165209944364e+00 -6.126887165209944364e+00 -6.126887165209944364e+00 4.272391376935249889e-03 4.272391376935269838e-03 3.723611109411331058e-03 -5.474789408760140752e+00 4.954309537702731789e-03
-1.200000000000000000e+01 -1.200000000000000000e+01 -1.200000000000000000e+01 1.980099599158891346e-02 1.980099599158890999e-02 2.457417428391640846e-02 -6.001848651634231757e+00 -6.001848651634231757e+00 -6.001848651634231757e+00 4.466751884949202167e-03 4.466751884949221249e-03 3.886650579898363878e-03 -5.349750895184428146e+00 5.189281158892381472e-03
-1.175000000000000000e+01 -1.175000000000000000e+01 -1.175000000000000000e+01 2.075733864433456158e-02 2.075733864433455811e-02 2.526300522697226547e-02 -5.876810138058518262e+00 -5.876810138058518262e+00 -5.876810138058518262e+00 4.672863299765016819e-03 4.672863299765032431e-03 4.059164815085022568e-03 -5.224712381608714651e+00 5.439087081598831426e-03
-1.150000000000000000e+01 -1.150000000000000000e+01 -1.150000000000000000e+01 2.181352768729962269e-02 2.181352768729960534e-02 2.601353180578848054e-02 -5.751771624482804768e+00 -5.751771624482804768e+00 -5.751771624482804768e+00 4.891640385641894337e-03 4.891640385641922092e-03 4.241860910709312725e-03 -5.099673868033001156e+00 5.704934401783274232e-03
-1.125000000000000000e+01 -1.125000000000000000e+01 -1.125000000000000000e+01 2.300018369210954719e-02 2.300018369210954025e-02 2.690955804098989212e-02 -5.626733110907092161e+00 -5.626733110907092161e+00 -5.626733110907092161e+00 5.124087776651775269e-03 5.124087776651791749e-03 4.435511515915295348e-03 -4.974635354457288550e+00 5.988151590859320389e-03
-1.100000000000000000e+01 -1.100000000000000000e+01 -1.100000000000000000e+01 2.431211990073306115e-02 2.431211990073306115e-02 2.788834125303658179e-02 -5.501694597331378667e+00 -5.501694597331378667e+00 -5.501694597331378667e+00 5.371309654146861137e-03 5.371309654146881954e-03 4.640964323658239993e-03 -4.849596840881575055e+00 6.290205485624911046e-03
-1.075000000000000000e+01 -1.075000000000000000e+01 -1.075000000000000000e+01 2.578869731837509990e-02 2.578869731837509990e-02 2.905026555023002693e-02 -5.376656083755666060e+00 -5.376656083755666060e+00 -5.376656083755666060e+00 5.634522676538657876e-03 5.634522676538676091e-03 4.859148618364748928e-03 -4.724558327305862448e+00 6.612716120955573068e-03
-1.050000000000000000e+01 -1.050000000000000000e+01 -1.050000000000000000e+01 2.742369815595558508e-02 2.742369815595555385e-02 3.032320060306786108e-02 -5.251617570179952565e+00 -5.251617570179952565e+00 -5.251617570179952565e+00 5.915068732747177059e-03 5.915068732747183131e-03 5.091087148909949692e-03 -4.599519813730148954e+00 6.957478529743137824e-03
-1.025000000000000000e+01 -1.025000000000000000e+01 -1.025000000000000000e+01 2.926809502709771041e-02 2.926809502709768265e-02 3.182856015995935012e-02 -5.126579056604239071e+00 -5.126579056604239071e+00 -5.126579056604239071e+00 6.214431642995800996e-03 6.214431642995805333e-03 5.337904998378115509e-03 -4.474481300154435459e+00 7.326482697609470671e-03
-1.000000000000000000e+01 -1.000000000000000000e+01 -1.000000000000000000e+01 3.131461103394855838e-02 3.131461103394853757e-02 3.348318776041222383e-02 -5.001540543028525576e+00 -5.001540543028525576e+00 -5.001540543028525576e+00 6.534254092955374058e-03 6.534254092955368853e-03 5.600844609261663477e-03 -4.349442786578721964e+00 7.721941861359929958e-03
-9.750000000000000000e+00 -9.750000000000000000e+00 -9.750000000000000000e+00 3.362983445144399758e-02 3.362983445144399064e-02 3.543553445286597853e-02 -4.876502029452812970e+00 -4.876502029452812970e+00 -4.876502029452812970e+00 6.876359442419282056e-03 6.876359442419281189e-03 5.881277824046926041e-03 -4.224404273003009358e+00 8.146319525153478819e-03
-9.500000000000000000e+00 -9.500000000000000000e+00 -9.500000000000000000e+00 3.620553053080709238e-02 3.620553053080706463e-02 3.758950448371618097e-02 -4.751463515877100363e+00 -4.751463515877100363e+00 -4.751463515877100363e+00 7.242774399747821217e-03 7.242774399747825553e-03 6.180725129945960003e-03 -4.099365759427296751e+00 8.602366644697503895e-03
-9.250000000000000000e+00 -9.250000000000000000e+00 -9.250000000000000000e+00 3.912957939273683378e-02 3.912957939273681296e-02 4.012883483815412461e-02 -4.626425002301386868e+00 -4.626425002301386868e+00 -4.626425002301386868e+00 7.635757831122210078e-03 7.635757831122215282e-03 6.500872065366295263e-03 -3.974327245851583701e+00 9.093158478727129609e-03
-9.000000000000000000e+00 -9.000000000000000000e+00 -9.000000000000000000e+00 4.239314794708875372e-02 4.239314794708873985e-02 4.294230565747987616e-02 -4.501386488725673374e+00 -4.501386488725673374e+00 -4.501386488725673374e+00 8.057831403697271466e-03 8.057831403697281875e-03 6.843594181550422852e-03 -3.849288732275870206e+00 9.622144077758413433e-03
-8.750000000000000000e+00 -8.750000000000000000e+00 -8.750000000000000000e+00 4.611360310813618357e-02 4.611360310813616276e-02 4.626047835070235675e-02 -4.376347975149959879e+00 -4.376347975149959879e+00 -4.376347975149959879e+00 8.511818109566341231e-03 8.511818109566351639e-03 7.210979515580731060e-03 -3.724250218700156712e+00 1.019319698830736635e-02
-8.500000000000000000e+00 -8.500000000000000000e+00 -8.500000000000000000e+00 5.028237130196499399e-02 5.028237130196500787e-02 4.995461786427712186e-02 -4.251309461574247273e+00 -4.251309461574247273e+00 -4.251309461574247273e+00 9.000884102522921371e-03 9.000884102522930044e-03 7.605361395083592296e-03 -3.599211705124444105e+00 1.081068200979977932e-02
-8.250000000000000000e+00 -8.250000000000000000e+00 -8.250000000000000000e+00 5.505838214316614854e-02 5.505838214316616241e-02 5.431858918522413510e-02 -4.126270947998534666e+00 -4.126270947998534666e+00 -4.126270947998534666e+00 9.528590881722098088e-03 9.528590881722106762e-03 8.029349424978021385e-03 -3.474173191548731499e+00 1.147952564884962591e-02
-8.000000000000000000e+00 -8.000000000000000000e+00 -8.000000000000000000e+00 6.043512920823224110e-02 6.043512920823217865e-02 5.920374840118457216e-02 -4.001232434422821171e+00 -4.001232434422821171e+00 -4.001232434422821171e+00 1.009895305253260753e-02 1.009895305253260406e-02 8.485873191896142753e-03 -3.349134677973018004e+00 1.220530745587404022e-02
-7.750000000000000000e+00 -7.750000000000000000e+00 -7.750000000000000000e+00 6.663131402443732421e-02 6.663131402443732421e-02 6.499135353392165859e-02 -3.876193920847107677e+00 -3.876193920847107677e+00 -3.876193920847107677e+00 1.071650998594627507e-02 1.071650998594626987e-02 8.978225327089519800e-03 -3.224096164397304509e+00 1.299435901124870209e-02
-7.500000000000000000e+00 -7.500000000000000000e+00 -7.500000000000000000e+00 7.364611692964449785e-02 7.364611692964449785e-02 7.151095721536708527e-02 -3.751155407271394626e+00 -3.751155407271394626e+00 -3.751155407271394626e+00 1.138640654188978994e-02 1.138640654188978474e-02 9.510120560996532593e-03 -3.099057650821591459e+00 1.385389077750277462e-02
-7.250000000000000000e+00 -7.250000000000000000e+00 -7.250000000000000000e+00 8.178619339889686701e-02 8.178619339889683926e-02 7.926736044117774216e-02 -3.626116893695682020e+00 -3.626116893695682020e+00 -3.626116893695682020e+00 1.211449290718476408e-02 1.211449290718475021e-02 1.008575611009436372e-02 -2.974019137245878852e+00 1.479213289377338120e-02
-7.000000000000000000e+00 -7.000000000000000000e+00 -7.000000000000000000e+00 9.106352429168158846e-02 9.106352429168161622e-02 8.806805694651274885e-02 -3.501078380119968525e+00 -3.501078380119968525e+00 -3.501078380119968525e+00 1.290743891028012756e-02 1.290743891028011889e-02 1.070989264501203721e-02 -2.848980623670165357e+00 1.581851416265586674e-02
-6.750000000000000000e+00 -6.750000000000000000e+00 -6.750000000000000000e+00 1.019176467970249189e-01 1.019176467970249328e-01 9.859727697072100117e-02 -3.376039866544255474e+00 -3.376039866544255474e+00 -3.376039866544255474e+00 1.377287526199744150e-02 1.377287526199745017e-02 1.138793982562096713e-02 -2.723942110094452307e+00 1.694386504137938843e-02
-6.500000000000000000e+00 -6.500000000000000000e+00 -6.500000000000000000e+00 1.143873208920433565e-01 1.143873208920433565e-01 1.106443618469386131e-01 -3.251001352968541980e+00 -3.251001352968541980e+00 -3.251001352968541980e+00 1.471955776118539540e-02 1.471955776118540581e-02 1.212606898739250309e-02 -2.598903596518738812e+00 1.818067443114664006e-02
-6.250000000000000000e+00 -6.250000000000000000e+00 -6.250000000000000000e+00 1.291190553163587551e-01 1.291190553163587551e-01 1.251623549957036619e-01 -3.125962839392828929e+00 -3.125962839392828929e+00 -3.125962839392828929e+00 1.575757035190797004e-02 1.575757035190797350e-02 1.293133563281128121e-02 -2.473865082943025762e+00 1.954338666976313324e-02
-6.000000000000000000e+00 -6.000000000000000000e+00 -6.000000000000000000e+00 1.462062073925158301e-01 1.462062073925158301e-01 1.419360987666036522e-01 -3.000924325817115879e+00 -3.000924325817115879e+00 -3.000924325817115879e+00 1.689856460918279235e-02 1.689856460918280970e-02 1.381183867151241501e-02 -2.348826569367312711e+00 2.104877639254921703e-02
-5.750000000000000000e+00 -5.750000000000000000e+00 -5.750000000000000000e+00 1.666292823817686897e-01 1.666292823817686619e-01 1.623361133732162676e-01 -2.875885812241402384e+00 -2.875885812241402384e+00 -2.875885812241402384e+00 1.815605662931836159e-02 1.815605662931837547e-02 1.477689790780453705e-02 -2.223788055791599216e+00 2.271638986433610619e-02
-5.500000000000000000e+00 -5.500000000000000000e+00 -5.500000000000000000e+00 1.905928837535213471e-01 1.905928837535212916e-01 1.861787325605324672e-01 -2.750847298665689333e+00 -2.750847298665689333e+00 -2.750847298665689333e+00 1.954578197049088376e-02 1.954578197049088376e-02 1.583728257701282408e-02 -2.098749542215886166e+00 2.456910194267974620e-02
-5.250000000000000000e+00 -5.250000000000000000e+00 -5.250000000000000000e+00 2.196392862812471258e-01 2.196392862812469593e-01 2.155106973425186256e-01 -2.625808785089976283e+00 -2.625808785089976283e+00 -2.625808785089976283e+00 2.108613739743012833e-02 2.108613739743013180e-02 1.700547175034167538e-02 -1.973711028640173115e+00 2.663378228756162550e-02
-5.000000000000000000e+00 -5.000000000000000000e+00 -5.000000000000000000e+00 2.542034986427941234e-01 2.542034986427942345e-01 2.502674580433774665e-01 -2.500770271514262788e+00 -2.500770271514262788e+00 -2.500770271514262788e+00 2.279871586427495087e-02 2.279871586427494393e-02 1.829598754159052210e-02 -1.848672515064459621e+00 2.894213701321647972e-02
-4.750000000000000000e+00 -4.750000000000000000e+00 -4.750000000000000000e+00 2.968197764457048415e-01 2.968197764457046750e-01 2.936468716040304128e-01 -2.375731757938550182e+00 -2.375731757938550182e+00 -2.375731757938550182e+00 2.470897575963992149e-02 2.470897575963989720e-02 1.972578234502527644e-02 -1.723634001488747014e+00 3.153172885200049291e-02
-4.500000000000000000e+00 -4.500000000000000000e+00 -4.500000000000000000e+00 3.484148664781617777e-01 3.484148664781618887e-01 3.459139984926292710e-01 -2.250693244362836687e+00 -2.250693244362836687e+00 -2.250693244362836687e+00 2.684706154811102377e-02 2.684706154811100295e-02 2.131473284359427720e-02 -1.598595487913033519e+00 3.444726676044740366e-02
-4.250000000000000000e+00 -4.250000000000000000e+00 -4.250000000000000000e+00 4.133781772408335331e-01 4.133781772408336441e-01 4.123456278912006057e-01 -2.125654730787123636e+00 -2.125654730787123636e+00 -2.125654730787123636e+00 2.924883693887420436e-02 2.924883693887416966e-02 2.308622494575457776e-02 -1.473556974337320469e+00 3.774218265956069684e-02
-4.000000000000000000e+00 -4.000000000000000000e+00 -4.000000000000000000e+00 4.937317411977627524e-01 4.937317411977625858e-01 4.940528591299337968e-01 -2.000616217211410586e+00 -2.000616217211410586e+00 -2.000616217211410586e+00 3.195716776372781870e-02 3.195716776372781870e-02 2.506790089517378986e-02 -1.348518460761607418e+00 4.148061789178644071e-02
-3.750000000000000000e+00 -3.750000000000000000e+00 -3.750000000000000000e+00 5.975785406335190064e-01 5.975785406335187844e-01 6.003430110147079946e-01 -1.875577703635697313e+00 -1.875577703635697313e+00 -1.875577703635697313e+00 3.502355076615062957e-02 3.502355076615058793e-02 2.729256223522301059e-02 -1.223479947185893923e+00 4.573984928926024679e-02
-3.500000000000000000e+00 -3.500000000000000000e+00 -3.500000000000000000e+00 7.295202732032116666e-01 7.295202732032116666e-01 7.344988384739618015e-01 -1.750539190059984263e+00 -1.750539190059984263e+00 -1.750539190059984263e+00 3.851016575444527607e-02 3.851016575444524831e-02 2.979933344411699048e-02 -1.098441433610180873e+00 5.061329619111504946e-02
-3.250000000000000000e+00 -3.250000000000000000e+00 -3.250000000000000000e+00 9.057203668601194746e-01 9.057203668601188085e-01 9.143383399700556469e-01 -1.625500676484270990e+00 -1.625500676484270990e+00 -1.625500676484270990e+00 4.249251672700118942e-02 4.249251672700121718e-02 3.263511015315302688e-02 -9.734029200344677113e-01 5.621409729864153271e-02
-3.000000000000000000e+00 -3.000000000000000000e+00 -3.000000000000000000e+00 1.137299969502730157e+00 1.137299969502729713e+00 1.148950218564664727e+00 -1.500462162908557939e+00 -1.500462162908557939e+00 -1.500462162908557939e+00 4.706283482649467609e-02 4.706283482649463445e-02 3.585647460897074812e-02 -8.483644064587546607e-01 6.267929079871044362e-02
-2.750000000000000000e+00 -2.750000000000000000e+00 -2.750000000000000000e+00 1.459702096906402513e+00 1.459702096906402513e+00 1.476074063132199798e+00 -1.375423649332844667e+00 -1.375423649332844667e+00 -1.375423649332844667e+00 5.233458229816018853e-02 5.233458229816015383e-02 3.953221024848279502e-02 -7.233258928830413881e-01 7.017423518367273128e-02
-2.500000000000000000e+00 -2.500000000000000000e+00 -2.500000000000000000e+00 1.902043683399204488e+00 1.902043683399202711e+00 1.921469389915945181e+00 -1.250385135757131394e+00 -1.250385135757131394e+00 -1.250385135757131394e+00 5.844852544924575982e-02 5.844852544924573901e-02 4.374684332985787766e-02 -5.982873793073281155e-01 7.889649892849916191e-02
-2.250000000000000000e+00 -2.250000000000000000e+00 -2.250000000000000000e+00 2.551679278249690874e+00 2.551679278249693983e+00 2.575729657641283588e+00 -1.125346622181418343e+00 -1.125346622181418343e+00 -1.125346622181418343e+00 6.558131451106530285e-02 6.558131451106534449e-02 4.860580094586693101e-02 -4.732488657316150649e-01 8.907689368575200106e-02
-2.000000000000000000e+00 -2.000000000000000000e+00 -2.000000000000000000e+00 3.493277398878622098e+00 3.493277398878619877e+00 3.517595714692878683e+00 -1.000308108605705293e+00 -1.000308108605705293e+00 -1.000308108605705293e+00 7.395827402795872307e-02 7.395827402795870920e-02 5.424368595131982135e-02 -3.482103521559020143e-01 1.009723069450911559e-01
-1.750000000000000000e+00 -1.750000000000000000e+00 -1.750000000000000000e+00 4.976550078975772173e+00 4.976550078975772173e+00 5.001588179558638103e+00 -8.752695950299921313e-01 -8.752695950299921313e-01 -8.752695950299921313e-01 8.387396933267625421e-02 8.387396933267619870e-02 6.083881266618652167e-02 -2.231718385801888527e-01 1.148365955919123521e-01
-1.500000000000000000e+00 -1.500000000000000000e+00 -1.500000000000000000e+00 7.285039530932665208e+00 7.285039530932665208e+00 7.300246746658512365e+00 -7.502310814542789696e-01 -7.502310814542789696e-01 -7.502310814542789696e-01 9.572553079613328741e-02 9.572553079613320415e-02 6.864221476461475346e-02 -9.813332500447569107e-02 1.308333001291887565e-01
-1.250000000000000000e+00 -1.250000000000000000e+00 -1.250000000000000000e+00 1.129194910291747433e+01 1.129194910291747078e+01 1.129517898511883800e+01 -6.251925678785656970e-01 -6.251925678785656970e-01 -6.251925678785656970e-01 1.100480196450883130e-01 1.100480196450883269e-01 7.803961534343259454e-02 2.690518857123758156e-02 1.487897480796142868e-01
-1.000000000000000000e+00 -1.000000000000000000e+00 -1.000000000000000000e+00 1.816610687980379168e+01 1.816610687980379524e+01 1.813432768928167960e+01 -5.001540543028526464e-01 -5.001540543028526464e-01 -5.001540543028526464e-01 1.274354578255137704e-01 1.274354578255138259e-01 8.967125437396299137e-02 1.519437021469506321e-01 1.675831590593155895e-01
-7.500000000000000000e-01 -7.500000000000000000e-01 -7.500000000000000000e-01 3.212942454755929589e+01 3.212942454755931010e+01 3.206039983323611153e+01 -3.751155407271394848e-01 -3.751155407271394848e-01 -3.751155407271394848e-01 1.479647486608393070e-01 1.479647486608392515e-01 1.045579387183243752e-01 2.769822157226637938e-01 1.841006858573004390e-01
-5.000000000000000000e-01 -5.000000000000000000e-01 -5.000000000000000000e-01 6.024173057554439481e+01 6.024173057554437349e+01 6.009306957671466165e+01 -2.500770271514263232e-01 -2.500770271514263232e-01 -2.500770271514263232e-01 1.697389567301570146e-01 1.697389567301569591e-01 1.238485871248374143e-01 4.020207292983769554e-01 1.928762974329703839e-01
-2.500000000000000000e-01 -2.500000000000000000e-01 -2.500000000000000000e-01 1.485815861068930701e+02 1.485815861068930701e+02 1.483917806903509700e+02 -1.250385135757131616e-01 -1.250385135757131616e-01 -1.250385135757131616e-01 1.875585013786572885e-01 1.875585013786572608e-01 1.474076600357117350e-01 5.270592428740901170e-01 1.886999954568209792e-01
0.000000000000000000e+00 0.000000000000000000e+00 0.000000000000000000e+00 3.924026540444615989e+02 3.924026540444621673e+02 3.921141322348386211e+02 0.000000000000000000e+00 0.000000000000000000e+00 0.000000000000000000e+00 1.946011368690110932e-01 1.946011368690110377e-01 1.714869389213747874e-01 6.520977564498032786e-01 1.714869389213747874e-01
2.500000000000000000e-01 2.500000000000000000e-01 2.500000000000000000e-01 1.485815861068931270e+02 1.485815861068931554e+02 1.483917806903510552e+02 1.250385135757131616e-01 1.250385135757131616e-01 1.250385135757131616e-01 1.875585013786572330e-01 1.875585013786572053e-01 1.886999954568209792e-01 7.771362700255164402e-01 1.474076600357117350e-01
5.000000000000000000e-01 5.000000000000000000e-01 5.000000000000000000e-01 6.024173057554453692e+01 6.024173057554448718e+01 6.009306957671478955e+01 2.500770271514263232e-01 2.500770271514263232e-01 2.500770271514263232e-01 1.697389567301569036e-01 1.697389567301568480e-01 1.928762974329703839e-01 9.021747836012296018e-01 1.238485871248374143e-01
7.500000000000000000e-01 7.500000000000000000e-01 7.500000000000000000e-01 3.212942454755929589e+01 3.212942454755931010e+01 3.206039983323610443e+01 3.751155407271394848e-01 3.751155407271394848e-01 3.751155407271394848e-01 1.479647486608392792e-01 1.479647486608392515e-01 1.841006858573004390e-01 1.027213297176942763e+00 1.045579387183243752e-01
1.000000000000000000e+00 1.000000000000000000e+00 1.000000000000000000e+00 1.816610687980386274e+01 1.816610687980386274e+01 1.813432768928173999e+01 5.001540543028526464e-01 5.001540543028526464e-01 5.001540543028526464e-01 1.274354578255136317e-01 1.274354578255136594e-01 1.675831590593155895e-01 1.152251810752655814e+00 8.967125437396299137e-02
1.250000000000000000e+00 1.250000000000000000e+00 1.250000000000000000e+00 1.129194910291751519e+01 1.129194910291751519e+01 1.129517898511887353e+01 6.251925678785656970e-01 6.251925678785656970e-01 6.251925678785656970e-01 1.100480196450881742e-01 1.100480196450881326e-01 1.487897480796142868e-01 1.277290324328368865e+00 7.803961534343259454e-02
1.500000000000000000e+00 1.500000000000000000e+00 1.500000000000000000e+00 7.285039530932665208e+00 7.285039530932665208e+00 7.300246746658510588e+00 7.502310814542789696e-01 7.502310814542789696e-01 7.502310814542789696e-01 9.572553079613327354e-02 9.572553079613319027e-02 1.308333001291887565e-01 1.402328837904082359e+00 6.864221476461475346e-02
1.750000000000000000e+00 1.750000000000000000e+00 1.750000000000000000e+00 4.976550078975797931e+00 4.976550078975795266e+00 5.001588179558655867e+00 8.752695950299921313e-01 8.752695950299921313e-01 8.752695950299921313e-01 8.387396933267635135e-02 8.387396933267632360e-02 1.148365955919123521e-01 1.527367351479795410e+00 6.083881266618652167e-02
2.000000000000000000e+00 2.000000000000000000e+00 2.000000000000000000e+00 3.493277398878635420e+00 3.493277398878631868e+00 3.517595714692889342e+00 1.000308108605705293e+00 1.000308108605705293e+00 1.000308108605705293e+00 7.395827402795884797e-02 7.395827402795882022e-02 1.009723069450911559e-01 1.652405865055508460e+00 5.424368595131982135e-02
2.250000000000000000e+00 2.250000000000000000e+00 2.250000000000000000e+00 2.551679278249690874e+00 2.551679278249693983e+00 2.575729657641284032e+00 1.125346622181418343e+00 1.125346622181418343e+00 1.125346622181418343e+00 6.558131451106527510e-02 6.558131451106533061e-02 8.907689368575200106e-02 1.777444378631221511e+00 4.860580094586693101e-02
2.500000000000000000e+00 2.500000000000000000e+00 2.500000000000000000e+00 1.902043683399216034e+00 1.902043683399214258e+00 1.921469389915953840e+00 1.250385135757131394e+00 1.250385135757131394e+00 1.250385135757131394e+00 5.844852544924558635e-02 5.844852544924557247e-02 7.889649892849916191e-02 1.902482892206934562e+00 4.374684332985787766e-02
2.750000000000000000e+00 2.750000000000000000e+00 2.750000000000000000e+00 1.459702096906408952e+00 1.459702096906408952e+00 1.476074063132205128e+00 1.375423649332844667e+00 1.375423649332844667e+00 1.375423649332844667e+00 5.233458229816001506e-02 5.233458229815997342e-02 7.017423518367273128e-02 2.027521405782648056e+00 3.953221024848279502e-02
3.000000000000000000e+00 3.000000000000000000e+00 3.000000000000000000e+00 1.137299969502730157e+00 1.137299969502729713e+00 1.148950218564664949e+00 1.500462162908557939e+00 1.500462162908557939e+00 1.500462162908557939e+00 4.706283482649466915e-02 4.706283482649461364e-02 6.267929079871044362e-02 2.152559919358361107e+00 3.585647460897074812e-02
3.250000000000000000e+00 3.250000000000000000e+00 3.250000000000000000e+00 9.057203668601261359e-01 9.057203668601259139e-01 9.143383399700600878e-01 1.625500676484270990e+00 1.625500676484270990e+00 1.625500676484270990e+00 4.249251672700134208e-02 4.249251672700134902e-02 5.621409729864153271e-02 2.277598432934074157e+00 3.263511015315302688e-02
3.500000000000000000e+00 3.500000000000000000e+00 3.500000000000000000e+00 7.295202732032154413e-01 7.295202732032155524e-01 7.344988384739637999e-01 1.750539190059984263e+00 1.750539190059984263e+00 1.750539190059984263e+00 3.851016575444543566e-02 3.851016575444540097e-02 5.061329619111504946e-02 2.402636946509787652e+00 2.979933344411699048e-02
3.750000000000000000e+00 3.750000000000000000e+00 3.750000000000000000e+00 5.975785406335190064e-01 5.975785406335188954e-01 6.003430110147079946e-01 1.875577703635697313e+00 1.875577703635697313e+00 1.875577703635697313e+00 3.502355076615061569e-02 3.502355076615060181e-02 4.573984928926024679e-02 2.527675460085500703e+00 2.729256223522301059e-02
4.000000000000000000e+00 4.000000000000000000e+00 4.000000000000000000e+00 4.937317411977661386e-01 4.937317411977658055e-01 4.940528591299355177e-01 2.000616217211410586e+00 2.000616217211410586e+00 2.000616217211410586e+00 3.195716776372767992e-02 3.195716776372767992e-02 4.148061789178644071e-02 2.652713973661213753e+00 2.506790089517378986e-02
4.250000000000000000e+00 4.250000000000000000e+00 4.250000000000000000e+00 4.133781772408355315e-01 4.133781772408356980e-01 4.123456278912017159e-01 2.125654730787123636e+00 2.125654730787123636e+00 2.125654730787123636e+00 2.924883693887406211e-02 2.924883693887404823e-02 3.774218265956069684e-02 2.777752487236926804e+00 2.308622494575457776e-02
4.500000000000000000e+00 4.500000000000000000e+00 4.500000000000000000e+00 3.484148664781617777e-01 3.484148664781618332e-01 3.459139984926292155e-01 2.250693244362836687e+00 2.250693244362836687e+00 2.250693244362836687e+00 2.684706154811101336e-02 2.684706154811099255e-02 3.444726676044740366e-02 2.902791000812639854e+00 2.131473284359427720e-02
4.750000000000000000e+00 4.750000000000000000e+00 4.750000000000000000e+00 2.968197764457070065e-01 2.968197764457068955e-01 2.936468716040316895e-01 2.375731757938550182e+00 2.375731757938550182e+00 2.375731757938550182e+00 2.470897575964006027e-02 2.470897575964004639e-02 3.153172885200049291e-02 3.027829514388353349e+00 1.972578234502527644e-02
5.000000000000000000e+00 5.000000000000000000e+00 5.000000000000000000e+00 2.542034986427951782e-01 2.542034986427951782e-01 2.502674580433777995e-01 2.500770271514262788e+00 2.500770271514262788e+00 2.500770271514262788e+00 2.279871586427508964e-02 2.279871586427506536e-02 2.894213701321647972e-02 3.152868027964065956e+00 1.829598754159052210e-02
5.250000000000000000e+00 5.250000000000000000e+00 5.250000000000000000e+00 2.196392862812471258e-01 2.196392862812469593e-01 2.155106973425186534e-01 2.625808785089976283e+00 2.625808785089976283e+00 2.625808785089976283e+00 2.108613739743012139e-02 2.108613739743011445e-02 2.663378228756162550e-02 3.277906541539779450e+00 1.700547175034167538e-02
5.500000000000000000e+00 5.500000000000000000e+00 5.500000000000000000e+00 1.905928837535229015e-01 1.905928837535229847e-01 1.861787325605331056e-01 2.750847298665689333e+00 2.750847298665689333e+00 2.750847298665689333e+00 1.954578197049074151e-02 1.954578197049074498e-02 2.456910194267974620e-02 3.402945055115492501e+00 1.583728257701282408e-02
5.750000000000000000e+00 5.750000000000000000e+00 5.750000000000000000e+00 1.666292823817696611e-01 1.666292823817696334e-01 1.623361133732166839e-01 2.875885812241402384e+00 2.875885812241402384e+00 2.875885812241402384e+00 1.815605662931822281e-02 1.815605662931823322e-02 2.271638986433610619e-02 3.527983568691205551e+00 1.477689790780453705e-02
6.000000000000000000e+00 6.000000000000000000e+00 6.000000000000000000e+00 1.462062073925158023e-01 1.462062073925158578e-01 1.419360987666036522e-01 3.000924325817115879e+00 3.000924325817115879e+00 3.000924325817115879e+00 1.689856460918278888e-02 1.689856460918280970e-02 2.104877639254921703e-02 3.653022082266919046e+00 1.381183867151241501e-02
6.250000000000000000e+00 6.250000000000000000e+00 6.250000000000000000e+00 1.291190553163600319e-01 1.291190553163598931e-01 1.251623549957043280e-01 3.125962839392828929e+00 3.125962839392828929e+00 3.125962839392828929e+00 1.575757035190810881e-02 1.575757035190812269e-02 1.954338666976313324e-02 3.778060595842632097e+00 1.293133563281128121e-02
6.500000000000000000e+00 6.500000000000000000e+00 6.500000000000000000e+00 1.143873208920440782e-01 1.143873208920441475e-01 1.106443618469389323e-01 3.251001352968541980e+00 3.251001352968541980e+00 3.251001352968541980e+00 1.471955776118553938e-02 1.471955776118554458e-02 1.818067443114664006e-02 3.903099109418345147e+00 1.212606898739250309e-02
6.750000000000000000e+00 6.750000000000000000e+00 6.750000000000000000e+00 1.019176467970249189e-01 1.019176467970249328e-01 9.859727697072100117e-02 3.376039866544255474e+00 3.376039866544255474e+00 3.376039866544255474e+00 1.377287526199743456e-02 1.377287526199744150e-02 1.694386504137938843e-02 4.028137622994059086e+00 1.138793982562096713e-02
7.000000000000000000e+00 7.000000000000000000e+00 7.000000000000000000e+00 9.106352429168237950e-02 9.106352429168236562e-02 8.806805694651316518e-02 3.501078380119968525e+00 3.501078380119968525e+00 3.501078380119968525e+00 1.290743891027998705e-02 1.290743891027998531e-02 1.581851416265586674e-02 4.153176136569771693e+00 1.070989264501203721e-02
7.250000000000000000e+00 7.250000000000000000e+00 7.250000000000000000e+00 8.178619339889733886e-02 8.178619339889733886e-02 7.926736044117796420e-02 3.626116893695682020e+00 3.626116893695682020e+00 3.626116893695682020e+00 1.211449290718462704e-02 1.211449290718461663e-02 1.479213289377338120e-02 4.278214650145485187e+00 1.008575611009436372e-02
7.500000000000000000e+00 7.500000000000000000e+00 7.500000000000000000e+00 7.364611692964449785e-02 7.364611692964449785e-02 7.151095721536707139e-02 3.751155407271394626e+00 3.751155407271394626e+00 3.751155407271394626e+00 1.138640654188978474e-02 1.138640654188977953e-02 1.385389077750277462e-02 4.403253163721197794e+00 9.510120560996532593e-03
7.750000000000000000e+00 7.750000000000000000e+00 7.750000000000000000e+00 6.663131402443793483e-02 6.663131402443790707e-02 6.499135353392183900e-02 3.876193920847107677e+00 3.876193920847107677e+00 3.876193920847107677e+00 1.071650998594640171e-02 1.071650998594639130e-02 1.299435901124870209e-02 4.528291677296911288e+00 8.978225327089519800e-03
8.000000000000000000e+00 8.000000000000000000e+00 8.000000000000000000e+00 6.043512920823259499e-02 6.043512920823256029e-02 5.920374840118463461e-02 4.001232434422821171e+00 4.001232434422821171e+00 4.001232434422821171e+00 1.009895305253273763e-02 1.009895305253273069e-02 1.220530745587404022e-02 4.653330190872624783e+00 8.485873191896142753e-03
8.250000000000000000e+00 8.250000000000000000e+00 8.250000000000000000e+00 5.505838214316614854e-02 5.505838214316616241e-02 5.431858918522413510e-02 4.126270947998534666e+00 4.126270947998534666e+00 4.126270947998534666e+00 9.528590881722091149e-03 9.528590881722106762e-03 1.147952564884962591e-02 4.778368704448338278e+00 8.029349424978021385e-03
8.500000000000000000e+00 8.500000000000000000e+00 8.500000000000000000e+00 5.028237130196542420e-02 5.028237130196542420e-02 4.995461786427720513e-02 4.251309461574247273e+00 4.251309461574247273e+00 4.251309461574247273e+00 9.000884102522760041e-03 9.000884102522775654e-03 1.081068200979977932e-02 4.903407218024050884e+00 7.605361395083592296e-03
8.750000000000000000e+00 8.750000000000000000e+00 8.750000000000000000e+00 4.611360310813635704e-02 4.611360310813634317e-02 4.626047835070234981e-02 4.376347975149959879e+00 4.376347975149959879e+00 4.376347975149959879e+00 8.511818109566181637e-03 8.511818109566190310e-03 1.019319698830736635e-02 5.028445731599763491e+00 7.210979515580731060e-03
9.000000000000000000e+00 9.000000000000000000e+00 9.000000000000000000e+00 4.239314794708875372e-02 4.239314794708873985e-02 4.294230565747988310e-02 4.501386488725673374e+00 4.501386488725673374e+00 4.501386488725673374e+00 8.057831403697264527e-03 8.057831403697278405e-03 9.622144077758413433e-03 5.153484245175476985e+00 6.843594181550422852e-03
9.250000000000000000e+00 9.250000000000000000e+00 9.250000000000000000e+00 3.912957939273723623e-02 3.912957939273722235e-02 4.012883483815412461e-02 4.626425002301386868e+00 4.626425002301386868e+00 4.626425002301386868e+00 7.635757831122356662e-03 7.635757831122360999e-03 9.093158478727129609e-03 5.278522758751190480e+00 6.500872065366295263e-03
9.500000000000000000e+00 9.500000000000000000e+00 9.500000000000000000e+00 3.620553053080732137e-02 3.620553053080730749e-02 3.758950448371618097e-02 4.751463515877100363e+00 4.751463515877100363e+00 4.751463515877100363e+00 7.242774399747959994e-03 7.242774399747961729e-03 8.602366644697503895e-03 5.403561272326903975e+00 6.180725129945960003e-03
9.750000000000000000e+00 9.750000000000000000e+00 9.750000000000000000e+00 3.362983445144399758e-02 3.362983445144399064e-02 3.543553445286597159e-02 4.876502029452812970e+00 4.876502029452812970e+00 4.876502029452812970e+00 6.876359442419275984e-03 6.876359442419277719e-03 8.146319525153478819e-03 5.528599785902616581e+00 5.881277824046926041e-03
1.000000000000000000e+01 1.000000000000000000e+01 1.000000000000000000e+01 3.131461103394887757e-02 3.131461103394886369e-02 3.348318776041226547e-02 5.001540543028525576e+00 5.001540543028525576e+00 5.001540543028525576e+00 6.534254092955246555e-03 6.534254092955246555e-03 7.721941861359929958e-03 5.653638299478329188e+00 5.600844609261663477e-03
1.025000000000000000e+01 1.025000000000000000e+01 1.025000000000000000e+01 2.926809502709787347e-02 2.926809502709785960e-02 3.182856015995942645e-02 5.126579056604239071e+00 5.126579056604239071e+00 5.126579056604239071e+00 6.214431642995673494e-03 6.214431642995676096e-03 7.326482697609470671e-03 5.778676813054042682e+00 5.337904998378115509e-03
1.050000000000000000e+01 1.050000000000000000e+01 1.050000000000000000e+01 2.742369815595558508e-02 2.742369815595555385e-02 3.032320060306786108e-02 5.251617570179952565e+00 5.251617570179952565e+00 5.251617570179952565e+00 5.915068732747170988e-03 5.915068732747178794e-03 6.957478529743137824e-03 5.903715326629756177e+00 5.091087148909949692e-03
1.075000000000000000e+01 1.075000000000000000e+01 1.075000000000000000e+01 2.578869731837534277e-02 2.578869731837534277e-02 2.905026555023000612e-02 5.376656083755666060e+00 5.376656083755666060e+00 5.376656083755666060e+00 5.634522676538781041e-03 5.634522676538794919e-03 6.612716120955573068e-03 6.028753840205469672e+00 4.859148618364748928e-03
1.100000000000000000e+01 1.100000000000000000e+01 1.100000000000000000e+01 2.431211990073318605e-02 2.431211990073318605e-02 2.788834125303657138e-02 5.501694597331378667e+00 5.501694597331378667e+00 5.501694597331378667e+00 5.371309654146977364e-03 5.371309654146999915e-03 6.290205485624911046e-03 6.153792353781182278e+00 4.640964323658239993e-03
1.125000000000000000e+01 1.125000000000000000e+01 1.125000000000000000e+01 2.300018369210954719e-02 2.300018369210954025e-02 2.690955804098988172e-02 5.626733110907092161e+00 5.626733110907092161e+00 5.626733110907092161e+00 5.124087776651767463e-03 5.124087776651786545e-03 5.988151590859320389e-03 6.278830867356895773e+00 4.435511515915295348e-03
1.150000000000000000e+01 1.150000000000000000e+01 1.150000000000000000e+01 2.181352768729978228e-02 2.181352768729976147e-02 2.601353180578847013e-02 5.751771624482804768e+00 5.751771624482804768e+00 5.751771624482804768e+00 4.891640385641778978e-03 4.891640385641803264e-03 5.704934401783274232e-03 6.403869380932608379e+00 4.241860910709312725e-03
1.175000000000000000e+01 1.175000000000000000e+01 1.175000000000000000e+01 2.075733864433463791e-02 2.075733864433464138e-02 2.526300522697224465e-02 5.876810138058518262e+00 5.876810138058518262e+00 5.876810138058518262e+00 4.672863299764898858e-03 4.672863299764917072e-03 5.439087081598831426e-03 6.528907894508321874e+00 4.059164815085022568e-03
1.200000000000000000e+01 1.200000000000000000e+01 1.200000000000000000e+01 1.980099599158891346e-02 1.980099599158890653e-02 2.457417428391641540e-02 6.001848651634231757e+00 6.001848651634231757e+00 6.001848651634231757e+00 4.466751884949193493e-03 4.466751884949212575e-03 5.189281158892381472e-03 6.653946408084035369e+00 3.886650579898363878e-03
1.225000000000000000e+01 1.225000000000000000e+01 1.225000000000000000e+01 1.894874350931982643e-02 1.894874350931981602e-02 2.400178074385129340e-02 6.126887165209944364e+00 6.126887165209944364e+00 6.126887165209944364e+00 4.272391376935373922e-03 4.272391376935392136e-03 4.954309537702731789e-03 6.778984921659747975e+00 3.723611109411331058e-03
1.250000000000000000e+01 1.250000000000000000e+01 1.250000000000000000e+01 1.817661161683829796e-02 1.817661161683829449e-02 2.347525473892959902e-02 6.251925678785657858e+00 6.251925678785657858e+00 6.251925678785657858e+00 4.088946766766844015e-03 4.088946766766861363e-03 4.733075414848311735e-03 6.904023435235461470e+00 3.569400026899779196e-03
1.275000000000000000e+01 1.275000000000000000e+01 1.275000000000000000e+01 1.748801212421441029e-02 1.748801212421440335e-02 2.304250376965241709e-02 6.376964192361371353e+00 6.376964192361371353e+00 6.376964192361371353e+00 3.915655407936634649e-03 3.915655407936648527e-03 4.524578891132923116e-03 7.029061948811174965e+00 3.423424005599791896e-03
1.300000000000000000e+01 1.300000000000000000e+01 1.300000000000000000e+01 1.686408545626223721e-02 1.686408545626223721e-02 2.264364119835086953e-02 6.502002705937083959e+00 6.502002705937083959e+00 6.502002705937083959e+00 3.751819026028245952e-03 3.751819026028256794e-03 4.327908657470996151e-03 7.154100462386887571e+00 3.285139206707996494e-03
1.325000000000000000e+01 1.325000000000000000e+01 1.325000000000000000e+01 1.630752610592004284e-02 1.630752610592004631e-02 2.232071924556184098e-02 6.627041219512798342e+00 6.627041219512798342e+00 6.627041219512798342e+00 3.596798037561211962e-03 3.596798037561220636e-03 4.142231331808844848e-03 7.279138975962601954e+00 3.154045018063584335e-03
1.350000000000000000e+01 1.350000000000000000e+01 1.350000000000000000e+01 1.580343416284576974e-02 1.580343416284577321e-02 2.202256518677028069e-02 6.752079733088510949e+00 6.752079733088510949e+00 6.752079733088510949e+00 3.450005178618048216e-03 3.450005178618054287e-03 3.966785205146061179e-03 7.404177489538314560e+00 3.029681442475562047e-03
1.375000000000000000e+01 1.375000000000000000e+01 1.375000000000000000e+01 1.535389552095819260e-02 1.535389552095820127e-02 2.178619712821226045e-02 6.877118246664223555e+00 6.877118246664223555e+00 6.877118246664223555e+00 3.310901116509948599e-03 3.310901116509949033e-03 3.800871663348016211e-03 7.529216003114027167e+00 2.911623936200527160e-03
1.400000000000000000e+01 1.400000000000000000e+01 1.400000000000000000e+01 1.494710169336166232e-02 1.494710169336166926e-02 2.156761848668740586e-02 7.002156760239937050e+00 7.002156760239937050e+00 7.002156760239937050e+00 3.178989324385865078e-03 3.178989324385866812e-03 3.643850476052040363e-03 7.654254516689740662e+00 2.799481510416984651e-03
1.425000000000000000e+01 1.425000000000000000e+01 1.425000000000000000e+01 1.458462849533949043e-02 1.458462849533950431e-02 2.139950266230973910e-02 7.127195273815649657e+00 7.127195273815649657e+00 7.127195273815649657e+00 3.053812676630057905e-03 3.053812676630054870e-03 3.495132829471470429e-03 7.779293030265453268e+00 2.692892438024977082e-03
1.450000000000000000e+01 1.450000000000000000e+01 1.450000000000000000e+01 1.425709692134713089e-02 1.425709692134713436e-02 2.124381583894946121e-02 7.252233787391364039e+00 7.252233787391364039e+00 7.252233787391364039e+00 2.934949291399559061e-03 2.934949291399552990e-03 3.354177777807438969e-03 7.904331543841167651e+00 2.591522892314632957e-03
1.475000000000000000e+01 1.475000000000000000e+01 1.475000000000000000e+01 1.396565962912552951e-02 1.396565962912553471e-02 2.112946650005544103e-02 7.377272300967076646e+00 7.377272300967076646e+00 7.377272300967076646e+00 2.822009879723373030e-03 2.822009879723367826e-03 3.220486533197614368e-03 8.029370057416880258e+00 2.495063346522774072e-03
1.500000000000000000e+01 1.500000000000000000e+01 1.500000000000000000e+01 1.370285777665831636e-02 1.370285777665830595e-02 2.102341702593448977e-02 7.502310814542789252e+00 7.502310814542789252e+00 7.502310814542789252e+00 2.714634346839464758e-03 2.714634346839463457e-03 3.093599797495346932e-03 8.154408570992591976e+00 2.403227618317238523e-03
1.525000000000000000e+01 1.525000000000000000e+01 1.525000000000000000e+01 1.346949627302306690e-02 1.346949627302305996e-02 2.095129966338893021e-02 7.627349328118502747e+00 7.627349328118502747e+00 7.627349328118502747e+00 2.612489722452356142e-03 2.612489722452350938e-03 2.973093042743017896e-03 8.279447084568305470e+00 2.315749827845341949e-03
1.550000000000000000e+01 1.550000000000000000e+01 1.550000000000000000e+01 1.325964124787669049e-02 1.325964124787668529e-02 2.088429629378837915e-02 7.752387841694215354e+00 7.752387841694215354e+00 7.752387841694215354e+00 2.515267362275133353e-03 2.515267362275133353e-03 2.858574512472396127e-03 8.404485598144018965e+00 2.232383749412542549e-03
1.575000000000000000e+01 1.575000000000000000e+01 1.575000000000000000e+01 1.307381456899523592e-02 1.307381456899523939e-02 2.084517583407960450e-02 7.877426355269929736e+00 7.877426355269929736e+00 7.877426355269929736e+00 2.422681329099011811e-03 2.422681329099011811e-03 2.749681290079187580e-03 8.529524111719732460e+00 2.152900224586795468e-03
1.600000000000000000e+01 1.600000000000000000e+01 1.600000000000000000e+01 1.290729833047276828e-02 1.290729833047277349e-02 2.080871057430742216e-02 8.002464868845642343e+00 8.002464868845642343e+00 8.002464868845642343e+00 2.334466073361037182e-03 2.334466073361039350e-03 2.646077810987236285e-03 8.654562625295445955e+00 2.077086746756522627e-03
1.625000000000000000e+01 1.625000000000000000e+01 1.625000000000000000e+01 1.276038647707797465e-02 1.276038647707797465e-02 2.079515588054968445e-02 8.127503382421354061e+00 8.127503382421354061e+00 8.127503382421354061e+00 2.250375165944659261e-03 2.250375165944658827e-03 2.547452563697285861e-03 8.779601138871157673e+00 2.004745249129787597e-03
1.650000000000000000e+01 1.650000000000000000e+01 1.650000000000000000e+01 1.262933374241395276e-02 1.262933374241396144e-02 2.078236122124428598e-02 8.252541895997069332e+00 8.252541895997069332e+00 8.252541895997069332e+00 2.170179364571396888e-03 2.170179364571396888e-03 2.453516992687764225e-03 8.904639652446872944e+00 1.935691866094265334e-03
1.675000000000000000e+01 1.675000000000000000e+01 1.675000000000000000e+01 1.251425286434132249e-02 1.251425286434132075e-02 2.078836546588700568e-02 8.377580409572781051e+00 8.377580409572781051e+00 8.377580409572781051e+00 2.093665622642982942e-03 2.093665622642985544e-03 2.364002712337896165e-03 9.029678166022584662e+00 1.869755033746489398e-03
1.700000000000000000e+01 1.700000000000000000e+01 1.700000000000000000e+01 1.241217837639777694e-02 1.241217837639778561e-02 2.079367381297990425e-02 8.502618923148494545e+00 8.502618923148494545e+00 8.502618923148494545e+00 2.020635469396540092e-03 2.020635469396544863e-03 2.278660709113183597e-03 9.154716679598298157e+00 1.806775385850682399e-03
1.725000000000000000e+01 1.725000000000000000e+01 1.725000000000000000e+01 1.232308126758079915e-02 1.232308126758079915e-02 2.081436151825315911e-02 8.627657436724208040e+00 8.627657436724208040e+00 8.627657436724208040e+00 1.950904236786606648e-03 1.950904236786614454e-03 2.197258975292706949e-03 9.279755193174011652e+00 1.746604118368130960e-03
1.750000000000000000e+01 1.750000000000000000e+01 1.750000000000000000e+01 1.224462214647240206e-02 1.224462214647240380e-02 2.083324140044955086e-02 8.752695950299919758e+00 8.752695950299919758e+00 8.752695950299919758e+00 1.884299697512975633e-03 1.884299697512988427e-03 2.119581940506090698e-03 9.404793706749723370e+00 1.689102988576588480e-03
1.775000000000000000e+01 1.775000000000000000e+01 1.775000000000000000e+01 1.217666349940120171e-02 1.217666349940120345e-02 2.086464084840486746e-02 8.877734463875635029e+00 8.877734463875635029e+00 8.877734463875635029e+00 1.820661465493304170e-03 1.820661465493323469e-03 2.045428452559288398e-03 9.529832220325438641e+00 1.634142906070207464e-03
1.800000000000000000e+01 1.800000000000000000e+01 1.800000000000000000e+01 1.211736881773878803e-02 1.211736881773878977e-02 2.089339127867220064e-02 9.002772977451346748e+00 9.002772977451346748e+00 9.002772977451346748e+00 1.759839848431540973e-03 1.759839848431560706e-03 1.974611384683288510e-03 9.654870733901150359e+00 1.581604012211801358e-03
1.825000000000000000e+01 1.825000000000000000e+01 1.825000000000000000e+01 1.206652004682094714e-02 1.206652004682094194e-02 2.093225661766066892e-02 9.127811491027060242e+00 9.127811491027060242e+00 9.127811491027060242e+00 1.701695388004237277e-03 1.701695388004255492e-03 1.906955906435541534e-03 9.779909247476863854e+00 1.531374469125127910e-03
1.850000000000000000e+01 1.850000000000000000e+01 1.850000000000000000e+01 1.202268437159307972e-02 1.202268437159307972e-02 2.096784584345981819e-02 9.252850004602773737e+00 9.252850004602773737e+00 9.252850004602773737e+00 1.646097893604170056e-03 1.646097893604189788e-03 1.842299225485827642e-03 9.904947761052577349e+00 1.483350603884161893e-03
1.875000000000000000e+01 1.875000000000000000e+01 1.875000000000000000e+01 1.198558667945732320e-02 1.198558667945732320e-02 2.101151725988547117e-02 9.377888518178485455e+00 9.377888518178485455e+00 9.377888518178485455e+00 1.592926096837350139e-03 1.592926096837366402e-03 1.780489103810408086e-03 1.002998627462828907e+01 1.437435874874839819e-03
1.900000000000000000e+01 1.900000000000000000e+01 1.900000000000000000e+01 1.195411765786884468e-02 1.195411765786884468e-02 2.105145564475538467e-02 9.502927031754200726e+00 9.502927031754200726e+00 9.502927031754200726e+00 1.542066841252122573e-03 1.542066841252136018e-03 1.721383702506287458e-03 1.015502478820400434e+01 1.393541071676656024e-03
1.925000000000000000e+01 1.925000000000000000e+01 1.925000000000000000e+01 1.192796483194374924e-02 1.192796483194375444e-02 2.109774890077114468e-02 9.627965545329912445e+00 9.627965545329912445e+00 9.627965545329912445e+00 1.493414832836675908e-03 1.493414832836691304e-03 1.664850308217150207e-03 1.028006330177971606e+01 1.351583445552591300e-03
1.950000000000000000e+01 1.950000000000000000e+01 1.950000000000000000e+01 1.190627733653421179e-02 1.190627733653421526e-02 2.113998823598520899e-02 9.753004058905625939e+00 9.753004058905625939e+00 9.753004058905625939e+00 1.446871967607446172e-03 1.446871967607464386e-03 1.610765257113947651e-03 1.040510181535542955e+01 1.311486962579083227e-03
1.975000000000000000e+01 1.975000000000000000e+01 1.975000000000000000e+01 1.188872183011241597e-02 1.188872183011241077e-02 2.118710701938861241e-02 9.878042572481339434e+00 9.878042572481339434e+00 9.878042572481339434e+00 1.402347166151169397e-03 1.402347166151187829e-03 1.559012844412756326e-03 1.053014032893114305e+01 1.273181592733548624e-03
2.000000000000000000e+01 2.000000000000000000e+01 2.000000000000000000e+01 1.187465297720881330e-02 1.187465297720881850e-02 2.122996044327158868e-02 1.000308108605705115e+01 1.000308108605705115e+01 1.000308108605705115e+01 1.359755827547566532e-03 1.359755827547587566e-03 1.509485309899125322e-03 1.065517884250685476e+01 1.236603621374981598e-03
2.025000000000000000e+01 2.025000000000000000e+01 2.025000000000000000e+01 1.186373036111343371e-02 1.186373036111343371e-02 2.127642655947621989e-02 1.012811959963276642e+01 1.012811959963276642e+01 1.012811959963276642e+01 1.319019742281076716e-03 1.319019742281097749e-03 1.462081910105722396e-03 1.078021735608257003e+01 1.201695100478014167e-03
2.050000000000000000e+01 2.050000000000000000e+01 2.050000000000000000e+01 1.185547105526453364e-02 1.185547105526454231e-02 2.131850465457316504e-02 1.025315811320847814e+01 1.025315811320847814e+01 1.025315811320847814e+01 1.280066667840614684e-03 1.280066667840629429e-03 1.416708953105771419e-03 1.090525586965828175e+01 1.168404233275870466e-03
2.075000000000000000e+01 2.075000000000000000e+01 2.075000000000000000e+01 1.184953907132537537e-02 1.184953907132537537e-02 2.136310226898756673e-02 1.037819662678419164e+01 1.037819662678419164e+01 1.037819662678419164e+01 1.242830321347607701e-03 1.242830321347618977e-03 1.373279018935546526e-03 1.103029438323399525e+01 1.136685003093965965e-03
2.100000000000000000e+01 2.100000000000000000e+01 2.100000000000000000e+01 1.184557873294096904e-02 1.184557873294097771e-02 2.140326194800339435e-02 1.050323514035990513e+01 1.050323514035990513e+01 1.050323514035990513e+01 1.207250080269031429e-03 1.207250080269035549e-03 1.331711036319545207e-03 1.115533289680970874e+01 1.106497659563568164e-03
2.125000000000000000e+01 2.125000000000000000e+01 2.125000000000000000e+01 1.184326804361145354e-02 1.184326804361145180e-02 2.144499297124284262e-02 1.062827365393561863e+01 1.062827365393561863e+01 1.062827365393561863e+01 1.173271065022732460e-03 1.173271065022728991e-03 1.291929642768664937e-03 1.128037141038542224e+01 1.077808557207962257e-03
2.150000000000000000e+01 2.150000000000000000e+01 2.150000000000000000e+01 1.184234993725527887e-02 1.184234993725528061e-02 2.148229654661086216e-02 1.075331216751133212e+01 1.075331216751133212e+01 1.075331216751133212e+01 1.140843979002103669e-03 1.140843979002097381e-03 1.253865300920464386e-03 1.140540992396113573e+01 1.050590791250280041e-03
2.175000000000000000e+01 2.175000000000000000e+01 2.175000000000000000e+01 1.184252432177099017e-02 1.184252432177099017e-02 2.152034492358608636e-02 1.087835068108704384e+01 1.087835068108704384e+01 1.087835068108704384e+01 1.109925304075163374e-03 1.109925304075157302e-03 1.217453795977586429e-03 1.153044843753684745e+01 1.024824301491820576e-03
2.200000000000000000e+01 2.200000000000000000e+01 2.200000000000000000e+01 1.184360948278207100e-02 1.184360948278207794e-02 2.155402735099486503e-02 1.100338919466275733e+01 1.100338919466275733e+01 1.100338919466275733e+01 1.080477310010811119e-03 1.080477310010805698e-03 1.182636394979083875e-03 1.165548695111256094e+01 1.000496732151980777e-03
2.225000000000000000e+01 2.225000000000000000e+01 2.225000000000000000e+01 1.184533373330459716e-02 1.184533373330459542e-02 2.158773052484565247e-02 1.112842770823847083e+01 1.112842770823847083e+01 1.112842770823847083e+01 1.052468405578193406e-03 1.052468405578194056e-03 1.149359486411782785e-03 1.178052546468827444e+01 9.776038841551224455e-04
2.250000000000000000e+01 2.250000000000000000e+01 2.250000000000000000e+01 1.184757193726751305e-02 1.184757193726750438e-02 2.161717326725673405e-02 1.125346622181418432e+01 1.125346622181418432e+01 1.125346622181418432e+01 1.025873373423798890e-03 1.025873373423805829e-03 1.117574792323039294e-03 1.190556397826398793e+01 9.561508961872769614e-04
2.275000000000000000e+01 2.275000000000000000e+01 2.275000000000000000e+01 1.185008609780572805e-02 1.185008609780572805e-02 2.164599948150159117e-02 1.137850473538989782e+01 1.137850473538989782e+01 1.137850473538989782e+01 1.000673954065684195e-03 1.000673954065693736e-03 1.087239162938927368e-03 1.203060249183970143e+01 9.361531312486268824e-04
2.300000000000000000e+01 2.300000000000000000e+01 2.300000000000000000e+01 1.185279266495113670e-02 1.185279266495113670e-02 2.167070979306163353e-02 1.150354324896560954e+01 1.150354324896560954e+01 1.150354324896560954e+01 9.768594114494381659e-04 9.768594114494518268e-04 1.058314856787039623e-03 1.215564100541541315e+01 9.176377251952290729e-04
2.325000000000000000e+01 2.325000000000000000e+01 2.325000000000000000e+01 1.185549156042261208e-02 1.185549156042261729e-02 2.169424020045455925e-02 1.162858176254132303e+01 1.162858176254132303e+01 1.162858176254132303e+01 9.544275085033284084e-04 9.544275085033428283e-04 1.030769484581628903e-03 1.228067951899112664e+01 9.006448410409258459e-04
2.350000000000000000e+01 2.350000000000000000e+01 2.350000000000000000e+01 1.185812906050751070e-02 1.185812906050750550e-02 2.171383490571609717e-02 1.175362027611703652e+01 1.175362027611703652e+01 1.175362027611703652e+01 9.333857805481868579e-04 9.333857805482021451e-04 1.004575982737805802e-03 1.240571803256684014e+01 8.852297847387682883e-04
2.375000000000000000e+01 2.375000000000000000e+01 2.375000000000000000e+01 1.186054630458257056e-02 1.186054630458256882e-02 2.173174969241138677e-02 1.187865878969275002e+01 1.187865878969275002e+01 1.187865878969275002e+01 9.137550906836616792e-04 9.137550906836778338e-04 9.797085219756561988e-04 1.253075654614255363e+01 8.714709394084913744e-04
2.400000000000000000e+01 2.400000000000000000e+01 2.400000000000000000e+01 1.186271044600365789e-02 1.186271044600365789e-02 2.174594275514073888e-02 1.200369730326846351e+01 1.200369730326846351e+01 1.200369730326846351e+01 8.955863272254779156e-04 8.955863272254934197e-04 9.561143226322326577e-04 1.265579505971826713e+01 8.595243310407456707e-04
2.425000000000000000e+01 2.425000000000000000e+01 2.425000000000000000e+01 1.186450631053302153e-02 1.186450631053302326e-02 2.175801068068607819e-02 1.212873581684417523e+01 1.212873581684417523e+01 1.212873581684417523e+01 8.790354584565970289e-04 8.790354584566130751e-04 9.336051572359584149e-04 1.278083357329397884e+01 8.498647017589532277e-04
2.450000000000000000e+01 2.450000000000000000e+01 2.450000000000000000e+01 1.186591547463528885e-02 1.186591547463528365e-02 2.176660403310635289e-02 1.225377433041988873e+01 1.225377433041988873e+01 1.225377433041988873e+01 8.645809222804050342e-04 8.645809222804243330e-04 9.116986018413634867e-04 1.290587208686969234e+01 8.438484124001562493e-04
2.475000000000000000e+01 2.475000000000000000e+01 2.475000000000000000e+01 1.186686816285765708e-02 1.186686816285766055e-02 2.177267494322399077e-02 1.237881284399560222e+01 1.237881284399560222e+01 1.237881284399560222e+01 8.533383666877940961e-04 8.533383666878149127e-04 8.899169591003454035e-04 1.303091060044540583e+01 8.440151332704714160e-04
2.500000000000000000e+01 2.500000000000000000e+01 2.500000000000000000e+01 1.186735619162279133e-02 1.186735619162278613e-02 2.177555219225712005e-02 1.250385135757131572e+01 1.250385135757131572e+01 1.250385135757131572e+01 8.470133557483468809e-04 8.470133557483676976e-04 8.691504717293898827e-04 1.315594911402111933e+01 8.526554295567628956e-04
