2.365911112498131907e-01
-5.000000000000000000e+00
1.000000000000000000e+00
1.000000000000000000e+00
1.000000000000000000e+00
6.283185307179586232e-01
7.926654595212021537e-01
-6.688697949391217978e-01
8.880660176889879631e-01
1.204103333613611548e+00
2.161630132779259750e-01
1.843949935375634869e-02
-1.997675772386895865e+00
1.084526074290673936e+00
1.630478534535017288e-01
1.630478534535033663e-01
9.217106560710397467e-01
1.000000000000001554e+00
1.000484204323023762e+00
1.000290518635317261e+00
1.827428619994319464e-02
1.843949935698307313e-02
1.500462162908557717e+00
