-2.500000000000000000e+01 -2.500000000000000000e+01 -2.500000000000000000e+01 2.535468009494063965e-02 2.535468009494062924e-02 5.133861480863668308e-02 -1.250385135757131572e+01 -1.250385135757131572e+01 -1.250385135757131572e+01 2.010705901885625699e-04 2.010705901885530831e-04 2.001759804259287026e-04 -1.179677975201659024e+01 2.068973422203769226e-04
-2.475000000000000000e+01 -2.475000000000000000e+01 -2.475000000000000000e+01 2.536717233543404545e-02 2.536717233543404545e-02 5.134054094496138393e-02 -1.237881284399560222e+01 -1.237881284399560222e+01 -1.237881284399560222e+01 2.033442035538169735e-04 2.033442035538099261e-04 1.966601979410165550e-04 -1.167174123844087674e+01 2.148480223852343863e-04
-2.450000000000000000e+01 -2.450000000000000000e+01 -2.450000000000000000e+01 2.539215650790810005e-02 2.539215650790810005e-02 5.134380750919086134e-02 -1.225377433041988873e+01 -1.225377433041988873e+01 -1.225377433041988873e+01 2.073027699445994523e-04 2.073027699445949528e-04 1.968329785000041152e-04 -1.154670272486516325e+01 2.224121810174080783e-04
-2.425000000000000000e+01 -2.425000000000000000e+01 -2.425000000000000000e+01 2.542979904868698793e-02 2.542979904868698446e-02 5.134969275531724164e-02 -1.212873581684417523e+01 -1.212873581684417523e+01 -1.212873581684417523e+01 2.122390838550851464e-04 2.122390838550829238e-04 1.995863090637428562e-04 -1.142166421128944975e+01 2.293390280417446068e-04
-2.400000000000000000e+01 -2.400000000000000000e+01 -2.400000000000000000e+01 2.548009851924210034e-02 2.548009851924211075e-02 5.135643520831223441e-02 -1.200369730326846351e+01 -1.200369730326846351e+01 -1.200369730326846351e+01 2.177011295692467925e-04 2.177011295692421846e-04 2.036220256344490004e-04 -1.129662569771373803e+01 2.360605716371979310e-04
-2.375000000000000000e+01 -2.375000000000000000e+01 -2.375000000000000000e+01 2.554339193428309396e-02 2.554339193428308008e-02 5.136660278445705913e-02 -1.187865878969275002e+01 -1.187865878969275002e+01 -1.187865878969275002e+01 2.235077655698743809e-04 2.235077655698660597e-04 2.082523585059896766e-04 -1.117158718413802454e+01 2.429175687168785684e-04
-2.350000000000000000e+01 -2.350000000000000000e+01 -2.350000000000000000e+01 2.561967517593430332e-02 2.561967517593428945e-02 5.137724511558795087e-02 -1.175362027611703652e+01 -1.175362027611703652e+01 -1.175362027611703652e+01 2.296120339530621736e-04 2.296120339530544215e-04 2.132582823740499748e-04 -1.104654867056231105e+01 2.500369629856104997e-04
-2.325000000000000000e+01 -2.325000000000000000e+01 -2.325000000000000000e+01 2.570946424219563292e-02 2.570946424219565027e-02 5.139224285187848906e-02 -1.162858176254132303e+01 -1.162858176254132303e+01 -1.162858176254132303e+01 2.360080405560542637e-04 2.360080405560492764e-04 2.185897614206558186e-04 -1.092151015698659755e+01 2.574532445177947276e-04
-2.300000000000000000e+01 -2.300000000000000000e+01 -2.300000000000000000e+01 2.581274971889663261e-02 2.581274971889663955e-02 5.140743459488668343e-02 -1.150354324896560954e+01 -1.150354324896560954e+01 -1.150354324896560954e+01 2.426991941572700701e-04 2.426991941572697719e-04 2.242346640464138255e-04 -1.079647164341088406e+01 2.651806789997936792e-04
-2.275000000000000000e+01 -2.275000000000000000e+01 -2.275000000000000000e+01 2.593023950181505208e-02 2.593023950181505555e-02 5.142804898303525440e-02 -1.137850473538989782e+01 -1.137850473538989782e+01 -1.137850473538989782e+01 2.496916892877001242e-04 2.496916892877030516e-04 2.301884968147291258e-04 -1.067143312983517234e+01 2.732314840019351831e-04
-2.250000000000000000e+01 -2.250000000000000000e+01 -2.250000000000000000e+01 2.606191514313154281e-02 2.606191514313153587e-02 5.144868204288726571e-02 -1.125346622181418432e+01 -1.125346622181418432e+01 -1.125346622181418432e+01 2.569932858694003739e-04 2.569932858694024339e-04 2.364502098812128336e-04 -1.054639461625945884e+01 2.816186958086062887e-04
-2.225000000000000000e+01 -2.225000000000000000e+01 -2.225000000000000000e+01 2.620869424383812790e-02 2.620869424383814872e-02 5.147595864137772398e-02 -1.112842770823847083e+01 -1.112842770823847083e+01 -1.112842770823847083e+01 2.646132542193685606e-04 2.646132542193696448e-04 2.430212778615941423e-04 -1.042135610268374535e+01 2.903562392667755781e-04
-2.200000000000000000e+01 -2.200000000000000000e+01 -2.200000000000000000e+01 2.637054438941220658e-02 2.637054438941220311e-02 5.150319070660202420e-02 -1.100338919466275733e+01 -1.100338919466275733e+01 -1.100338919466275733e+01 2.725620665369468069e-04 2.725620665369455600e-04 2.499055710247377214e-04 -1.029631758910803185e+01 2.994592060416413431e-04
-2.175000000000000000e+01 -2.175000000000000000e+01 -2.175000000000000000e+01 2.654861612325000453e-02 2.654861612325000453e-02 5.153846167736526179e-02 -1.087835068108704384e+01 -1.087835068108704384e+01 -1.087835068108704384e+01 2.808515527549341486e-04 2.808515527549285649e-04 2.571088140705553565e-04 -1.017127907553231836e+01 3.089436412223072934e-04
-2.150000000000000000e+01 -2.150000000000000000e+01 -2.150000000000000000e+01 2.674285683620667223e-02 2.674285683620668957e-02 5.157374711949089946e-02 -1.075331216751133212e+01 -1.075331216751133212e+01 -1.075331216751133212e+01 2.894946249843743697e-04 2.894946249843632566e-04 2.646386380268929113e-04 -1.004624056195660664e+01 3.188268736032969343e-04
-2.125000000000000000e+01 -2.125000000000000000e+01 -2.125000000000000000e+01 2.695467939527395468e-02 2.695467939527395815e-02 5.161866696431029189e-02 -1.062827365393561863e+01 -1.062827365393561863e+01 -1.062827365393561863e+01 2.985055291875380983e-04 2.985055291875241120e-04 2.725041140569239720e-04 -9.921202048380893146e+00 3.291272637784619856e-04
-2.100000000000000000e+01 -2.100000000000000000e+01 -2.100000000000000000e+01 2.718400334914351790e-02 2.718400334914351443e-02 5.166379643743740369e-02 -1.050323514035990513e+01 -1.050323514035990513e+01 -1.050323514035990513e+01 3.078995679410713839e-04 3.078995679410588071e-04 2.807159567282863414e-04 -9.796163534805179651e+00 3.398646037726425566e-04
-2.075000000000000000e+01 -2.075000000000000000e+01 -2.075000000000000000e+01 2.743254033802397518e-02 2.743254033802398559e-02 5.172038735006929261e-02 -1.037819662678419164e+01 -1.037819662678419164e+01 -1.037819662678419164e+01 3.176934302723752063e-04 3.176934302723671290e-04 2.892860974188346448e-04 -9.671125021229466157e+00 3.510598279694993593e-04
-2.050000000000000000e+01 -2.050000000000000000e+01 -2.050000000000000000e+01 2.770017284890394574e-02 2.770017284890394574e-02 5.177753768115819083e-02 -1.025315811320847814e+01 -1.025315811320847814e+01 -1.025315811320847814e+01 3.279048989564698749e-04 3.279048989564652670e-04 2.982280073214065475e-04 -9.546086507653752662e+00 3.627354845253811231e-04
-2.025000000000000000e+01 -2.025000000000000000e+01 -2.025000000000000000e+01 2.798895599148222557e-02 2.798895599148224639e-02 5.184824635710177237e-02 -1.012811959963276642e+01 -1.012811959963276642e+01 -1.012811959963276642e+01 3.385532519139471228e-04 3.385532519139419186e-04 3.075562788852324067e-04 -9.421047994078040944e+00 3.749154093660363196e-04
-2.000000000000000000e+01 -2.000000000000000000e+01 -2.000000000000000000e+01 2.829872421728573881e-02 2.829872421728573187e-02 5.192004278421962632e-02 -1.000308108605705115e+01 -1.000308108605705115e+01 -1.000308108605705115e+01 3.496589470388259736e-04 3.496589470388193600e-04 3.172870477150372976e-04 -9.296009480502325673e+00 3.876252728299949273e-04
-1.975000000000000000e+01 -1.975000000000000000e+01 -1.975000000000000000e+01 2.863193053790129977e-02 2.863193053790130671e-02 5.200781106087359884e-02 -9.878042572481339434e+00 -9.878042572481339434e+00 -9.878042572481339434e+00 3.612440937589002062e-04 3.612440937588910447e-04 3.274375618260154819e-04 -9.170970966926613954e+00 4.008922172756078481e-04
-1.950000000000000000e+01 -1.950000000000000000e+01 -1.950000000000000000e+01 2.898834842707984777e-02 2.898834842707984777e-02 5.209740446243427137e-02 -9.753004058905625939e+00 -9.753004058905625939e+00 -9.753004058905625939e+00 3.733321117549887633e-04 3.733321117549772707e-04 3.380266918492895608e-04 -9.045932453350900460e+00 4.147454838002325697e-04
-1.925000000000000000e+01 -1.925000000000000000e+01 -1.925000000000000000e+01 2.937089484290803659e-02 2.937089484290804006e-02 5.220575683276818674e-02 -9.627965545329912445e+00 -9.627965545329912445e+00 -9.627965545329912445e+00 3.859482744011937146e-04 3.859482744011853662e-04 3.490744759421657230e-04 -8.920893939775186965e+00 4.292160145365562086e-04
-1.900000000000000000e+01 -1.900000000000000000e+01 -1.900000000000000000e+01 2.977926712200616027e-02 2.977926712200616721e-02 5.231691933492356450e-02 -9.502927031754200726e+00 -9.502927031754200726e+00 -9.502927031754200726e+00 3.991193397184523419e-04 3.991193397184513662e-04 3.606027145255392280e-04 -8.795855426199475247e+00 4.443371658427119029e-04
-1.875000000000000000e+01 -1.875000000000000000e+01 -1.875000000000000000e+01 3.021692618730589808e-02 3.021692618730589808e-02 5.245007123413906319e-02 -9.377888518178485455e+00 -9.377888518178485455e+00 -9.377888518178485455e+00 4.128741696758655663e-04 4.128741696758694152e-04 3.726344836238359081e-04 -8.670816912623759976e+00 4.601442770626939182e-04
-1.850000000000000000e+01 -1.850000000000000000e+01 -1.850000000000000000e+01 3.068347557794831940e-02 3.068347557794829164e-02 5.258731453863865063e-02 -9.252850004602773737e+00 -9.252850004602773737e+00 -9.252850004602773737e+00 4.272433331070347963e-04 4.272433331070425483e-04 3.851948147938865480e-04 -8.545778399048048257e+00 4.766754783234407235e-04
-1.825000000000000000e+01 -1.825000000000000000e+01 -1.825000000000000000e+01 3.118301715060242327e-02 3.118301715060243021e-02 5.275030640726796616e-02 -9.127811491027060242e+00 -9.127811491027060242e+00 -9.127811491027060242e+00 4.422598068062743182e-04 4.422598068062841845e-04 3.983101726765955427e-04 -8.420739885472334763e+00 4.939712284356881757e-04
-1.800000000000000000e+01 -1.800000000000000000e+01 -1.800000000000000000e+01 3.171504016629449890e-02 3.171504016629449196e-02 5.291902841887238113e-02 -9.002772977451346748e+00 -9.002772977451346748e+00 -9.002772977451346748e+00 4.579585513044927346e-04 4.579585513045039019e-04 4.120092238994785120e-04 -8.295701371896621268e+00 5.120752274685435321e-04
-1.775000000000000000e+01 -1.775000000000000000e+01 -1.775000000000000000e+01 3.228440509838767514e-02 3.228440509838768901e-02 5.311789198144815927e-02 -8.877734463875635029e+00 -8.877734463875635029e+00 -8.877734463875635029e+00 4.743773016347159585e-04 4.743773016347304326e-04 4.263222765829715612e-04 -8.170662858320909550e+00 5.310339276597758010e-04
-1.750000000000000000e+01 -1.750000000000000000e+01 -1.750000000000000000e+01 3.289046327703148975e-02 3.289046327703151751e-02 5.332455892875326287e-02 -8.752695950299919758e+00 -8.752695950299919758e+00 -8.752695950299919758e+00 4.915561180421528561e-04 4.915561180421699865e-04 4.412821445041063611e-04 -8.045624344745194279e+00 5.508975633971806415e-04
-1.725000000000000000e+01 -1.725000000000000000e+01 -1.725000000000000000e+01 3.353897696699011804e-02 3.353897696699011804e-02 5.356652400892933374e-02 -8.627657436724208040e+00 -8.627657436724208040e+00 -8.627657436724208040e+00 5.095382764276528212e-04 5.095382764276739631e-04 4.569235477553510892e-04 -7.920585831169482560e+00 5.717196406084185719e-04
-1.700000000000000000e+01 -1.700000000000000000e+01 -1.700000000000000000e+01 3.422913236565653522e-02 3.422913236565654910e-02 5.381889737721508304e-02 -8.502618923148494545e+00 -8.502618923148494545e+00 -8.502618923148494545e+00 5.283697974244699848e-04 5.283697974244927530e-04 4.732840807780047047e-04 -7.795547317593769066e+00 5.935580998245492323e-04
-1.675000000000000000e+01 -1.675000000000000000e+01 -1.675000000000000000e+01 3.496776829134827513e-02 3.496776829134826819e-02 5.411265005607798079e-02 -8.377580409572781051e+00 -8.377580409572781051e+00 -8.377580409572781051e+00 5.481004490345434219e-04 5.481004490345665154e-04 4.904035746578829522e-04 -7.670508804018055571e+00 6.164747916838917222e-04
-1.650000000000000000e+01 -1.650000000000000000e+01 -1.650000000000000000e+01 3.575387467059797791e-02 3.575387467059796404e-02 5.442007046848172658e-02 -8.252541895997069332e+00 -8.252541895997069332e+00 -8.252541895997069332e+00 5.687832592021178912e-04 5.687832592021402258e-04 5.083251800642503036e-04 -7.545470290442343853e+00 6.405367925984599897e-04
-1.625000000000000000e+01 -1.625000000000000000e+01 -1.625000000000000000e+01 3.659558104744289886e-02 3.659558104744290580e-02 5.477607670233444748e-02 -8.127503382421354061e+00 -8.127503382421354061e+00 -8.127503382421354061e+00 5.904756462235588501e-04 5.904756462235765226e-04 5.270946930190752644e-04 -7.420431776866628582e+00 6.658158769467458458e-04
-1.600000000000000000e+01 -1.600000000000000000e+01 -1.600000000000000000e+01 3.749164563354732277e-02 3.749164563354732277e-02 5.514982065160421720e-02 -8.002464868845642343e+00 -8.002464868845642343e+00 -8.002464868845642343e+00 6.132389221641128653e-04 6.132389221641269600e-04 5.467617665385238364e-04 -7.295393263290916863e+00 6.923900097883917528e-04
-1.575000000000000000e+01 -1.575000000000000000e+01 -1.575000000000000000e+01 3.845175238490495390e-02 3.845175238490496777e-02 5.558073390703940214e-02 -7.877426355269929736e+00 -7.877426355269929736e+00 -7.877426355269929736e+00 6.371395704710629661e-04 6.371395704710776028e-04 5.673792033248890605e-04 -7.170354749715204257e+00 7.203428303309548269e-04
-1.550000000000000000e+01 -1.550000000000000000e+01 -1.550000000000000000e+01 3.947438774391628241e-02 3.947438774391628935e-02 5.603446431460606253e-02 -7.752387841694215354e+00 -7.752387841694215354e+00 -7.752387841694215354e+00 6.622487505396010016e-04 6.622487505396157468e-04 5.890043132213266565e-04 -7.045316236139489874e+00 7.497653525287829683e-04
-1.525000000000000000e+01 -1.525000000000000000e+01 -1.525000000000000000e+01 4.057111642332827256e-02 4.057111642332826562e-02 5.655564178869223330e-02 -7.627349328118502747e+00 -7.627349328118502747e+00 -7.627349328118502747e+00 6.886437468807625993e-04 6.886437468807775613e-04 6.116981783430879482e-04 -6.920277722563777267e+00 7.807554798988790463e-04
-1.500000000000000000e+01 -1.500000000000000000e+01 -1.500000000000000000e+01 4.174010827248007816e-02 4.174010827248007816e-02 5.710598026333123245e-02 -7.502310814542789252e+00 -7.502310814542789252e+00 -7.502310814542789252e+00 7.164074891459771546e-04 7.164074891459907071e-04 6.355271775662588857e-04 -6.795239208988063773e+00 8.134199532274938044e-04
-1.475000000000000000e+01 -1.475000000000000000e+01 -1.475000000000000000e+01 4.299521499755555587e-02 4.299521499755558362e-02 5.773614046032589375e-02 -7.377272300967076646e+00 -7.377272300967076646e+00 -7.377272300967076646e+00 7.456302035847081752e-04 7.456302035847184751e-04 6.605622323699108112e-04 -6.670200695412351166e+00 8.478739243634004575e-04
-1.450000000000000000e+01 -1.450000000000000000e+01 -1.450000000000000000e+01 4.433424038056445193e-02 4.433424038056444499e-02 5.840339858231351211e-02 -7.252233787391364039e+00 -7.252233787391364039e+00 -7.252233787391364039e+00 7.764089682984033972e-04 7.764089682984078424e-04 6.868805247898408795e-04 -6.545162181836638560e+00 8.842432013874339074e-04
-1.425000000000000000e+01 -1.425000000000000000e+01 -1.425000000000000000e+01 4.577383203480707430e-02 4.577383203480705348e-02 5.916546431820245144e-02 -7.127195273815649657e+00 -7.127195273815649657e+00 -7.127195273815649657e+00 8.088496061038240792e-04 8.088496061038227781e-04 7.145647359832168598e-04 -6.420123668260924177e+00 9.226639194585552987e-04
-1.400000000000000000e+01 -1.400000000000000000e+01 -1.400000000000000000e+01 4.731137416356580999e-02 4.731137416356584469e-02 5.997458435789268516e-02 -7.002156760239937050e+00 -7.002156760239937050e+00 -7.002156760239937050e+00 8.430663022881052003e-04 8.430663022880980446e-04 7.437049907899730486e-04 -6.295085154685211570e+00 9.632851487417577654e-04
-1.375000000000000000e+01 -1.375000000000000000e+01 -1.375000000000000000e+01 4.896695227849594961e-02 4.896695227849594961e-02 6.089677098088409901e-02 -6.877118246664223555e+00 -6.877118246664223555e+00 -6.877118246664223555e+00 8.791837891237222740e-04 8.791837891237125162e-04 7.743981061646172800e-04 -6.170046641109498076e+00 1.006268714922374822e-03
-1.350000000000000000e+01 -1.350000000000000000e+01 -1.350000000000000000e+01 5.073747491545232968e-02 5.073747491545235744e-02 6.187854474730531545e-02 -6.752079733088510949e+00 -6.752079733088510949e+00 -6.752079733088510949e+00 9.173370637684411053e-04 9.173370637684334075e-04 8.067498042480399610e-04 -6.045008127533785469e+00 1.051792255460851869e-03
-1.325000000000000000e+01 -1.325000000000000000e+01 -1.325000000000000000e+01 5.264728151443136966e-02 5.264728151443136966e-02 6.299577544797582696e-02 -6.627041219512798342e+00 -6.627041219512798342e+00 -6.627041219512798342e+00 9.576739296235510209e-04 9.576739296235467925e-04 8.408739949058610490e-04 -5.919969613958072863e+00 1.100049262773956102e-03
-1.300000000000000000e+01 -1.300000000000000000e+01 -1.300000000000000000e+01 5.469274915667306225e-02 5.469274915667304837e-02 6.418843579587327208e-02 -6.502002705937083959e+00 -6.502002705937083959e+00 -6.502002705937083959e+00 1.000354866462260621e-03 1.000354866462259320e-03 8.768953107831261619e-04 -5.794931100382358480e+00 1.151252702210576974e-03
-1.275000000000000000e+01 -1.275000000000000000e+01 -1.275000000000000000e+01 5.690351705706631763e-02 5.690351705706635232e-02 6.554419725886966031e-02 -6.376964192361371353e+00 -6.376964192361371353e+00 -6.376964192361371353e+00 1.045556014116808636e-03 1.045556014116804733e-03 9.149484580540110171e-04 -5.669892586806645873e+00 1.205635379698936612e-03
-1.250000000000000000e+01 -1.250000000000000000e+01 -1.250000000000000000e+01 5.927538058811582244e-02 5.927538058811583632e-02 6.699551369095857467e-02 -6.251925678785657858e+00 -6.251925678785657858e+00 -6.251925678785657858e+00 1.093469267172943399e-03 1.093469267172935593e-03 9.551811423850848845e-04 -5.544854073230932379e+00 1.263454273481159603e-03
-1.225000000000000000e+01 -1.225000000000000000e+01 -1.225000000000000000e+01 6.184463123071914231e-02 6.184463123071912843e-02 6.864431044704376317e-02 -6.126887165209944364e+00 -6.126887165209944364e+00 -6.126887165209944364e+00 1.144305814342616101e-03 1.144305814342604175e-03 9.977535358005754432e-04 -5.419815559655218884e+00 1.324991369082627714e-03
-1.200000000000000000e+01 -1.200000000000000000e+01 -1.200000000000000000e+01 6.460644704356587054e-02 6.460644704356585666e-02 7.041437362551181134e-02 -6.001848651634231757e+00 -6.001848651634231757e+00 -6.001848651634231757e+00 1.198296558704683165e-03 1.198296558704670372e-03 1.042841683353087088e-03 -5.294777046079506277e+00 1.390558911165844019e-03
-1.175000000000000000e+01 -1.175000000000000000e+01 -1.175000000000000000e+01 6.760553805081506717e-02 6.760553805081508105e-02 7.242500512802166335e-02 -5.876810138058518262e+00 -5.876810138058518262e+00 -5.876810138058518262e+00 1.255696364847747873e-03 1.255696364847735513e-03 1.090637153435243230e-03 -5.169738532503792783e+00 1.460500907774222971e-03
-1.150000000000000000e+01 -1.150000000000000000e+01 -1.150000000000000000e+01 7.083645957497942958e-02 7.083645957497941570e-02 7.458996331777864586e-02 -5.751771624482804768e+00 -5.751771624482804768e+00 -5.751771624482804768e+00 1.316784946503268220e-03 1.316784946503258679e-03 1.141351043466870595e-03 -5.044700018928079288e+00 1.535199586008028239e-03
-1.125000000000000000e+01 -1.125000000000000000e+01 -1.125000000000000000e+01 7.435467168543394290e-02 7.435467168543391514e-02 7.704994466790630880e-02 -5.626733110907092161e+00 -5.626733110907092161e+00 -5.626733110907092161e+00 1.381872028012981609e-03 1.381872028012972502e-03 1.195213908522118089e-03 -4.919661505352366682e+00 1.615077853462581776e-03
-1.100000000000000000e+01 -1.100000000000000000e+01 -1.100000000000000000e+01 7.815415791447288818e-02 7.815415791447291594e-02 7.970707135109979247e-02 -5.501694597331378667e+00 -5.501694597331378667e+00 -5.501694597331378667e+00 1.451298900074764675e-03 1.451298900074754483e-03 1.252480523731928095e-03 -4.794622991776653187e+00 1.700607353015902998e-03
-1.075000000000000000e+01 -1.075000000000000000e+01 -1.075000000000000000e+01 8.230424230947901154e-02 8.230424230947895603e-02 8.272866370287280946e-02 -5.376656083755666060e+00 -5.376656083755666060e+00 -5.376656083755666060e+00 1.525444779672626306e-03 1.525444779672618066e-03 1.313430225432486243e-03 -4.669584478200940580e+00 1.792312295882065708e-03
-1.050000000000000000e+01 -1.050000000000000000e+01 -1.050000000000000000e+01 8.679848793216740632e-02 8.679848793216740632e-02 8.600331095331556486e-02 -5.251617570179952565e+00 -5.251617570179952565e+00 -5.251617570179952565e+00 1.604729320370834296e-03 1.604729320370826924e-03 1.378372643040880630e-03 -4.544545964625227086e+00 1.890779674061283770e-03
-1.025000000000000000e+01 -1.025000000000000000e+01 -1.025000000000000000e+01 9.172429572746378101e-02 9.172429572746376714e-02 8.973184840879303015e-02 -5.126579056604239071e+00 -5.126579056604239071e+00 -5.126579056604239071e+00 1.689620566814847629e-03 1.689620566814843293e-03 1.447648643590554712e-03 -4.419507451049513591e+00 1.996665067902843836e-03
-1.000000000000000000e+01 -1.000000000000000000e+01 -1.000000000000000000e+01 9.707513412190733881e-02 9.707513412190744984e-02 9.378710960184252765e-02 -5.001540543028525576e+00 -5.001540543028525576e+00 -5.001540543028525576e+00 1.780638832225656196e-03 1.780638832225653377e-03 1.521637323723778849e-03 -4.294468937473800096e+00 2.110705817159400088e-03
-9.750000000000000000e+00 -9.750000000000000000e+00 -9.750000000000000000e+00 1.029622623667648951e-01 1.029622623667649645e-01 9.841265119536087014e-02 -4.876502029452812970e+00 -4.876502029452812970e+00 -4.876502029452812970e+00 1.878366807419228068e-03 1.878366807419227418e-03 1.600757830825616382e-03 -4.169430423898087490e+00 2.233729690565612776e-03
-9.500000000000000000e+00 -9.500000000000000000e+00 -9.500000000000000000e+00 1.093796804168064851e-01 1.093796804168065268e-01 1.034629767821902552e-01 -4.751463515877100363e+00 -4.751463515877100363e+00 -4.751463515877100363e+00 1.983455406295487992e-03 1.983455406295491462e-03 1.685478017307934619e-03 -4.044391910322374883e+00 2.366672181933764281e-03
-9.250000000000000000e+00 -9.250000000000000000e+00 -9.250000000000000000e+00 1.164705656277905954e-01 1.164705656277905538e-01 1.092368514011801822e-01 -4.626425002301386868e+00 -4.626425002301386868e+00 -4.626425002301386868e+00 2.096636832544561749e-03 2.096636832544564785e-03 1.776317532383984901e-03 -3.919353396746661389e+00 2.510589365299620984e-03
-9.000000000000000000e+00 -9.000000000000000000e+00 -9.000000000000000000e+00 1.242305918500296452e-01 1.242305918500296175e-01 1.155675308884837188e-01 -4.501386488725673374e+00 -4.501386488725673374e+00 -4.501386488725673374e+00 2.218733278083143395e-03 2.218733278083145563e-03 1.873858702543078130e-03 -3.794314883170947894e+00 2.666681042702621993e-03
-8.750000000000000000e+00 -8.750000000000000000e+00 -8.750000000000000000e+00 1.328462892216816238e-01 1.328462892216816238e-01 1.228262116902173601e-01 -4.376347975149959879e+00 -4.376347975149959879e+00 -4.376347975149959879e+00 2.350674117186704864e-03 2.350674117186703996e-03 1.978751467117683890e-03 -3.669276369595234399e+00 2.836309786976303534e-03
-8.500000000000000000e+00 -8.500000000000000000e+00 -8.500000000000000000e+00 1.423170399921861451e-01 1.423170399921861451e-01 1.308217250815379706e-01 -4.251309461574247273e+00 -4.251309461574247273e+00 -4.251309461574247273e+00 2.493508778075537776e-03 2.493508778075535174e-03 2.091727286364121474e-03 -3.544237856019521793e+00 3.021032541446518581e-03
-8.250000000000000000e+00 -8.250000000000000000e+00 -8.250000000000000000e+00 1.528892707306765686e-01 1.528892707306765686e-01 1.400219020836936112e-01 -4.126270947998534666e+00 -4.126270947998534666e+00 -4.126270947998534666e+00 2.648429795543241413e-03 2.648429795543240546e-03 2.213606762329612537e-03 -3.419199342443809186e+00 3.222628926015660804e-03
-8.000000000000000000e+00 -8.000000000000000000e+00 -8.000000000000000000e+00 1.645696655434356337e-01 1.645696655434356337e-01 1.502079628395987798e-01 -4.001232434422821171e+00 -4.001232434422821171e+00 -4.001232434422821171e+00 2.816791852665676693e-03 2.816791852665681464e-03 2.345317729342668266e-03 -3.294160828868095692e+00 3.443145276334810389e-03
-7.750000000000000000e+00 -7.750000000000000000e+00 -7.750000000000000000e+00 1.776890156331936976e-01 1.776890156331935866e-01 1.619791047010639695e-01 -3.876193920847107677e+00 -3.876193920847107677e+00 -3.876193920847107677e+00 3.000143297054247340e-03 3.000143297054256013e-03 2.487906808266972247e-03 -3.169122315292382197e+00 3.684937017823855781e-03
-7.500000000000000000e+00 -7.500000000000000000e+00 -7.500000000000000000e+00 1.922676685700245858e-01 1.922676685700246968e-01 1.750863342099249209e-01 -3.751155407271394626e+00 -3.751155407271394626e+00 -3.751155407271394626e+00 3.200254418995217894e-03 3.200254418995225267e-03 2.642563366986250533e-03 -3.044083801716669591e+00 3.950731377567700923e-03
-7.250000000000000000e+00 -7.250000000000000000e+00 -7.250000000000000000e+00 2.087578811098101395e-01 2.087578811098101672e-01 1.903112471519170235e-01 -3.626116893695682020e+00 -3.626116893695682020e+00 -3.626116893695682020e+00 3.419161421659472951e-03 3.419161421659477288e-03 2.810636879334058730e-03 -2.919045288140956984e+00 4.243691468133241329e-03
-7.000000000000000000e+00 -7.000000000000000000e+00 -7.000000000000000000e+00 2.272050444579243877e-01 2.272050444579244988e-01 2.073739312406467084e-01 -3.501078380119968525e+00 -3.501078380119968525e+00 -3.501078380119968525e+00 3.659208720823123578e-03 3.659208720823120542e-03 2.993669257289262829e-03 -2.794006774565243489e+00 4.567507613738642537e-03
-6.750000000000000000e+00 -6.750000000000000000e+00 -6.750000000000000000e+00 2.482407521818057461e-01 2.482407521818056073e-01 2.273154068493688784e-01 -3.376039866544255474e+00 -3.376039866544255474e+00 -3.376039866544255474e+00 3.923111596000157172e-03 3.923111596000149366e-03 3.193420852830235451e-03 -2.668968260989529995e+00 4.926495533315129391e-03
-6.500000000000000000e+00 -6.500000000000000000e+00 -6.500000000000000000e+00 2.719561543038584439e-01 2.719561543038586104e-01 2.498288666605615049e-01 -3.251001352968541980e+00 -3.251001352968541980e+00 -3.251001352968541980e+00 4.214020111262406151e-03 4.214020111262394876e-03 3.411914925121633212e-03 -2.543929747413816500e+00 5.325732472304721930e-03
-6.250000000000000000e+00 -6.250000000000000000e+00 -6.250000000000000000e+00 2.992554223777607603e-01 2.992554223777607603e-01 2.763346633800762842e-01 -3.125962839392828929e+00 -3.125962839392828929e+00 -3.125962839392828929e+00 4.535610358735994718e-03 4.535610358735977371e-03 3.651476643788010169e-03 -2.418891233838103894e+00 5.771209978079734626e-03
-6.000000000000000000e+00 -6.000000000000000000e+00 -6.000000000000000000e+00 3.303140876547435711e-01 3.303140876547437377e-01 3.065139607081225903e-01 -3.000924325817115879e+00 -3.000924325817115879e+00 -3.000924325817115879e+00 4.892182302316754224e-03 4.892182302316736876e-03 3.914795439187947722e-03 -2.293852720262390399e+00 6.270041777641552350e-03
-5.750000000000000000e+00 -5.750000000000000000e+00 -5.750000000000000000e+00 3.664648330759547878e-01 3.664648330759550099e-01 3.423599200740257698e-01 -2.875885812241402384e+00 -2.875885812241402384e+00 -2.875885812241402384e+00 5.288795729898507735e-03 5.288795729898493857e-03 4.204983792634464819e-03 -2.168814206686676904e+00 6.830705739824347034e-03
-5.500000000000000000e+00 -5.500000000000000000e+00 -5.500000000000000000e+00 4.080418188596531825e-01 4.080418188596531270e-01 3.835808280903542089e-01 -2.750847298665689333e+00 -2.750847298665689333e+00 -2.750847298665689333e+00 5.731422360970200684e-03 5.731422360970191143e-03 4.525666397931686971e-03 -2.043775693110964298e+00 7.463369277091310913e-03
-5.250000000000000000e+00 -5.250000000000000000e+00 -5.250000000000000000e+00 4.570785101018490781e-01 4.570785101018491337e-01 4.330682591496861078e-01 -2.625808785089976283e+00 -2.625808785089976283e+00 -2.625808785089976283e+00 6.227153344276079028e-03 6.227153344276069487e-03 4.881069478162692633e-03 -1.918737179535251025e+00 8.180280041543849801e-03
-5.000000000000000000e+00 -5.000000000000000000e+00 -5.000000000000000000e+00 5.142159113581523666e-01 5.142159113581528107e-01 4.906515979176085396e-01 -2.500770271514262788e+00 -2.500770271514262788e+00 -2.500770271514262788e+00 6.784440103601237920e-03 6.784440103601224910e-03 5.276150913125733297e-03 -1.793698665959537530e+00 8.996288127834472029e-03
-4.750000000000000000e+00 -4.750000000000000000e+00 -4.750000000000000000e+00 5.826881351762349670e-01 5.826881351762351890e-01 5.606968760510296912e-01 -2.375731757938550182e+00 -2.375731757938550182e+00 -2.375731757938550182e+00 7.413419348358071641e-03 7.413419348358049089e-03 5.716737470730955464e-03 -1.668660152383824924e+00 9.929489653164829191e-03
-4.500000000000000000e+00 -4.500000000000000000e+00 -4.500000000000000000e+00 6.637526908001201154e-01 6.637526908001200043e-01 6.433759259889718640e-01 -2.250693244362836687e+00 -2.250693244362836687e+00 -2.250693244362836687e+00 8.126302931281435826e-03 8.126302931281418479e-03 6.209719010272635002e-03 -1.543621638808111429e+00 1.100208485273155082e-02
-4.250000000000000000e+00 -4.250000000000000000e+00 -4.250000000000000000e+00 7.628175120477638238e-01 7.628175120477633797e-01 7.456112652120551187e-01 -2.125654730787123636e+00 -2.125654730787123636e+00 -2.125654730787123636e+00 8.937902082793791961e-03 8.937902082793783287e-03 6.763262830813672119e-03 -1.418583125232398379e+00 1.224145792098949199e-02
-4.000000000000000000e+00 -4.000000000000000000e+00 -4.000000000000000000e+00 8.824398879379126148e-01 8.824398879379129479e-01 8.684483721073837925e-01 -2.000616217211410586e+00 -2.000616217211410586e+00 -2.000616217211410586e+00 9.866276398888040866e-03 9.866276398888030458e-03 7.387111586710702615e-03 -1.293544611656685328e+00 1.368161452895235060e-02
-3.750000000000000000e+00 -3.750000000000000000e+00 -3.750000000000000000e+00 1.032231661325468286e+00 1.032231661325468952e+00 1.023551050925214589e+00 -1.875577703635697313e+00 -1.875577703635697313e+00 -1.875577703635697313e+00 1.093361079086757962e-02 1.093361079086757615e-02 8.092927123375731266e-03 -1.168506098080972055e+00 1.536501507111446424e-02
-3.500000000000000000e+00 -3.500000000000000000e+00 -3.500000000000000000e+00 1.217659482610378152e+00 1.217659482610377930e+00 1.214171327150993740e+00 -1.750539190059984263e+00 -1.750539190059984263e+00 -1.750539190059984263e+00 1.216733931020625575e-02 1.216733931020625402e-02 8.894766376090219862e-03 -1.043467584505259005e+00 1.734499977168340451e-02
-3.250000000000000000e+00 -3.250000000000000000e+00 -3.250000000000000000e+00 1.457135359879364822e+00 1.457135359879363490e+00 1.461528772215084482e+00 -1.625500676484270990e+00 -1.625500676484270990e+00 -1.625500676484270990e+00 1.360169045252835988e-02 1.360169045252835295e-02 9.809660262430347846e-03 -9.184290709295457322e-01 1.968887508849533063e-02
-3.000000000000000000e+00 -3.000000000000000000e+00 -3.000000000000000000e+00 1.763137702016170927e+00 1.763137702016171593e+00 1.774656500424137251e+00 -1.500462162908557939e+00 -1.500462162908557939e+00 -1.500462162908557939e+00 1.527976074464694467e-02 1.527976074464694467e-02 1.085842929050991751e-02 -7.933905573538326816e-01 2.248188902224770164e-02
-2.750000000000000000e+00 -2.750000000000000000e+00 -2.750000000000000000e+00 2.174360152185048634e+00 2.174360152185047301e+00 2.196122403625913933e+00 -1.375423649332844667e+00 -1.375423649332844667e+00 -1.375423649332844667e+00 1.725648294235878830e-02 1.725648294235879177e-02 1.206675342324338429e-02 -6.683520437781194090e-01 2.583205744545673255e-02
-2.500000000000000000e+00 -2.500000000000000000e+00 -2.500000000000000000e+00 2.721803440968032284e+00 2.721803440968032728e+00 2.751209826377129630e+00 -1.250385135757131394e+00 -1.250385135757131394e+00 -1.250385135757131394e+00 1.960291328594129107e-02 1.960291328594130147e-02 1.346676523426854240e-02 -5.433135302024061364e-01 2.987570282444442296e-02
-2.250000000000000000e+00 -2.250000000000000000e+00 -2.250000000000000000e+00 3.496801235438676159e+00 3.496801235438674826e+00 3.536683029717091920e+00 -1.125346622181418343e+00 -1.125346622181418343e+00 -1.125346622181418343e+00 2.241290436215296125e-02 2.241290436215296472e-02 1.509940403929773030e-02 -4.182750166266930858e-01 3.478244735943266525e-02
-2.000000000000000000e+00 -2.000000000000000000e+00 -2.000000000000000000e+00 4.585303481467415843e+00 4.585303481467415843e+00 4.628420672939207670e+00 -1.000308108605705293e+00 -1.000308108605705293e+00 -1.000308108605705293e+00 2.581408654767105432e-02 2.581408654767107166e-02 1.701835678908561467e-02 -2.932365030509800352e-01 4.075619446831285630e-02
-1.750000000000000000e+00 -1.750000000000000000e+00 -1.750000000000000000e+00 6.237692087780173367e+00 6.237692087780169814e+00 6.284835962219896821e+00 -8.752695950299921313e-01 -8.752695950299921313e-01 -8.752695950299921313e-01 2.998794082311648235e-02 2.998794082311648582e-02 1.929713893845215467e-02 -1.681979894752668736e-01 4.802164548599206079e-02
-1.500000000000000000e+00 -1.500000000000000000e+00 -1.500000000000000000e+00 8.729991579786798184e+00 8.729991579786798184e+00 8.763428531875639749e+00 -7.502310814542789696e-01 -7.502310814542789696e-01 -7.502310814542789696e-01 3.520925477896209854e-02 3.520925477896207079e-02 2.204411650573667378e-02 -4.315947589955371200e-02 5.676758960083937849e-02
-1.250000000000000000e+00 -1.250000000000000000e+00 -1.250000000000000000e+00 1.290518121664486806e+01 1.290518121664487161e+01 1.292120709858675909e+01 -6.251925678785656970e-01 -6.251925678785656970e-01 -6.251925678785656970e-01 4.191757312996469143e-02 4.191757312996467755e-02 2.543963664721510254e-02 8.187903767615956063e-02 6.696647469620448101e-02
-1.000000000000000000e+00 -1.000000000000000000e+00 -1.000000000000000000e+00 1.986239751492029271e+01 1.986239751492030337e+01 1.982262898052037059e+01 -5.001540543028526464e-01 -5.001540543028526464e-01 -5.001540543028526464e-01 5.077001277162778575e-02 5.077001277162782045e-02 2.983411235194967370e-02 2.069175512518726112e-01 7.789924623752843280e-02
-7.500000000000000000e-01 -7.500000000000000000e-01 -7.500000000000000000e-01 3.355228763714838180e+01 3.355228763714838180e+01 3.345289337518391903e+01 -3.751155407271394848e-01 -3.751155407271394848e-01 -3.751155407271394848e-01 6.235485500255539409e-02 6.235485500255542879e-02 3.595220216843811323e-02 3.319560648275857728e-01 8.733557090410065671e-02
-5.000000000000000000e-01 -5.000000000000000000e-01 -5.000000000000000000e-01 6.044626635632372569e+01 6.044626635632374700e+01 6.021775840946505554e+01 -2.500770271514263232e-01 -2.500770271514263232e-01 -2.500770271514263232e-01 7.598666027491829400e-02 7.598666027491830788e-02 4.502267525316518137e-02 4.569945784032989344e-01 9.130863920008690238e-02
-2.500000000000000000e-01 -2.500000000000000000e-01 -2.500000000000000000e-01 1.427224963496437624e+02 1.427224963496436771e+02 1.424275667148608591e+02 -1.250385135757131616e-01 -1.250385135757131616e-01 -1.250385135757131616e-01 8.808833867128543216e-02 8.808833867128543216e-02 5.802259958410593138e-02 5.820330919790120960e-01 8.638579758784388496e-02
0.000000000000000000e+00 0.000000000000000000e+00 0.000000000000000000e+00 3.660923992208816458e+02 3.660923992208819868e+02 3.656382442487099524e+02 0.000000000000000000e+00 0.000000000000000000e+00 0.000000000000000000e+00 9.308467627335254013e-02 9.308467627335255401e-02 7.349735903638995871e-02 7.070716055547252576e-01 7.349735903638995871e-02
2.500000000000000000e-01 2.500000000000000000e-01 2.500000000000000000e-01 1.427224963496438193e+02 1.427224963496437340e+02 1.424275667148609728e+02 1.250385135757131616e-01 1.250385135757131616e-01 1.250385135757131616e-01 8.808833867128540440e-02 8.808833867128539052e-02 8.638579758784388496e-02 8.321101191304384193e-01 5.802259958410593138e-02
5.000000000000000000e-01 5.000000000000000000e-01 5.000000000000000000e-01 6.044626635632386069e+01 6.044626635632386780e+01 6.021775840946518343e+01 2.500770271514263232e-01 2.500770271514263232e-01 2.500770271514263232e-01 7.598666027491823849e-02 7.598666027491826624e-02 9.130863920008690238e-02 9.571486327061515809e-01 4.502267525316518137e-02
7.500000000000000000e-01 7.500000000000000000e-01 7.500000000000000000e-01 3.355228763714838180e+01 3.355228763714838180e+01 3.345289337518391903e+01 3.751155407271394848e-01 3.751155407271394848e-01 3.751155407271394848e-01 6.235485500255538716e-02 6.235485500255542185e-02 8.733557090410065671e-02 1.082187146281864631e+00 3.595220216843811323e-02
1.000000000000000000e+00 1.000000000000000000e+00 1.000000000000000000e+00 1.986239751492036021e+01 1.986239751492037087e+01 1.982262898052042033e+01 5.001540543028526464e-01 5.001540543028526464e-01 5.001540543028526464e-01 5.077001277162773024e-02 5.077001277162775106e-02 7.789924623752843280e-02 1.207225659857577904e+00 2.983411235194967370e-02
1.250000000000000000e+00 1.250000000000000000e+00 1.250000000000000000e+00 1.290518121664490536e+01 1.290518121664491424e+01 1.292120709858680527e+01 6.251925678785656970e-01 6.251925678785656970e-01 6.251925678785656970e-01 4.191757312996462204e-02 4.191757312996459428e-02 6.696647469620448101e-02 1.332264173433290955e+00 2.543963664721510254e-02
1.500000000000000000e+00 1.500000000000000000e+00 1.500000000000000000e+00 8.729991579786798184e+00 8.729991579786798184e+00 8.763428531875639749e+00 7.502310814542789696e-01 7.502310814542789696e-01 7.502310814542789696e-01 3.520925477896208466e-02 3.520925477896206385e-02 5.676758960083937849e-02 1.457302687009004227e+00 2.204411650573667378e-02
1.750000000000000000e+00 1.750000000000000000e+00 1.750000000000000000e+00 6.237692087780199124e+00 6.237692087780196459e+00 6.284835962219913696e+00 8.752695950299921313e-01 8.752695950299921313e-01 8.752695950299921313e-01 2.998794082311653786e-02 2.998794082311654827e-02 4.802164548599206079e-02 1.582341200584717278e+00 1.929713893845215467e-02
2.000000000000000000e+00 2.000000000000000000e+00 2.000000000000000000e+00 4.585303481467431830e+00 4.585303481467433606e+00 4.628420672939218328e+00 1.000308108605705293e+00 1.000308108605705293e+00 1.000308108605705293e+00 2.581408654767110636e-02 2.581408654767111330e-02 4.075619446831285630e-02 1.707379714160430551e+00 1.701835678908561467e-02
2.250000000000000000e+00 2.250000000000000000e+00 2.250000000000000000e+00 3.496801235438676159e+00 3.496801235438674826e+00 3.536683029717091920e+00 1.125346622181418343e+00 1.125346622181418343e+00 1.125346622181418343e+00 2.241290436215295084e-02 2.241290436215296125e-02 3.478244735943266525e-02 1.832418227736143601e+00 1.509940403929773030e-02
2.500000000000000000e+00 2.500000000000000000e+00 2.500000000000000000e+00 2.721803440968046495e+00 2.721803440968046495e+00 2.751209826377136736e+00 1.250385135757131394e+00 1.250385135757131394e+00 1.250385135757131394e+00 1.960291328594120433e-02 1.960291328594121474e-02 2.987570282444442296e-02 1.957456741311856652e+00 1.346676523426854240e-02
2.750000000000000000e+00 2.750000000000000000e+00 2.750000000000000000e+00 2.174360152185056627e+00 2.174360152185055739e+00 2.196122403625917041e+00 1.375423649332844667e+00 1.375423649332844667e+00 1.375423649332844667e+00 1.725648294235870850e-02 1.725648294235871891e-02 2.583205744545673255e-02 2.082495254887569924e+00 1.206675342324338429e-02
3.000000000000000000e+00 3.000000000000000000e+00 3.000000000000000000e+00 1.763137702016170927e+00 1.763137702016171593e+00 1.774656500424136807e+00 1.500462162908557939e+00 1.500462162908557939e+00 1.500462162908557939e+00 1.527976074464694120e-02 1.527976074464694467e-02 2.248188902224770164e-02 2.207533768463282975e+00 1.085842929050991751e-02
3.250000000000000000e+00 3.250000000000000000e+00 3.250000000000000000e+00 1.457135359879372816e+00 1.457135359879372372e+00 1.461528772215087812e+00 1.625500676484270990e+00 1.625500676484270990e+00 1.625500676484270990e+00 1.360169045252843621e-02 1.360169045252843101e-02 1.968887508849533063e-02 2.332572282038996470e+00 9.809660262430347846e-03
3.500000000000000000e+00 3.500000000000000000e+00 3.500000000000000000e+00 1.217659482610383259e+00 1.217659482610382815e+00 1.214171327150996182e+00 1.750539190059984263e+00 1.750539190059984263e+00 1.750539190059984263e+00 1.216733931020633035e-02 1.216733931020633208e-02 1.734499977168340451e-02 2.457610795614709520e+00 8.894766376090219862e-03
3.750000000000000000e+00 3.750000000000000000e+00 3.750000000000000000e+00 1.032231661325468286e+00 1.032231661325468952e+00 1.023551050925214367e+00 1.875577703635697313e+00 1.875577703635697313e+00 1.875577703635697313e+00 1.093361079086757962e-02 1.093361079086757094e-02 1.536501507111446424e-02 2.582649309190422571e+00 8.092927123375731266e-03
4.000000000000000000e+00 4.000000000000000000e+00 4.000000000000000000e+00 8.824398879379173888e-01 8.824398879379176108e-01 8.684483721073853468e-01 2.000616217211410586e+00 2.000616217211410586e+00 2.000616217211410586e+00 9.866276398887981885e-03 9.866276398887973212e-03 1.368161452895235060e-02 2.707687822766136065e+00 7.387111586710702615e-03
4.250000000000000000e+00 4.250000000000000000e+00 4.250000000000000000e+00 7.628175120477665994e-01 7.628175120477662663e-01 7.456112652120562290e-01 2.125654730787123636e+00 2.125654730787123636e+00 2.125654730787123636e+00 8.937902082793729511e-03 8.937902082793719102e-03 1.224145792098949199e-02 2.832726336341848672e+00 6.763262830813672119e-03
4.500000000000000000e+00 4.500000000000000000e+00 4.500000000000000000e+00 6.637526908001201154e-01 6.637526908001200043e-01 6.433759259889717530e-01 2.250693244362836687e+00 2.250693244362836687e+00 2.250693244362836687e+00 8.126302931281434092e-03 8.126302931281416744e-03 1.100208485273155082e-02 2.957764849917562167e+00 6.209719010272635002e-03
4.750000000000000000e+00 4.750000000000000000e+00 4.750000000000000000e+00 5.826881351762380756e-01 5.826881351762382977e-01 5.606968760510316896e-01 2.375731757938550182e+00 2.375731757938550182e+00 2.375731757938550182e+00 7.413419348358138428e-03 7.413419348358115876e-03 9.929489653164829191e-03 3.082803363493275661e+00 5.716737470730955464e-03
5.000000000000000000e+00 5.000000000000000000e+00 5.000000000000000000e+00 5.142159113581541430e-01 5.142159113581546981e-01 4.906515979176094278e-01 2.500770271514262788e+00 2.500770271514262788e+00 2.500770271514262788e+00 6.784440103601304707e-03 6.784440103601296033e-03 8.996288127834472029e-03 3.207841877068988268e+00 5.276150913125733297e-03
5.250000000000000000e+00 5.250000000000000000e+00 5.250000000000000000e+00 4.570785101018490781e-01 4.570785101018493002e-01 4.330682591496861078e-01 2.625808785089976283e+00 2.625808785089976283e+00 2.625808785089976283e+00 6.227153344276076426e-03 6.227153344276071222e-03 8.180280041543849801e-03 3.332880390644701762e+00 4.881069478162692633e-03
5.500000000000000000e+00 5.500000000000000000e+00 5.500000000000000000e+00 4.080418188596555695e-01 4.080418188596555695e-01 3.835808280903550971e-01 2.750847298665689333e+00 2.750847298665689333e+00 2.750847298665689333e+00 5.731422360970135632e-03 5.731422360970129561e-03 7.463369277091310913e-03 3.457918904220414369e+00 4.525666397931686971e-03
5.750000000000000000e+00 5.750000000000000000e+00 5.750000000000000000e+00 3.664648330759563422e-01 3.664648330759567307e-01 3.423599200740266579e-01 2.875885812241402384e+00 2.875885812241402384e+00 2.875885812241402384e+00 5.288795729898442682e-03 5.288795729898432274e-03 6.830705739824347034e-03 3.582957417796127864e+00 4.204983792634464819e-03
6.000000000000000000e+00 6.000000000000000000e+00 6.000000000000000000e+00 3.303140876547435711e-01 3.303140876547437377e-01 3.065139607081225903e-01 3.000924325817115879e+00 3.000924325817115879e+00 3.000924325817115879e+00 4.892182302316751621e-03 4.892182302316736009e-03 6.270041777641552350e-03 3.707995931371841358e+00 3.914795439187947722e-03
6.250000000000000000e+00 6.250000000000000000e+00 6.250000000000000000e+00 2.992554223777627587e-01 2.992554223777627032e-01 2.763346633800766727e-01 3.125962839392828929e+00 3.125962839392828929e+00 3.125962839392828929e+00 4.535610358736062372e-03 4.535610358736045893e-03 5.771209978079734626e-03 3.833034444947553965e+00 3.651476643788010169e-03
6.500000000000000000e+00 6.500000000000000000e+00 6.500000000000000000e+00 2.719561543038597207e-01 2.719561543038598317e-01 2.498288666605616992e-01 3.251001352968541980e+00 3.251001352968541980e+00 3.251001352968541980e+00 4.214020111262472071e-03 4.214020111262463397e-03 5.325732472304721930e-03 3.958072958523267459e+00 3.411914925121633212e-03
6.750000000000000000e+00 6.750000000000000000e+00 6.750000000000000000e+00 2.482407521818057461e-01 2.482407521818056073e-01 2.273154068493688784e-01 3.376039866544255474e+00 3.376039866544255474e+00 3.376039866544255474e+00 3.923111596000156305e-03 3.923111596000147631e-03 4.926495533315129391e-03 4.083111472098980954e+00 3.193420852830235451e-03
7.000000000000000000e+00 7.000000000000000000e+00 7.000000000000000000e+00 2.272050444579257478e-01 2.272050444579258310e-01 2.073739312406472635e-01 3.501078380119968525e+00 3.501078380119968525e+00 3.501078380119968525e+00 3.659208720823062429e-03 3.659208720823056791e-03 4.567507613738642537e-03 4.208149985674693561e+00 2.993669257289262829e-03
7.250000000000000000e+00 7.250000000000000000e+00 7.250000000000000000e+00 2.087578811098110554e-01 2.087578811098110831e-01 1.903112471519173010e-01 3.626116893695682020e+00 3.626116893695682020e+00 3.626116893695682020e+00 3.419161421659411802e-03 3.419161421659416573e-03 4.243691468133241329e-03 4.333188499250407055e+00 2.810636879334058730e-03
7.500000000000000000e+00 7.500000000000000000e+00 7.500000000000000000e+00 1.922676685700245858e-01 1.922676685700246968e-01 1.750863342099249209e-01 3.751155407271394626e+00 3.751155407271394626e+00 3.751155407271394626e+00 3.200254418995217027e-03 3.200254418995226134e-03 3.950731377567700923e-03 4.458227012826119662e+00 2.642563366986250533e-03
7.750000000000000000e+00 7.750000000000000000e+00 7.750000000000000000e+00 1.776890156331947801e-01 1.776890156331946413e-01 1.619791047010640805e-01 3.876193920847107677e+00 3.876193920847107677e+00 3.876193920847107677e+00 3.000143297054308923e-03 3.000143297054317162e-03 3.684937017823855781e-03 4.583265526401833156e+00 2.487906808266972247e-03
8.000000000000000000e+00 8.000000000000000000e+00 8.000000000000000000e+00 1.645696655434363553e-01 1.645696655434362998e-01 1.502079628395986410e-01 4.001232434422821171e+00 4.001232434422821171e+00 4.001232434422821171e+00 2.816791852665738276e-03 2.816791852665739143e-03 3.443145276334810389e-03 4.708304039977546651e+00 2.345317729342668266e-03
8.250000000000000000e+00 8.250000000000000000e+00 8.250000000000000000e+00 1.528892707306765686e-01 1.528892707306765686e-01 1.400219020836936112e-01 4.126270947998534666e+00 4.126270947998534666e+00 4.126270947998534666e+00 2.648429795543241413e-03 2.648429795543243148e-03 3.222628926015660804e-03 4.833342553553260146e+00 2.213606762329612537e-03
8.500000000000000000e+00 8.500000000000000000e+00 8.500000000000000000e+00 1.423170399921868945e-01 1.423170399921869500e-01 1.308217250815381372e-01 4.251309461574247273e+00 4.251309461574247273e+00 4.251309461574247273e+00 2.493508778075467086e-03 2.493508778075465785e-03 3.021032541446518581e-03 4.958381067128972752e+00 2.091727286364121474e-03
8.750000000000000000e+00 8.750000000000000000e+00 8.750000000000000000e+00 1.328462892216820401e-01 1.328462892216821234e-01 1.228262116902176515e-01 4.376347975149959879e+00 4.376347975149959879e+00 4.376347975149959879e+00 2.350674117186633306e-03 2.350674117186631572e-03 2.836309786976303534e-03 5.083419580704685359e+00 1.978751467117683890e-03
9.000000000000000000e+00 9.000000000000000000e+00 9.000000000000000000e+00 1.242305918500296452e-01 1.242305918500296175e-01 1.155675308884836633e-01 4.501386488725673374e+00 4.501386488725673374e+00 4.501386488725673374e+00 2.218733278083142527e-03 2.218733278083142527e-03 2.666681042702621993e-03 5.208458094280398853e+00 1.873858702543078130e-03
9.250000000000000000e+00 9.250000000000000000e+00 9.250000000000000000e+00 1.164705656277913587e-01 1.164705656277913032e-01 1.092368514011801406e-01 4.626425002301386868e+00 4.626425002301386868e+00 4.626425002301386868e+00 2.096636832544630270e-03 2.096636832544635041e-03 2.510589365299620984e-03 5.333496607856112348e+00 1.776317532383984901e-03
9.500000000000000000e+00 9.500000000000000000e+00 9.500000000000000000e+00 1.093796804168069847e-01 1.093796804168069847e-01 1.034629767821902691e-01 4.751463515877100363e+00 4.751463515877100363e+00 4.751463515877100363e+00 1.983455406295552611e-03 1.983455406295555647e-03 2.366672181933764281e-03 5.458535121431825843e+00 1.685478017307934619e-03
9.750000000000000000e+00 9.750000000000000000e+00 9.750000000000000000e+00 1.029622623667648951e-01 1.029622623667649645e-01 9.841265119536087014e-02 4.876502029452812970e+00 4.876502029452812970e+00 4.876502029452812970e+00 1.878366807419227418e-03 1.878366807419226550e-03 2.233729690565612776e-03 5.583573635007538449e+00 1.600757830825616382e-03
1.000000000000000000e+01 1.000000000000000000e+01 1.000000000000000000e+01 9.707513412190797719e-02 9.707513412190804658e-02 9.378710960184254153e-02 5.001540543028525576e+00 5.001540543028525576e+00 5.001540543028525576e+00 1.780638832225598734e-03 1.780638832225595915e-03 2.110705817159400088e-03 5.708612148583251056e+00 1.521637323723778849e-03
1.025000000000000000e+01 1.025000000000000000e+01 1.025000000000000000e+01 9.172429572746418347e-02 9.172429572746416959e-02 8.973184840879315505e-02 5.126579056604239071e+00 5.126579056604239071e+00 5.126579056604239071e+00 1.689620566814790817e-03 1.689620566814786047e-03 1.996665067902843836e-03 5.833650662158964550e+00 1.447648643590554712e-03
1.050000000000000000e+01 1.050000000000000000e+01 1.050000000000000000e+01 8.679848793216740632e-02 8.679848793216737857e-02 8.600331095331553710e-02 5.251617570179952565e+00 5.251617570179952565e+00 5.251617570179952565e+00 1.604729320370832995e-03 1.604729320370824538e-03 1.890779674061283770e-03 5.958689175734678045e+00 1.378372643040880630e-03
1.075000000000000000e+01 1.075000000000000000e+01 1.075000000000000000e+01 8.230424230947952502e-02 8.230424230947948339e-02 8.272866370287276783e-02 5.376656083755666060e+00 5.376656083755666060e+00 5.376656083755666060e+00 1.525444779672684636e-03 1.525444779672674661e-03 1.792312295882065708e-03 6.083727689310391540e+00 1.313430225432486243e-03
1.100000000000000000e+01 1.100000000000000000e+01 1.100000000000000000e+01 7.815415791447320737e-02 7.815415791447324900e-02 7.970707135109984798e-02 5.501694597331378667e+00 5.501694597331378667e+00 5.501694597331378667e+00 1.451298900074819752e-03 1.451298900074809778e-03 1.700607353015902998e-03 6.208766202886104146e+00 1.252480523731928095e-03
1.125000000000000000e+01 1.125000000000000000e+01 1.125000000000000000e+01 7.435467168543394290e-02 7.435467168543390126e-02 7.704994466790630880e-02 5.626733110907092161e+00 5.626733110907092161e+00 5.626733110907092161e+00 1.381872028012980091e-03 1.381872028012970550e-03 1.615077853462581776e-03 6.333804716461817641e+00 1.195213908522118089e-03
1.150000000000000000e+01 1.150000000000000000e+01 1.150000000000000000e+01 7.083645957497980428e-02 7.083645957497981815e-02 7.458996331777853483e-02 5.751771624482804768e+00 5.751771624482804768e+00 5.751771624482804768e+00 1.316784946503217046e-03 1.316784946503207288e-03 1.535199586008028239e-03 6.458843230037530248e+00 1.141351043466870595e-03
1.175000000000000000e+01 1.175000000000000000e+01 1.175000000000000000e+01 6.760553805081528922e-02 6.760553805081528922e-02 7.242500512802173274e-02 5.876810138058518262e+00 5.876810138058518262e+00 5.876810138058518262e+00 1.255696364847695397e-03 1.255696364847682820e-03 1.460500907774222971e-03 6.583881743613243742e+00 1.090637153435243230e-03
1.200000000000000000e+01 1.200000000000000000e+01 1.200000000000000000e+01 6.460644704356587054e-02 6.460644704356585666e-02 7.041437362551183909e-02 6.001848651634231757e+00 6.001848651634231757e+00 6.001848651634231757e+00 1.198296558704681431e-03 1.198296558704666686e-03 1.390558911165844019e-03 6.708920257188957237e+00 1.042841683353087088e-03
1.225000000000000000e+01 1.225000000000000000e+01 1.225000000000000000e+01 6.184463123071955865e-02 6.184463123071956558e-02 6.864431044704374929e-02 6.126887165209944364e+00 6.126887165209944364e+00 6.126887165209944364e+00 1.144305814342676383e-03 1.144305814342662722e-03 1.324991369082627714e-03 6.833958770764669843e+00 9.977535358005754432e-04
1.250000000000000000e+01 1.250000000000000000e+01 1.250000000000000000e+01 5.927538058811605837e-02 5.927538058811605837e-02 6.699551369095876896e-02 6.251925678785657858e+00 6.251925678785657858e+00 6.251925678785657858e+00 1.093469267172999127e-03 1.093469267172991321e-03 1.263454273481159603e-03 6.958997284340383338e+00 9.551811423850848845e-04
1.275000000000000000e+01 1.275000000000000000e+01 1.275000000000000000e+01 5.690351705706631763e-02 5.690351705706635232e-02 6.554419725886966031e-02 6.376964192361371353e+00 6.376964192361371353e+00 6.376964192361371353e+00 1.045556014116806034e-03 1.045556014116802131e-03 1.205635379698936612e-03 7.084035797916096833e+00 9.149484580540110171e-04
1.300000000000000000e+01 1.300000000000000000e+01 1.300000000000000000e+01 5.469274915667338144e-02 5.469274915667338144e-02 6.418843579587311943e-02 6.502002705937083959e+00 6.502002705937083959e+00 6.502002705937083959e+00 1.000354866462212699e-03 1.000354866462210097e-03 1.151252702210576974e-03 7.209074311491809439e+00 8.768953107831261619e-04
1.325000000000000000e+01 1.325000000000000000e+01 1.325000000000000000e+01 5.264728151443157089e-02 5.264728151443157089e-02 6.299577544797574369e-02 6.627041219512798342e+00 6.627041219512798342e+00 6.627041219512798342e+00 9.576739296235029907e-04 9.576739296234990876e-04 1.100049262773956102e-03 7.334112825067523822e+00 8.408739949058610490e-04
1.350000000000000000e+01 1.350000000000000000e+01 1.350000000000000000e+01 5.073747491545232968e-02 5.073747491545235744e-02 6.187854474730532239e-02 6.752079733088510949e+00 6.752079733088510949e+00 6.752079733088510949e+00 9.173370637684374190e-04 9.173370637684298296e-04 1.051792255460851869e-03 7.459151338643236429e+00 8.067498042480399610e-04
1.375000000000000000e+01 1.375000000000000000e+01 1.375000000000000000e+01 4.896695227849613002e-02 4.896695227849613696e-02 6.089677098088401574e-02 6.877118246664223555e+00 6.877118246664223555e+00 6.877118246664223555e+00 8.791837891237693284e-04 8.791837891237591369e-04 1.006268714922374822e-03 7.584189852218949035e+00 7.743981061646172800e-04
1.400000000000000000e+01 1.400000000000000000e+01 1.400000000000000000e+01 4.731137416356589326e-02 4.731137416356592795e-02 5.997458435789269210e-02 7.002156760239937050e+00 7.002156760239937050e+00 7.002156760239937050e+00 8.430663022881500863e-04 8.430663022881424969e-04 9.632851487417577654e-04 7.709228365794662530e+00 7.437049907899730486e-04
1.425000000000000000e+01 1.425000000000000000e+01 1.425000000000000000e+01 4.577383203480707430e-02 4.577383203480705348e-02 5.916546431820245144e-02 7.127195273815649657e+00 7.127195273815649657e+00 7.127195273815649657e+00 8.088496061038184413e-04 8.088496061038173571e-04 9.226639194585552987e-04 7.834266879370375136e+00 7.145647359832168598e-04
1.450000000000000000e+01 1.450000000000000000e+01 1.450000000000000000e+01 4.433424038056462541e-02 4.433424038056463234e-02 5.840339858231338027e-02 7.252233787391364039e+00 7.252233787391364039e+00 7.252233787391364039e+00 7.764089682983525481e-04 7.764089682983584028e-04 8.842432013874339074e-04 7.959305392946089519e+00 6.868805247898408795e-04
1.475000000000000000e+01 1.475000000000000000e+01 1.475000000000000000e+01 4.299521499755562526e-02 4.299521499755563220e-02 5.773614046032592151e-02 7.377272300967076646e+00 7.377272300967076646e+00 7.377272300967076646e+00 7.456302035846537482e-04 7.456302035846644818e-04 8.478739243634004575e-04 8.084343906521802126e+00 6.605622323699108112e-04
1.500000000000000000e+01 1.500000000000000000e+01 1.500000000000000000e+01 4.174010827248007816e-02 4.174010827248007816e-02 5.710598026333123245e-02 7.502310814542789252e+00 7.502310814542789252e+00 7.502310814542789252e+00 7.164074891459672884e-04 7.164074891459814914e-04 8.134199532274938044e-04 8.209382420097513844e+00 6.355271775662588857e-04
1.525000000000000000e+01 1.525000000000000000e+01 1.525000000000000000e+01 4.057111642332843909e-02 4.057111642332845297e-02 5.655564178869214309e-02 7.627349328118502747e+00 7.627349328118502747e+00 7.627349328118502747e+00 6.886437468808051000e-04 6.886437468808203873e-04 7.807554798988790463e-04 8.334420933673227339e+00 6.116981783430879482e-04
1.550000000000000000e+01 1.550000000000000000e+01 1.550000000000000000e+01 3.947438774391635180e-02 3.947438774391635874e-02 5.603446431460600008e-02 7.752387841694215354e+00 7.752387841694215354e+00 7.752387841694215354e+00 6.622487505396393824e-04 6.622487505396525012e-04 7.497653525287829683e-04 8.459459447248940833e+00 5.890043132213266565e-04
1.575000000000000000e+01 1.575000000000000000e+01 1.575000000000000000e+01 3.845175238490495390e-02 3.845175238490496084e-02 5.558073390703940214e-02 7.877426355269929736e+00 7.877426355269929736e+00 7.877426355269929736e+00 6.371395704710495220e-04 6.371395704710627493e-04 7.203428303309548269e-04 8.584497960824654328e+00 5.673792033248890605e-04
1.600000000000000000e+01 1.600000000000000000e+01 1.600000000000000000e+01 3.749164563354740604e-02 3.749164563354740604e-02 5.514982065160409924e-02 8.002464868845642343e+00 8.002464868845642343e+00 8.002464868845642343e+00 6.132389221640584384e-04 6.132389221640714488e-04 6.923900097883917528e-04 8.709536474400367823e+00 5.467617665385238364e-04
1.625000000000000000e+01 1.625000000000000000e+01 1.625000000000000000e+01 3.659558104744293355e-02 3.659558104744293355e-02 5.477607670233442666e-02 8.127503382421354061e+00 8.127503382421354061e+00 8.127503382421354061e+00 5.904756462235009537e-04 5.904756462235174336e-04 6.658158769467458458e-04 8.834574987976079541e+00 5.270946930190752644e-04
1.650000000000000000e+01 1.650000000000000000e+01 1.650000000000000000e+01 3.575387467059797791e-02 3.575387467059796404e-02 5.442007046848171270e-02 8.252541895997069332e+00 8.252541895997069332e+00 8.252541895997069332e+00 5.687832592021031461e-04 5.687832592021249386e-04 6.405367925984599897e-04 8.959613501551794812e+00 5.083251800642503036e-04
1.675000000000000000e+01 1.675000000000000000e+01 1.675000000000000000e+01 3.496776829134836534e-02 3.496776829134836534e-02 5.411265005607801548e-02 8.377580409572781051e+00 8.377580409572781051e+00 8.377580409572781051e+00 5.481004490345664070e-04 5.481004490345915605e-04 6.164747916838917222e-04 9.084652015127506530e+00 4.904035746578829522e-04
1.700000000000000000e+01 1.700000000000000000e+01 1.700000000000000000e+01 3.422913236565653522e-02 3.422913236565654216e-02 5.381889737721524958e-02 8.502618923148494545e+00 8.502618923148494545e+00 8.502618923148494545e+00 5.283697974244948130e-04 5.283697974245196412e-04 5.935580998245492323e-04 9.209690528703220025e+00 4.732840807780047047e-04
1.725000000000000000e+01 1.725000000000000000e+01 1.725000000000000000e+01 3.353897696699011804e-02 3.353897696699011804e-02 5.356652400892934762e-02 8.627657436724208040e+00 8.627657436724208040e+00 8.627657436724208040e+00 5.095382764276447981e-04 5.095382764276687590e-04 5.717196406084185719e-04 9.334729042278933520e+00 4.569235477553510892e-04
1.750000000000000000e+01 1.750000000000000000e+01 1.750000000000000000e+01 3.289046327703157996e-02 3.289046327703158690e-02 5.332455892875318654e-02 8.752695950299919758e+00 8.752695950299919758e+00 8.752695950299919758e+00 4.915561180421197879e-04 4.915561180421407130e-04 5.508975633971806415e-04 9.459767555854645238e+00 4.412821445041063611e-04
1.775000000000000000e+01 1.775000000000000000e+01 1.775000000000000000e+01 3.228440509838770289e-02 3.228440509838772371e-02 5.311789198144823559e-02 8.877734463875635029e+00 8.877734463875635029e+00 8.877734463875635029e+00 4.743773016346825651e-04 4.743773016346987197e-04 5.310339276597758010e-04 9.584806069430360509e+00 4.263222765829715612e-04
1.800000000000000000e+01 1.800000000000000000e+01 1.800000000000000000e+01 3.171504016629449890e-02 3.171504016629449196e-02 5.291902841887238113e-02 9.002772977451346748e+00 9.002772977451346748e+00 9.002772977451346748e+00 4.579585513044903493e-04 4.579585513045022213e-04 5.120752274685435321e-04 9.709844583006072227e+00 4.120092238994785120e-04
1.825000000000000000e+01 1.825000000000000000e+01 1.825000000000000000e+01 3.118301715060250653e-02 3.118301715060250306e-02 5.275030640726780656e-02 9.127811491027060242e+00 9.127811491027060242e+00 9.127811491027060242e+00 4.422598068062997970e-04 4.422598068063096090e-04 4.939712284356881757e-04 9.834883096581785722e+00 3.983101726765955427e-04
1.850000000000000000e+01 1.850000000000000000e+01 1.850000000000000000e+01 3.068347557794835409e-02 3.068347557794835062e-02 5.258731453863866451e-02 9.252850004602773737e+00 9.252850004602773737e+00 9.252850004602773737e+00 4.272433331070582150e-04 4.272433331070649371e-04 4.766754783234407235e-04 9.959921610157499217e+00 3.851948147938865480e-04
1.875000000000000000e+01 1.875000000000000000e+01 1.875000000000000000e+01 3.021692618730589808e-02 3.021692618730589808e-02 5.245007123413906319e-02 9.377888518178485455e+00 9.377888518178485455e+00 9.377888518178485455e+00 4.128741696758646447e-04 4.128741696758680599e-04 4.601442770626939182e-04 1.008496012373321093e+01 3.726344836238359081e-04
1.900000000000000000e+01 1.900000000000000000e+01 1.900000000000000000e+01 2.977926712200622272e-02 2.977926712200622966e-02 5.231691933492346736e-02 9.502927031754200726e+00 9.502927031754200726e+00 9.502927031754200726e+00 3.991193397184267006e-04 3.991193397184248032e-04 4.443371658427119029e-04 1.020999863730892621e+01 3.606027145255392280e-04
1.925000000000000000e+01 1.925000000000000000e+01 1.925000000000000000e+01 2.937089484290804353e-02 2.937089484290804006e-02 5.220575683276827694e-02 9.627965545329912445e+00 9.627965545329912445e+00 9.627965545329912445e+00 3.859482744011663385e-04 3.859482744011577190e-04 4.292160145365562086e-04 1.033503715088463792e+01 3.490744759421657230e-04
1.950000000000000000e+01 1.950000000000000000e+01 1.950000000000000000e+01 2.898834842707984777e-02 2.898834842707984777e-02 5.209740446243427830e-02 9.753004058905625939e+00 9.753004058905625939e+00 9.753004058905625939e+00 3.733321117549883296e-04 3.733321117549767286e-04 4.147454838002325697e-04 1.046007566446035142e+01 3.380266918492895608e-04
1.975000000000000000e+01 1.975000000000000000e+01 1.975000000000000000e+01 2.863193053790138998e-02 2.863193053790138651e-02 5.200781106087340455e-02 9.878042572481339434e+00 9.878042572481339434e+00 9.878042572481339434e+00 3.612440937589221613e-04 3.612440937589119156e-04 4.008922172756078481e-04 1.058511417803606491e+01 3.274375618260154819e-04
2.000000000000000000e+01 2.000000000000000000e+01 2.000000000000000000e+01 2.829872421728577350e-02 2.829872421728575616e-02 5.192004278421961938e-02 1.000308108605705115e+01 1.000308108605705115e+01 1.000308108605705115e+01 3.496589470388455434e-04 3.496589470388384419e-04 3.876252728299949273e-04 1.071015269161177663e+01 3.172870477150372976e-04
2.025000000000000000e+01 2.025000000000000000e+01 2.025000000000000000e+01 2.798895599148222557e-02 2.798895599148224639e-02 5.184824635710177237e-02 1.012811959963276642e+01 1.012811959963276642e+01 1.012811959963276642e+01 3.385532519139465807e-04 3.385532519139407260e-04 3.749154093660363196e-04 1.083519120518749190e+01 3.075562788852324067e-04
2.050000000000000000e+01 2.050000000000000000e+01 2.050000000000000000e+01 2.770017284890399084e-02 2.770017284890398737e-02 5.177753768115816307e-02 1.025315811320847814e+01 1.025315811320847814e+01 1.025315811320847814e+01 3.279048989564482992e-04 3.279048989564422277e-04 3.627354845253811231e-04 1.096022971876320362e+01 2.982280073214065475e-04
2.075000000000000000e+01 2.075000000000000000e+01 2.075000000000000000e+01 2.743254033802399253e-02 2.743254033802400987e-02 5.172038735006930649e-02 1.037819662678419164e+01 1.037819662678419164e+01 1.037819662678419164e+01 3.176934302723533597e-04 3.176934302723448487e-04 3.510598279694993593e-04 1.108526823233891712e+01 2.892860974188346448e-04
2.100000000000000000e+01 2.100000000000000000e+01 2.100000000000000000e+01 2.718400334914351790e-02 2.718400334914351443e-02 5.166379643743740369e-02 1.050323514035990513e+01 1.050323514035990513e+01 1.050323514035990513e+01 3.078995679410710044e-04 3.078995679410578856e-04 3.398646037726425566e-04 1.121030674591463061e+01 2.807159567282863414e-04
2.125000000000000000e+01 2.125000000000000000e+01 2.125000000000000000e+01 2.695467939527399978e-02 2.695467939527401019e-02 5.161866696431022944e-02 1.062827365393561863e+01 1.062827365393561863e+01 1.062827365393561863e+01 2.985055291875524097e-04 2.985055291875372851e-04 3.291272637784619856e-04 1.133534525949034411e+01 2.725041140569239720e-04
2.150000000000000000e+01 2.150000000000000000e+01 2.150000000000000000e+01 2.674285683620668264e-02 2.674285683620669651e-02 5.157374711949080925e-02 1.075331216751133212e+01 1.075331216751133212e+01 1.075331216751133212e+01 2.894946249843867838e-04 2.894946249843751828e-04 3.188268736032969343e-04 1.146038377306605760e+01 2.646386380268929113e-04
2.175000000000000000e+01 2.175000000000000000e+01 2.175000000000000000e+01 2.654861612325000453e-02 2.654861612325000453e-02 5.153846167736526179e-02 1.087835068108704384e+01 1.087835068108704384e+01 1.087835068108704384e+01 2.808515527549335523e-04 2.808515527549271555e-04 3.089436412223072934e-04 1.158542228664176932e+01 2.571088140705553565e-04
2.200000000000000000e+01 2.200000000000000000e+01 2.200000000000000000e+01 2.637054438941223433e-02 2.637054438941223780e-02 5.150319070660203807e-02 1.100338919466275733e+01 1.100338919466275733e+01 1.100338919466275733e+01 2.725620665369336880e-04 2.725620665369315738e-04 2.994592060416413431e-04 1.171046080021748281e+01 2.499055710247377214e-04
2.225000000000000000e+01 2.225000000000000000e+01 2.225000000000000000e+01 2.620869424383812443e-02 2.620869424383814525e-02 5.147595864137785582e-02 1.112842770823847083e+01 1.112842770823847083e+01 1.112842770823847083e+01 2.646132542193548997e-04 2.646132542193554960e-04 2.903562392667755781e-04 1.183549931379319631e+01 2.430212778615941423e-04
2.250000000000000000e+01 2.250000000000000000e+01 2.250000000000000000e+01 2.606191514313154281e-02 2.606191514313153240e-02 5.144868204288726571e-02 1.125346622181418432e+01 1.125346622181418432e+01 1.125346622181418432e+01 2.569932858693994523e-04 2.569932858694009702e-04 2.816186958086062887e-04 1.196053782736890980e+01 2.364502098812128336e-04
2.275000000000000000e+01 2.275000000000000000e+01 2.275000000000000000e+01 2.593023950181508677e-02 2.593023950181510065e-02 5.142804898303513644e-02 1.137850473538989782e+01 1.137850473538989782e+01 1.137850473538989782e+01 2.496916892877060873e-04 2.496916892877079847e-04 2.732314840019351831e-04 1.208557634094462330e+01 2.301884968147291258e-04
2.300000000000000000e+01 2.300000000000000000e+01 2.300000000000000000e+01 2.581274971889663955e-02 2.581274971889665343e-02 5.140743459488671813e-02 1.150354324896560954e+01 1.150354324896560954e+01 1.150354324896560954e+01 2.426991941572759247e-04 2.426991941572759247e-04 2.651806789997936792e-04 1.221061485452033502e+01 2.242346640464138255e-04
2.325000000000000000e+01 2.325000000000000000e+01 2.325000000000000000e+01 2.570946424219563292e-02 2.570946424219565374e-02 5.139224285187848906e-02 1.162858176254132303e+01 1.162858176254132303e+01 1.162858176254132303e+01 2.360080405560532879e-04 2.360080405560478398e-04 2.574532445177947276e-04 1.233565336809604851e+01 2.185897614206558186e-04
2.350000000000000000e+01 2.350000000000000000e+01 2.350000000000000000e+01 2.561967517593432067e-02 2.561967517593431026e-02 5.137724511558795087e-02 1.175362027611703652e+01 1.175362027611703652e+01 1.175362027611703652e+01 2.296120339530549636e-04 2.296120339530459105e-04 2.500369629856104997e-04 1.246069188167176200e+01 2.132582823740499748e-04
2.375000000000000000e+01 2.375000000000000000e+01 2.375000000000000000e+01 2.554339193428308355e-02 2.554339193428307661e-02 5.136660278445710076e-02 1.187865878969275002e+01 1.187865878969275002e+01 1.187865878969275002e+01 2.235077655698686347e-04 2.235077655698610723e-04 2.429175687168785684e-04 1.258573039524747550e+01 2.082523585059896766e-04
2.400000000000000000e+01 2.400000000000000000e+01 2.400000000000000000e+01 2.548009851924210034e-02 2.548009851924210728e-02 5.135643520831223441e-02 1.200369730326846351e+01 1.200369730326846351e+01 1.200369730326846351e+01 2.177011295692461419e-04 2.177011295692410733e-04 2.360605716371979310e-04 1.271076890882318899e+01 2.036220256344490004e-04
2.425000000000000000e+01 2.425000000000000000e+01 2.425000000000000000e+01 2.542979904868699487e-02 2.542979904868698793e-02 5.134969275531730409e-02 1.212873581684417523e+01 1.212873581684417523e+01 1.212873581684417523e+01 2.122390838550856885e-04 2.122390838550823275e-04 2.293390280417446068e-04 1.283580742239890071e+01 1.995863090637428562e-04
2.450000000000000000e+01 2.450000000000000000e+01 2.450000000000000000e+01 2.539215650790808965e-02 2.539215650790808965e-02 5.134380750919081277e-02 1.225377433041988873e+01 1.225377433041988873e+01 1.225377433041988873e+01 2.073027699445999402e-04 2.073027699445965791e-04 2.224121810174080783e-04 1.296084593597461421e+01 1.968329785000041152e-04
2.475000000000000000e+01 2.475000000000000000e+01 2.475000000000000000e+01 2.536717233543404545e-02 2.536717233543404545e-02 5.134054094496138393e-02 1.237881284399560222e+01 1.237881284399560222e+01 1.237881284399560222e+01 2.033442035538167295e-04 2.033442035538094925e-04 2.148480223852343863e-04 1.308588444955032770e+01 1.966601979410165550e-04
2.500000000000000000e+01 2.500000000000000000e+01 2.500000000000000000e+01 2.535468009494067088e-02 2.535468009494065700e-02 5.133861480863661370e-02 1.250385135757131572e+01 1.250385135757131572e+01 1.250385135757131572e+01 2.010705901885624614e-04 2.010705901885518091e-04 2.068973422203769226e-04 1.321092296312604120e+01 2.001759804259287026e-04
